0.0050
1.0012	320.0000	0.0000
1.0028	315.0000	0.0000
1.0043	313.0000	0.0000
1.0057	310.0000	0.0000
1.0074	309.0000	0.0000
1.0091	307.0000	0.0000
1.0107	305.0000	0.0000
1.0123	304.0000	0.0000
1.0139	304.0000	0.0000
1.0156	305.0000	0.0000
1.0173	307.0000	0.0000
1.0189	310.0000	0.0000
1.0205	316.0000	0.0000
1.0221	322.0000	0.0000
1.0236	328.0000	0.0000
1.0252	334.0000	0.0000
1.0267	340.0000	0.0000
1.0282	346.0000	0.0000
1.0297	356.0000	0.0000
1.0313	374.0000	0.0000
1.0329	395.0000	0.0000
1.0344	417.0000	0.0000
1.0359	440.0000	0.0000
1.0374	461.0000	0.0000
1.0390	479.0000	0.0000
1.0405	494.0000	0.0000
1.0420	507.0000	0.0000
1.0436	518.0000	0.0000
1.0451	528.0000	0.0000
1.0466	537.0000	0.0000
1.0482	545.0000	0.0000
1.0497	551.0000	0.0000
1.0512	522.0000	0.0000
1.0527	550.0000	0.0000
1.0543	540.0000	0.0000
1.0558	526.0000	0.0000
1.0573	509.0000	0.0000
1.0588	493.0000	0.0000
1.0604	477.0000	0.0000
1.0620	463.0000	0.0000
1.0635	451.0000	0.0000
1.0654	433.0000	0.0000
1.0670	410.0000	0.0000
1.0685	387.0000	0.0000
1.0719	349.0000	0.0000
1.0734	339.0000	0.0000
1.0749	330.0000	0.0000
1.0768	321.0000	0.0000
1.0794	318.0000	0.0000
1.0810	316.0000	0.0000
1.0825	314.0000	0.0000
1.0839	313.0000	0.0000
1.0854	310.0000	0.0000
1.0872	310.0000	0.0000
1.0889	311.0000	0.0000
1.0905	314.0000	0.0000
1.0924	319.0000	0.0000
1.0940	324.0000	0.0000
1.0956	330.0000	0.0000
1.0972	337.0000	0.0000
1.0988	344.0000	0.0000
1.1008	353.0000	0.0000
1.1024	367.0000	0.0000
1.1039	385.0000	0.0000
1.1054	407.0000	0.0000
1.1070	431.0000	0.0000
1.1086	456.0000	0.0000
1.1103	476.0000	0.0000
1.1120	493.0000	0.0000
1.1137	509.0000	0.0000
1.1154	522.0000	0.0000
1.1171	533.0000	0.0000
1.1187	542.0000	0.0000
1.1204	550.0000	0.0000
1.1220	557.0000	0.0000
1.1235	563.0000	0.0000
1.1251	566.0000	0.0000
1.1266	565.0000	0.0000
1.1280	559.0000	0.0000
1.1295	527.0000	0.0000
1.1310	520.0000	0.0000
1.1325	496.0000	0.0000
1.1341	475.0000	0.0000
1.1356	457.0000	0.0000
1.1372	442.0000	0.0000
1.1387	431.0000	0.0000
1.1401	418.0000	0.0000
1.1416	399.0000	0.0000
1.1435	373.0000	0.0000
1.1451	357.0000	0.0000
1.1466	345.0000	0.0000
1.1481	336.0000	0.0000
1.1496	328.0000	0.0000
1.1510	322.0000	0.0000
1.1525	317.0000	0.0000
1.1540	314.0000	0.0000
1.1557	311.0000	0.0000
1.1572	310.0000	0.0000
1.1587	308.0000	0.0000
1.1602	305.0000	0.0000
1.1618	304.0000	0.0000
1.1633	304.0000	0.0000
1.1660	305.0000	0.0000
1.1689	309.0000	0.0000
1.1717	319.0000	0.0000
1.1745	329.0000	0.0000
1.1773	340.0000	0.0000
1.1799	354.0000	0.0000
1.1826	384.0000	0.0000
1.1853	423.0000	0.0000
1.1879	461.0000	0.0000
1.1906	490.0000	0.0000
1.1934	513.0000	0.0000
1.1960	531.0000	0.0000
1.1987	545.0000	0.0000
1.2013	552.0000	0.0000
1.2039	547.0000	0.0000
1.2067	522.0000	0.0000
1.2094	492.0000	0.0000
1.2120	467.0000	0.0000
1.2147	445.0000	0.0000
1.2174	409.0000	0.0000
1.2201	368.0000	0.0000
1.2234	340.0000	0.0000
1.2264	325.0000	0.0000
1.2300	317.0000	0.0000
1.2329	314.0000	0.0000
1.2361	310.0000	0.0000
1.2390	311.0000	0.0000
1.2424	319.0000	0.0000
1.2454	328.0000	0.0000
1.2487	343.0000	0.0000
1.2518	361.0000	0.0000
1.2552	405.0000	6.9066
1.2585	454.0000	6.9066
1.2615	488.0000	6.9066
1.2644	514.0000	6.9066
1.2673	534.0000	6.9066
1.2700	548.0000	6.9066
1.2729	561.0000	6.9066
1.2756	566.0000	6.9066
1.2785	555.0000	6.9066
1.2813	517.0000	6.9066
1.2839	478.0000	6.9066
1.2866	449.0000	6.9066
1.2895	425.0000	6.9066
1.2923	393.0000	6.9066
1.2950	360.0000	6.9066
1.2977	339.0000	6.9066
1.3004	325.0000	6.9066
1.3032	316.0000	6.9066
1.3061	311.0000	6.9066
1.3088	308.0000	6.9066
1.3114	305.0000	6.9066
1.3141	304.0000	6.9066
1.3170	305.0000	6.9066
1.3199	309.0000	6.9066
1.3226	320.0000	6.9066
1.3255	331.0000	6.9066
1.3282	342.0000	6.9066
1.3308	359.0000	6.9066
1.3335	393.0000	6.9066
1.3361	432.0000	6.9066
1.3389	471.0000	6.9066
1.3418	499.0000	6.9066
1.3444	519.0000	6.9066
1.3471	535.0000	6.9066
1.3500	549.0000	6.9066
1.3530	549.0000	6.9066
1.3556	529.0000	6.9066
1.3582	501.0000	6.9066
1.3612	470.0000	6.9066
1.3641	446.0000	6.9066
1.3667	417.0000	6.9066
1.3696	374.0000	6.9066
1.3723	346.0000	6.9066
1.3752	330.0000	6.9066
1.3779	321.0000	6.9066
1.3805	316.0000	6.9066
1.3832	314.0000	6.9066
1.3860	311.0000	6.9066
1.3890	311.0000	6.9066
1.3918	317.0000	6.9066
1.3944	326.0000	6.9066
1.3971	336.0000	6.9066
1.4000	349.0000	6.9066
1.4027	370.0000	6.9066
1.4054	407.0000	6.9066
1.4083	449.0000	6.9066
1.4114	486.0000	6.9066
1.4142	512.0000	6.9066
1.4173	534.0000	6.9066
1.4201	549.0000	6.9066
1.4228	561.0000	6.9066
1.4254	568.0000	6.9066
1.4280	563.0000	6.9066
1.4307	535.0000	6.9066
1.4336	491.0000	6.9066
1.4364	457.0000	6.9066
1.4391	435.0000	6.9066
1.4418	406.0000	6.9066
1.4447	370.0000	6.9066
1.4477	343.0000	6.9066
1.4504	329.0000	6.9066
1.4531	318.0000	6.9066
1.4560	312.0000	6.9066
1.4588	308.0000	6.9066
1.4615	305.0000	6.9066
1.4641	304.0000	6.9066
1.4668	304.0000	6.9066
1.4697	308.0000	6.9066
1.4725	318.0000	6.9066
1.4751	328.0000	6.9066
1.4778	339.0000	6.9066
1.4806	359.0000	6.9066
1.4834	394.0000	6.9066
1.4863	437.0000	6.9066
1.4890	472.0000	6.9066
1.4919	501.0000	6.9066
1.4946	521.0000	6.9066
1.4973	537.0000	6.9066
1.5001	549.0000	6.9066
1.5029	549.0000	6.9066
1.5057	528.0000	6.6830
1.5086	497.0000	6.6830
1.5115	469.0000	6.6830
1.5141	446.0000	6.6830
1.5171	410.0000	6.6830
1.5198	371.0000	6.6830
1.5225	346.0000	6.6830
1.5252	330.0000	6.6830
1.5279	321.0000	6.6830
1.5305	316.0000	6.6830
1.5334	313.0000	6.6830
1.5363	310.0000	6.6830
1.5389	310.0000	6.6830
1.5416	316.0000	6.6830
1.5444	324.0000	6.6830
1.5472	335.0000	6.6830
1.5499	347.0000	6.6830
1.5525	365.0000	6.6830
1.5554	404.0000	6.6830
1.5584	448.0000	6.6830
1.5612	481.0000	6.6830
1.5638	506.0000	6.6830
1.5666	528.0000	6.6830
1.5694	544.0000	6.6830
1.5723	558.0000	6.6830
1.5749	566.0000	6.6830
1.5776	561.0000	6.6830
1.5802	533.0000	6.6830
1.5831	489.0000	6.6830
1.5861	453.0000	6.6830
1.5888	430.0000	6.6830
1.5915	400.0000	6.6830
1.5944	362.0000	6.6830
1.5974	340.0000	6.6830
1.6000	327.0000	6.6830
1.6027	317.0000	6.6830
1.6055	311.0000	6.6830
1.6084	308.0000	6.6830
1.6114	305.0000	6.6830
1.6141	304.0000	6.6830
1.6168	306.0000	6.6830
1.6199	312.0000	6.6830
1.6227	323.0000	6.6830
1.6255	332.0000	6.6830
1.6281	343.0000	6.6830
1.6308	362.0000	6.6830
1.6338	399.0000	6.6830
1.6367	444.0000	6.6830
1.6394	477.0000	6.6830
1.6421	503.0000	6.6830
1.6450	524.0000	6.6830
1.6479	541.0000	6.6830
1.6506	551.0000	6.6830
1.6532	549.0000	6.6830
1.6563	524.0000	6.6830
1.6592	493.0000	6.6830
1.6619	466.0000	6.6830
1.6645	444.0000	6.6830
1.6673	407.0000	6.6830
1.6702	366.0000	6.6830
1.6731	342.0000	6.6830
1.6757	329.0000	6.6830
1.6784	320.0000	6.6830
1.6811	316.0000	6.6830
1.6840	313.0000	6.6830
1.6869	310.0000	6.6830
1.6896	313.0000	6.6830
1.6923	320.0000	6.6830
1.6953	330.0000	6.6830
1.6981	342.0000	6.6830
1.7008	354.0000	6.6830
1.7035	381.0000	6.6830
1.7065	425.0000	6.6830
1.7092	464.0000	6.6830
1.7119	492.0000	6.6830
1.7145	516.0000	6.6830
1.7172	534.0000	6.6830
1.7202	550.0000	6.6830
1.7231	563.0000	6.6830
1.7258	569.0000	6.6830
1.7285	561.0000	6.6830
1.7311	528.0000	6.6830
1.7341	482.0000	6.6830
1.7370	450.0000	6.6830
1.7397	429.0000	6.6830
1.7426	394.0000	6.6830
1.7455	360.0000	6.6830
1.7484	339.0000	6.6830
1.7517	322.0000	6.6830
1.7544	315.0000	6.6830
1.7573	311.0000	6.6296
1.7600	307.0000	6.6296
1.7630	304.0000	6.6296
1.7658	304.0000	6.6296
1.7684	306.0000	6.6296
1.7711	314.0000	6.6296
1.7742	326.0000	6.6296
1.7771	337.0000	6.6296
1.7797	351.0000	6.6296
1.7826	384.0000	6.6296
1.7854	427.0000	6.6296
1.7883	466.0000	6.6296
1.7909	493.0000	6.6296
1.7936	516.0000	6.6296
1.7965	533.0000	6.6296
1.7993	548.0000	6.6296
1.8021	551.0000	6.6296
1.8048	536.0000	6.6296
1.8078	507.0000	6.6296
1.8106	478.0000	6.6296
1.8133	454.0000	6.6296
1.8159	430.0000	6.6296
1.8189	386.0000	6.6296
1.8217	353.0000	6.6296
1.8244	335.0000	6.6296
1.8270	324.0000	6.6296
1.8300	317.0000	6.6296
1.8328	314.0000	6.6296
1.8355	311.0000	6.6296
1.8381	310.0000	6.6296
1.8411	314.0000	6.6296
1.8437	321.0000	6.6296
1.8464	331.0000	6.6296
1.8491	342.0000	6.6296
1.8521	359.0000	6.6296
1.8550	392.0000	6.6296
1.8576	432.0000	6.6296
1.8602	470.0000	6.6296
1.8633	501.0000	6.6296
1.8663	524.0000	6.6296
1.8690	540.0000	6.6296
1.8717	554.0000	6.6296
1.8747	564.0000	6.6296
1.8776	558.0000	6.6296
1.8802	514.0000	6.6296
1.8837	474.0000	6.6296
1.8865	443.0000	6.6296
1.8895	418.0000	6.6296
1.8923	381.0000	6.6296
1.8951	349.0000	6.6296
1.8980	332.0000	6.6296
1.9009	320.0000	6.6296
1.9037	312.0000	6.6296
1.9064	309.0000	6.6296
1.9091	307.0000	6.6296
1.9119	304.0000	6.6296
1.9146	305.0000	6.6296
1.9173	969.0000	6.6296
1.9188	314.0000	6.6296
1.9203	319.0000	6.6296
1.9231	330.0000	6.6296
1.9257	341.0000	6.6296
1.9285	357.0000	6.6296
1.9312	389.0000	6.6296
1.9339	431.0000	6.6296
1.9366	466.0000	6.6296
1.9393	495.0000	6.6296
1.9420	517.0000	6.6296
1.9448	534.0000	6.6296
1.9475	547.0000	6.6296
1.9502	556.0000	6.6296
1.9530	549.0000	6.6296
1.9557	523.0000	6.6296
1.9585	493.0000	6.6296
1.9611	468.0000	6.6296
1.9638	443.0000	6.6296
1.9664	411.0000	6.6296
1.9693	370.0000	6.6296
1.9720	344.0000	6.6296
1.9747	331.0000	6.6296
1.9774	321.0000	6.6296
1.9801	316.0000	6.6296
1.9829	314.0000	6.6296
1.9856	311.0000	6.6296
1.9882	310.0000	6.6296
1.9909	316.0000	6.6296
1.9937	326.0000	6.6296
1.9970	339.0000	6.6296
2.0002	354.0000	6.6296
2.0056	425.0000	6.6296
2.0106	488.0000	6.7601
2.0156	529.0000	6.7601
2.0205	554.0000	6.7601
2.0256	557.0000	6.7601
2.0304	487.0000	6.7601
2.0354	432.0000	6.7601
2.0404	376.0000	6.7601
2.0455	331.0000	6.7601
2.0504	315.0000	6.7601
2.0553	308.0000	6.7601
2.0604	305.0000	6.7601
2.0653	314.0000	6.7601
2.0703	332.0000	6.7601
2.0752	358.0000	6.7601
2.0801	426.0000	6.7601
2.0852	489.0000	6.7601
2.0900	527.0000	6.7601
2.0952	550.0000	6.7601
2.1004	536.0000	6.7601
2.1057	481.0000	6.7601
2.1100	443.0000	6.7601
2.1151	376.0000	6.7601
2.1201	332.0000	6.7601
2.1250	319.0000	6.7601
2.1310	311.0000	6.7601
2.1361	312.0000	6.7601
2.1410	329.0000	6.7601
2.1459	348.0000	6.7601
2.1501	393.0000	6.7601
2.1553	467.0000	6.7601
2.1602	516.0000	6.7601
2.1652	547.0000	6.7601
2.1701	561.0000	6.7601
2.1751	520.0000	6.7601
2.1810	444.0000	6.7601
2.1859	389.0000	6.7601
2.1909	340.0000	6.7601
2.1958	317.0000	6.7601
2.2006	309.0000	6.7601
2.2055	305.0000	6.7601
2.2103	308.0000	6.7601
2.2153	326.0000	6.7601
2.2202	345.0000	6.7601
2.2260	414.0000	6.7601
2.2309	480.0000	6.7601
2.2358	521.0000	6.7601
2.2407	547.0000	6.7601
2.2456	536.0000	6.7601
2.2504	487.0000	6.7601
2.2553	440.0000	6.7601
2.2601	373.0000	6.6868
2.2650	333.0000	6.6868
2.2710	315.0000	6.6868
2.2759	311.0000	6.6868
2.2808	315.0000	6.6868
2.2857	331.0000	6.6868
2.2905	354.0000	6.6868
2.2954	415.0000	6.6868
2.3002	482.0000	6.6868
2.3051	523.0000	6.6868
2.3111	555.0000	6.6868
2.3160	554.0000	6.6868
2.3209	480.0000	6.6868
2.3258	431.0000	6.6868
2.3306	370.0000	6.6868
2.3356	330.0000	6.6868
2.3404	315.0000	6.6868
2.3452	307.0000	6.6868
2.3501	305.0000	6.6868
2.3560	317.0000	6.6868
2.3609	335.0000	6.6868
2.3657	366.0000	6.6868
2.3705	435.0000	6.6868
2.3754	493.0000	6.6868
2.3802	529.0000	6.6868
2.3850	551.0000	6.6868
2.3910	526.0000	6.6868
2.3958	475.0000	6.6868
2.4001	439.0000	6.6868
2.4059	360.0000	6.6868
2.4108	327.0000	6.6868
2.4157	316.0000	6.6868
2.4211	310.0000	6.6868
2.4251	313.0000	6.6868
2.4310	333.0000	6.6868
2.4359	502.0000	6.6868
2.4407	424.0000	6.6868
2.4457	486.0000	6.6868
2.4506	512.0000	6.6868
2.4554	553.0000	6.6868
2.4603	554.0000	6.6868
2.4652	484.0000	6.6868
2.4700	430.0000	6.6868
2.4761	360.0000	6.6868
2.4809	327.0000	6.6868
2.4857	313.0000	6.6868
2.4905	307.0000	6.6868
2.4953	305.0000	6.6868
2.5001	318.0000	6.6868
2.5059	341.0000	6.6868
2.5107	382.0000	6.7041
2.5156	455.0000	6.7041
2.5204	505.0000	6.7041
2.5254	538.0000	6.7041
2.5302	551.0000	6.7041
2.5352	510.0000	6.7041
2.5406	462.0000	6.7041
2.5455	406.0000	6.7041
2.5504	348.0000	6.7041
2.5557	323.0000	6.7041
2.5606	313.0000	6.7041
2.5654	310.0000	6.7041
2.5702	317.0000	6.7041
2.5754	336.0000	6.7041
2.5803	364.0000	6.7041
2.5851	433.0000	6.7041
2.5900	493.0000	6.7041
2.5960	537.0000	6.7041
2.6000	557.0000	6.7041
2.6058	539.0000	6.7041
2.6101	473.0000	6.7041
2.6160	414.0000	6.7041
2.6208	353.0000	6.7041
2.6258	324.0000	6.7041
2.6306	311.0000	6.7041
2.6356	306.0000	6.7041
2.6407	307.0000	6.7041
2.6459	323.0000	6.7041
2.6509	343.0000	6.7041
2.6558	391.0000	6.7041
2.6602	456.0000	6.7041
2.6652	507.0000	6.7041
2.6711	543.0000	6.7041
2.6751	552.0000	6.7041
2.6809	501.0000	6.7041
2.6853	460.0000	6.7041
2.6904	714.0000	6.7041
2.6952	348.0000	6.7041
2.7005	323.0000	6.7041
2.7060	313.0000	6.7041
2.7106	309.0000	6.7041
2.7153	313.0000	6.7041
2.7204	328.0000	6.7041
2.7253	348.0000	6.7041
2.7304	397.0000	6.7041
2.7352	472.0000	6.7041
2.7408	519.0000	6.7041
2.7456	548.0000	6.7041
2.7505	568.0000	6.7041
2.7555	557.0000	6.7041
2.7603	486.0000	6.8962
2.7653	437.0000	6.8962
2.7701	385.0000	6.8962
2.7760	334.0000	6.8962
2.7808	316.0000	6.8962
2.7857	308.0000	6.8962
2.7905	304.0000	6.8962
2.7954	304.0000	6.8962
2.8003	318.0000	6.8962
2.8051	334.0000	6.8962
2.8110	370.0000	6.8962
2.8159	436.0000	6.8962
2.8206	493.0000	6.8962
2.8256	531.0000	6.8962
2.8304	554.0000	6.8962
2.8353	560.0000	6.8962
2.8402	518.0000	6.8962
2.8450	471.0000	6.8962
2.8509	420.0000	6.8962
2.8558	358.0000	6.8962
2.8607	328.0000	6.8962
2.8655	316.0000	6.8962
2.8705	310.0000	6.8962
2.8753	309.0000	6.8962
2.8803	316.0000	6.8962
2.8851	332.0000	6.8962
2.8910	359.0000	6.8962
2.8959	483.0000	6.8962
2.9007	480.0000	6.8962
2.9056	523.0000	6.8962
2.9105	554.0000	6.8962
2.9151	571.0000	6.8962
2.9205	564.0000	6.8962
2.9258	493.0000	6.8962
2.9301	445.0000	6.8962
2.9358	395.0000	6.8962
2.9402	350.0000	6.8962
2.9453	322.0000	6.8962
2.9501	312.0000	6.8962
2.9550	305.0000	6.8962
2.9610	302.0000	6.8962
2.9658	307.0000	6.8962
2.9708	321.0000	6.8962
2.9756	339.0000	6.8962
2.9805	366.0000	6.8962
2.9853	427.0000	6.8962
2.9902	488.0000	6.8962
2.9951	527.0000	6.8962
3.0010	558.0000	6.8962
3.0060	568.0000	6.8962
3.0110	538.0000	5.8998
3.0160	491.0000	5.8998
3.0208	450.0000	5.8998
3.0257	403.0000	5.8998
3.0306	349.0000	5.8998
3.0356	324.0000	5.8998
3.0406	315.0000	5.8998
3.0455	309.0000	5.8998
3.0504	308.0000	5.8998
3.0553	312.0000	5.8998
3.0602	328.0000	5.8998
3.0651	344.0000	5.8998
3.0710	386.0000	5.8998
3.0759	454.0000	5.8998
3.0810	507.0000	5.8998
3.0859	542.0000	5.8998
3.0909	566.0000	5.8998
3.0958	579.0000	5.8998
3.1002	573.0000	5.8998
3.1051	506.0000	5.8998
3.1111	443.0000	5.8998
3.1160	404.0000	5.8998
3.1209	352.0000	5.8998
3.1261	324.0000	5.8998
3.1301	312.0000	5.8998
3.1360	305.0000	5.8998
3.1410	303.0000	5.8998
3.1458	302.0000	5.8998
3.1507	311.0000	5.8998
3.1558	327.0000	5.8998
3.1600	342.0000	5.8998
3.1654	376.0000	5.8998
3.1708	445.0000	5.8998
3.1752	496.0000	5.8998
3.1809	538.0000	5.8998
3.1852	559.0000	5.8998
3.1905	573.0000	5.8998
3.1955	557.0000	5.8998
3.2010	503.0000	5.8998
3.2054	467.0000	5.8998
3.2105	428.0000	5.8998
3.2156	370.0000	5.8998
3.2207	332.0000	5.8998
3.2252	319.0000	5.8998
3.2302	311.0000	5.8998
3.2350	308.0000	5.8998
3.2404	308.0000	5.8998
3.2455	315.0000	5.8998
3.2507	332.0000	5.8998
3.2558	350.0000	5.8998
3.2608	390.0000	5.8998
3.2658	455.0000	5.4125
3.2707	508.0000	5.4125
3.2756	543.0000	5.4125
3.2805	565.0000	5.4125
3.2854	581.0000	5.4125
3.2903	580.0000	5.4125
3.2952	522.0000	5.4125
3.3002	464.0000	5.4125
3.3053	423.0000	5.4125
3.3102	375.0000	5.4125
3.3152	336.0000	5.4125
3.3202	316.0000	5.4125
3.3250	309.0000	5.4125
3.3310	303.0000	5.4125
3.3360	301.0000	5.4125
3.3408	304.0000	5.4125
3.3457	315.0000	5.4125
3.3505	331.0000	5.4125
3.3555	348.0000	5.4125
3.3604	389.0000	5.4125
3.3653	452.0000	5.4125
3.3702	505.0000	5.4125
3.3751	539.0000	5.4125
3.3800	562.0000	5.4125
3.3860	576.0000	5.4125
3.3910	556.0000	5.4125
3.3959	505.0000	5.4125
3.4008	465.0000	5.4125
3.4052	433.0000	5.4125
3.4106	374.0000	5.4125
3.4159	334.0000	5.4125
3.4209	317.0000	5.4125
3.4257	311.0000	5.4125
3.4301	308.0000	5.4125
3.4355	307.0000	5.4125
3.4408	313.0000	5.4125
3.4457	326.0000	5.4125
3.4506	343.0000	5.4125
3.4560	370.0000	5.4125
3.4609	430.0000	5.4125
3.4658	493.0000	5.4125
3.4702	526.0000	5.4125
3.4755	558.0000	5.4125
3.4809	578.0000	5.4125
3.4859	586.0000	5.4125
3.4908	561.0000	5.4125
3.4953	499.0000	5.4125
3.5006	448.0000	5.4125
3.5060	406.0000	5.4125
3.5110	357.0000	5.4125
3.5159	328.0000	4.9979
3.5209	312.0000	4.9979
3.5258	307.0000	4.9979
3.5309	302.0000	4.9979
3.5360	301.0000	4.9979
3.5408	304.0000	4.9979
3.5457	314.0000	4.9979
3.5505	329.0000	4.9979
3.5556	346.0000	4.9979
3.5607	380.0000	4.9979
3.5655	440.0000	4.9979
3.5704	497.0000	4.9979
3.5753	534.0000	4.9979
3.5804	560.0000	4.9979
3.5854	577.0000	4.9979
3.5904	578.0000	4.9979
3.5953	542.0000	4.9979
3.6002	496.0000	4.9979
3.6053	458.0000	4.9979
3.6101	422.0000	4.9979
3.6152	364.0000	4.9979
3.6201	331.0000	4.9979
3.6260	316.0000	4.9979
3.6301	310.0000	4.9979
3.6359	307.0000	4.9979
3.6410	307.0000	4.9979
3.6459	312.0000	4.9979
3.6508	327.0000	4.9979
3.6559	342.0000	4.9979
3.6607	364.0000	4.9979
3.6658	420.0000	4.9979
3.6707	481.0000	4.9979
3.6756	526.0000	4.9979
3.6806	555.0000	4.9979
3.6854	575.0000	4.9979
3.6907	588.0000	4.9979
3.6955	581.0000	4.9979
3.7003	527.0000	4.9979
3.7052	466.0000	4.9979
3.7100	432.0000	4.9979
3.7160	377.0000	4.9979
3.7210	338.0000	4.9979
3.7259	319.0000	4.9979
3.7300	309.0000	4.9979
3.7359	304.0000	4.9979
3.7409	302.0000	4.9979
3.7459	300.0000	4.9979
3.7508	307.0000	4.9979
3.7561	321.0000	4.9979
3.7603	334.0000	4.9979
3.7653	352.0000	4.8778
3.7703	393.0000	4.8778
3.7752	456.0000	4.8778
3.7803	509.0000	4.8778
3.7852	542.0000	4.8778
3.7903	566.0000	4.8778
3.7952	579.0000	4.8778
3.8001	576.0000	4.8778
3.8052	529.0000	4.8778
3.8105	484.0000	4.8778
3.8157	446.0000	4.8778
3.8203	403.0000	4.8778
3.8251	356.0000	4.8778
3.8310	323.0000	4.8778
3.8359	314.0000	4.8778
3.8407	309.0000	4.8778
3.8453	306.0000	4.8778
3.8501	307.0000	4.8778
3.8551	312.0000	4.8778
3.8610	329.0000	4.8778
3.8661	346.0000	4.8778
3.8702	363.0000	4.8778
3.8760	428.0000	4.8778
3.8802	479.0000	4.8778
3.8851	524.0000	4.8778
3.8901	555.0000	4.8778
3.8961	578.0000	4.8778
3.9000	589.0000	4.8778
3.9053	585.0000	4.8778
3.9102	536.0000	4.8778
3.9155	470.0000	4.8778
3.9207	430.0000	4.8778
3.9257	389.0000	4.8778
3.9308	344.0000	4.8778
3.9358	321.0000	4.8778
3.9401	311.0000	4.8778
3.9451	305.0000	4.8778
3.9505	303.0000	4.8778
3.9559	300.0000	4.8778
3.9602	303.0000	4.8778
3.9651	312.0000	4.8778
3.9701	327.0000	4.8778
3.9755	345.0000	4.8778
3.9806	373.0000	4.8778
3.9877	461.0000	4.8778
3.9913	498.0000	4.8778
3.9960	534.0000	4.8778
4.0001	556.0000	4.8778
4.0053	574.0000	4.8778
4.0105	582.0000	4.8778
4.0158	554.0000	4.7572
4.0210	500.0000	4.7572
4.0251	471.0000	4.7572
4.0302	431.0000	4.7572
4.0355	376.0000	4.7572
4.0402	339.0000	4.7572
4.0459	318.0000	4.7572
4.0505	312.0000	4.7572
4.0557	307.0000	4.7572
4.0608	306.0000	4.7572
4.0662	310.0000	4.7572
4.0710	321.0000	4.7572
4.0753	334.0000	4.7572
4.0802	349.0000	4.7572
4.0859	391.0000	4.7572
4.0909	454.0000	4.7572
4.0961	509.0000	4.7572
4.1001	538.0000	4.7572
4.1051	564.0000	4.7572
4.1110	584.0000	4.7572
4.1160	590.0000	4.7572
4.1209	564.0000	4.7572
4.1259	497.0000	4.7572
4.1309	446.0000	4.7572
4.1352	421.0000	4.7572
4.1402	373.0000	4.7572
4.1450	336.0000	4.7572
4.1510	316.0000	4.7572
4.1557	307.0000	4.7572
4.1606	303.0000	4.7572
4.1654	301.0000	4.7572
4.1704	300.0000	4.7572
4.1752	306.0000	4.7572
4.1802	319.0000	4.7572
4.1852	334.0000	4.7572
4.1901	350.0000	4.7572
4.1951	389.0000	4.7572
4.2000	450.0000	4.7572
4.2059	512.0000	4.7572
4.2109	545.0000	4.7572
4.2159	568.0000	4.7572
4.2208	580.0000	4.7572
4.2257	579.0000	4.7572
4.2304	540.0000	4.7572
4.2353	495.0000	4.7572
4.2402	458.0000	4.7572
4.2450	421.0000	4.7572
4.2500	370.0000	4.7572
4.2560	329.0000	4.7572
4.2608	317.0000	4.7572
4.2657	310.0000	4.6656
4.2707	307.0000	4.6656
4.2755	307.0000	4.6656
4.2805	308.0000	4.6656
4.2854	321.0000	4.6656
4.2904	355.0000	4.6656
4.2954	352.0000	4.6656
4.3004	389.0000	4.6656
4.3054	450.0000	4.6656
4.3103	505.0000	4.6656
4.3154	542.0000	4.6656
4.3203	567.0000	4.6656
4.3253	584.0000	4.6656
4.3303	591.0000	4.6656
4.3352	579.0000	4.6656
4.3400	516.0000	4.6656
4.3460	452.0000	4.6656
4.3500	427.0000	4.6656
4.3560	372.0000	4.6656
4.3610	336.0000	4.6656
4.3650	320.0000	4.6656
4.3702	309.0000	4.6656
4.3753	305.0000	4.6656
4.3803	301.0000	4.6656
4.3853	301.0000	4.6656
4.3901	303.0000	4.6656
4.3951	313.0000	4.6656
4.4010	331.0000	4.6656
4.4058	346.0000	4.6656
4.4105	375.0000	4.6656
4.4155	433.0000	4.6656
4.4203	490.0000	4.6656
4.4250	530.0000	4.6656
4.4310	560.0000	4.6656
4.4360	578.0000	4.6656
4.4410	582.0000	4.6656
4.4459	553.0000	4.6656
4.4508	505.0000	4.6656
4.4558	465.0000	4.6656
4.4608	432.0000	4.6656
4.4656	380.0000	4.6656
4.4706	339.0000	4.6656
4.4757	321.0000	4.6656
4.4807	311.0000	4.6656
4.4856	308.0000	4.6656
4.4906	306.0000	4.6656
4.4956	306.0000	4.6656
4.5006	316.0000	4.6656
4.5055	329.0000	4.6656
4.5105	346.0000	4.6656
4.5155	371.0000	4.6656
4.5204	506.0000	4.5437
4.5252	486.0000	4.5437
4.5301	528.0000	4.5437
4.5352	558.0000	4.5437
4.5403	578.0000	4.5437
4.5453	590.0000	4.5437
4.5502	590.0000	4.5437
4.5551	544.0000	4.5437
4.5611	470.0000	4.5437
4.5659	433.0000	4.5437
4.5709	394.0000	4.5437
4.5763	348.0000	4.5437
4.5803	326.0000	4.5437
4.5852	313.0000	4.5437
4.5900	306.0000	4.5437
4.5951	302.0000	4.5437
4.6000	301.0000	4.5437
4.6051	300.0000	4.5437
4.6109	310.0000	4.5437
4.6159	324.0000	4.5437
4.6208	338.0000	4.5437
4.6257	358.0000	4.5437
4.6308	404.0000	4.5437
4.6357	465.0000	4.5437
4.6408	515.0000	4.5437
4.6454	545.0000	4.5437
4.6502	567.0000	4.5437
4.6555	581.0000	4.5437
4.6605	583.0000	4.5437
4.6654	547.0000	4.5437
4.6703	498.0000	4.5437
4.6752	463.0000	4.5437
4.6801	426.0000	4.5437
4.6851	375.0000	4.5437
4.6900	336.0000	4.5437
4.6959	317.0000	4.5437
4.7008	311.0000	4.5437
4.7059	307.0000	4.5437
4.7109	306.0000	4.5437
4.7158	308.0000	4.5437
4.7208	319.0000	4.5437
4.7256	333.0000	4.5437
4.7305	349.0000	4.5437
4.7360	382.0000	4.5437
4.7407	440.0000	4.5437
4.7457	498.0000	4.5437
4.7506	538.0000	4.5437
4.7556	563.0000	4.5437
4.7610	583.0000	4.5437
4.7653	591.0000	4.5437
4.7707	585.0000	4.5454
4.7759	528.0000	4.5454
4.7808	469.0000	4.5454
4.7857	433.0000	4.5454
4.7905	395.0000	4.5454
4.7955	351.0000	4.5454
4.8004	326.0000	4.5454
4.8053	311.0000	4.5454
4.8101	306.0000	4.5454
4.8150	302.0000	4.5454
4.8200	300.0000	4.5454
4.8250	301.0000	4.5454
4.8306	308.0000	4.5454
4.8357	323.0000	4.5454
4.8405	337.0000	4.5454
4.8455	355.0000	4.5454
4.8506	399.0000	4.5454
4.8558	463.0000	4.5454
4.8610	516.0000	4.5454
4.8652	543.0000	4.5454
4.8704	566.0000	4.5454
4.8753	582.0000	4.5454
4.8801	584.0000	4.5454
4.8853	557.0000	4.5454
4.8902	506.0000	4.5454
4.8960	460.0000	4.5454
4.9000	434.0000	4.5454
4.9059	370.0000	4.5454
4.9108	336.0000	4.5454
4.9157	319.0000	4.5454
4.9208	311.0000	4.5454
4.9259	308.0000	4.5454
4.9309	305.0000	4.5454
4.9359	308.0000	4.5454
4.9411	319.0000	4.5454
4.9459	333.0000	4.5454
4.9501	347.0000	4.5454
4.9551	374.0000	4.5454
4.9611	445.0000	4.5454
4.9650	491.0000	4.5454
4.9709	538.0000	4.5454
4.9759	565.0000	4.5454
4.9809	581.0000	4.5454
4.9857	592.0000	4.5454
4.9907	581.0000	4.5454
4.9956	521.0000	4.5454
5.0005	466.0000	4.5454
5.0056	426.0000	4.5454
5.0105	387.0000	4.5454
5.0153	345.0000	4.5454
5.0204	322.0000	4.5515
5.0251	311.0000	4.5515
5.0304	304.0000	4.5515
5.0354	302.0000	4.5515
5.0405	300.0000	4.5515
5.0452	302.0000	4.5515
5.0501	312.0000	4.5515
5.0554	328.0000	4.5515
5.0604	345.0000	4.5515
5.0652	372.0000	4.5515
5.0701	430.0000	4.5515
5.0751	490.0000	4.5515
5.0801	530.0000	4.5515
5.0850	558.0000	4.5515
5.0910	577.0000	4.5515
5.0959	578.0000	4.5515
5.1006	547.0000	4.5515
5.1054	498.0000	4.5515
5.1104	464.0000	4.5515
5.1155	425.0000	4.5515
5.1205	372.0000	4.5515
5.1253	337.0000	4.5515
5.1301	319.0000	4.5515
5.1361	311.0000	4.5515
5.1409	307.0000	4.5515
5.1458	306.0000	4.5515
5.1507	309.0000	4.5515
5.1557	319.0000	4.5515
5.1605	333.0000	4.5515
5.1654	349.0000	4.5515
5.1703	380.0000	4.5515
5.1752	439.0000	4.5515
5.1802	497.0000	4.5515
5.1861	542.0000	4.5515
5.1902	562.0000	4.5515
5.1960	583.0000	4.5515
5.2009	592.0000	4.5515
5.2058	577.0000	4.5515
5.2105	259.0000	4.5515
5.2153	463.0000	4.5515
5.2202	428.0000	4.5515
5.2251	388.0000	4.5515
5.2300	811.0000	4.5515
5.2359	320.0000	4.5515
5.2407	309.0000	4.5515
5.2455	304.0000	4.5515
5.2504	302.0000	4.5515
5.2553	300.0000	4.5515
5.2602	303.0000	4.5515
5.2652	313.0000	4.5515
5.2706	328.0000	4.3574
5.2756	344.0000	4.3574
5.2806	370.0000	4.3574
5.2858	429.0000	4.3574
5.2907	487.0000	4.3574
5.2956	528.0000	4.3574
5.3005	556.0000	4.3574
5.3053	574.0000	4.3574
5.3102	584.0000	4.3574
5.3151	568.0000	4.3574
5.3201	518.0000	4.3574
5.3254	475.0000	4.3574
5.3304	437.0000	4.3574
5.3360	381.0000	4.3574
5.3408	340.0000	4.3574
5.3457	321.0000	4.3574
5.3501	314.0000	4.3574
5.3560	308.0000	4.3574
5.3610	307.0000	4.3574
5.3658	307.0000	4.3574
5.3707	317.0000	4.3574
5.3756	332.0000	4.3574
5.3808	348.0000	4.3574
5.3857	378.0000	4.3574
5.3907	437.0000	4.3574
5.3957	496.0000	4.3574
5.4006	534.0000	4.3574
5.4058	563.0000	4.3574
5.4100	579.0000	4.3574
5.4160	592.0000	4.3574
5.4201	589.0000	4.3574
5.4260	530.0000	4.3574
5.4309	470.0000	4.3574
5.4359	434.0000	4.3574
5.4407	397.0000	4.3574
5.4455	354.0000	4.3574
5.4504	327.0000	4.3574
5.4553	313.0000	4.3574
5.4602	307.0000	4.3574
5.4651	302.0000	4.3574
5.4710	300.0000	4.3574
5.4751	301.0000	4.3574
5.4810	306.0000	4.3574
5.4859	320.0000	4.3574
5.4907	334.0000	4.3574
5.4956	350.0000	4.3574
5.5010	388.0000	4.3574
5.5058	446.0000	4.3574
5.5111	504.0000	4.3574
5.5154	536.0000	4.3574
5.5208	563.0000	4.5448
5.5252	578.0000	4.5448
5.5301	584.0000	4.5448
5.5360	554.0000	4.5448
5.5409	503.0000	4.5448
5.5457	466.0000	4.5448
5.5505	433.0000	4.5448
5.5554	379.0000	4.5448
5.5603	341.0000	4.5448
5.5652	320.0000	4.5448
5.5700	313.0000	4.5448
5.5759	308.0000	4.5448
5.5808	306.0000	4.5448
5.5856	308.0000	4.5448
5.5904	316.0000	4.5448
5.5953	331.0000	4.5448
5.6001	346.0000	4.5448
5.6060	383.0000	4.5448
5.6102	432.0000	4.5448
5.6156	498.0000	4.5448
5.6204	535.0000	4.5448
5.6251	561.0000	4.5448
5.6303	579.0000	4.5448
5.6353	592.0000	4.5448
5.6402	586.0000	4.5448
5.6461	519.0000	4.5448
5.6510	465.0000	4.5448
5.6559	427.0000	4.5448
5.6601	397.0000	4.5448
5.6660	344.0000	4.5448
5.6702	324.0000	4.5448
5.6751	312.0000	4.5448
5.6810	304.0000	4.5448
5.6851	302.0000	4.5448
5.6902	300.0000	4.5448
5.6953	301.0000	4.5448
5.7003	310.0000	4.5448
5.7052	323.0000	4.5448
5.7101	339.0000	4.5448
5.7150	356.0000	4.5448
5.7201	403.0000	4.5448
5.7253	467.0000	4.5448
5.7301	515.0000	4.5448
5.7355	550.0000	4.5448
5.7408	571.0000	4.5448
5.7459	584.0000	4.5448
5.7501	583.0000	4.5448
5.7554	544.0000	4.5448
5.7605	499.0000	4.5448
5.7658	458.0000	4.5448
5.7711	419.0000	4.5540
5.7756	373.0000	4.5540
5.7809	333.0000	4.5540
5.7852	320.0000	4.5540
5.7908	311.0000	4.5540
5.7958	307.0000	4.5540
5.8004	307.0000	4.5540
5.8051	306.0000	4.5540
5.8104	317.0000	4.5540
5.8154	331.0000	4.5540
5.8205	347.0000	4.5540
5.8256	376.0000	4.5540
5.8307	436.0000	4.5540
5.8358	498.0000	4.5540
5.8403	532.0000	4.5540
5.8453	561.0000	4.5540
5.8502	579.0000	4.5540
5.8552	590.0000	4.5540
5.8604	588.0000	4.5540
5.8653	535.0000	4.5540
5.8704	473.0000	4.5540
5.8759	431.0000	4.5540
5.8811	389.0000	4.5540
5.8861	348.0000	4.5540
5.8904	325.0000	4.5540
5.8956	312.0000	4.5540
5.9007	306.0000	4.5540
5.9057	301.0000	4.5540
5.9105	301.0000	4.5540
5.9156	301.0000	4.5540
5.9205	308.0000	4.5540
5.9256	323.0000	4.5540
5.9304	337.0000	4.5540
5.9354	356.0000	4.5540
5.9403	401.0000	4.5540
5.9450	463.0000	4.5540
5.9500	513.0000	4.5540
5.9559	550.0000	4.5540
5.9609	571.0000	4.5540
5.9658	579.0000	4.5540
5.9706	564.0000	4.5540
5.9755	516.0000	4.5540
5.9805	474.0000	4.5540
5.9854	442.0000	4.5540
5.9902	391.0000	4.5540
5.9952	346.0000	4.5540
6.0001	323.0000	4.5540
6.0052	313.0000	4.5540
6.0103	309.0000	4.5540
6.0152	306.0000	4.5540
6.0206	307.0000	4.5540
6.0255	316.0000	4.6514
6.0300	329.0000	4.6514
6.0354	347.0000	4.6514
6.0407	376.0000	4.6514
6.0457	435.0000	4.6514
6.0509	498.0000	4.6514
6.0550	529.0000	4.6514
6.0609	564.0000	4.6514
6.0655	579.0000	4.6514
6.0705	591.0000	4.6514
6.0754	586.0000	4.6514
6.0804	534.0000	4.6514
6.0857	472.0000	4.6514
6.0906	433.0000	4.6514
6.0955	397.0000	4.6514
6.1005	353.0000	4.6514
6.1053	325.0000	4.6514
6.1106	312.0000	4.6514
6.1156	305.0000	4.6514
6.1205	289.0000	4.6514
6.1254	301.0000	4.6514
6.1305	301.0000	4.6514
6.1355	308.0000	4.6514
6.1404	321.0000	4.6514
6.1453	336.0000	4.6514
6.1501	352.0000	4.6514
6.1551	390.0000	4.6514
6.1611	463.0000	4.6514
6.1660	512.0000	4.6514
6.1710	546.0000	4.6514
6.1756	567.0000	4.6514
6.1804	580.0000	4.6514
6.1857	580.0000	4.6514
6.1903	547.0000	4.6514
6.1959	493.0000	4.6514
6.2008	458.0000	4.6514
6.2059	411.0000	4.6514
6.2105	368.0000	4.6514
6.2161	330.0000	4.6514
6.2203	318.0000	4.6514
6.2251	311.0000	4.6514
6.2303	307.0000	4.6514
6.2357	307.0000	4.6514
6.2410	310.0000	4.6514
6.2459	323.0000	4.6514
6.2508	337.0000	4.6514
6.2553	352.0000	4.6514
6.2610	395.0000	4.6514
6.2660	457.0000	4.6514
6.2702	503.0000	4.6514
6.2755	542.0000	4.5472
6.2804	566.0000	4.5472
6.2857	585.0000	4.5472
6.2908	594.0000	4.5472
6.2959	587.0000	4.5472
6.3009	535.0000	4.5472
6.3058	474.0000	4.5472
6.3110	436.0000	4.5472
6.3159	400.0000	4.5472
6.3208	358.0000	4.5472
6.3257	329.0000	4.5472
6.3306	313.0000	4.5472
6.3356	307.0000	4.5472
6.3406	302.0000	4.5472
6.3455	301.0000	4.5472
6.3505	300.0000	4.5472
6.3553	302.0000	4.5472
6.3602	314.0000	4.5472
6.3650	327.0000	4.5472
6.3709	348.0000	4.5472
6.3759	380.0000	4.5472
6.3808	438.0000	4.5472
6.3857	496.0000	4.5472
6.3906	533.0000	4.5472
6.3955	560.0000	4.5472
6.4005	576.0000	4.5472
6.4054	581.0000	4.5472
6.4103	558.0000	4.5472
6.4154	507.0000	4.5472
6.4203	471.0000	4.5472
6.4253	435.0000	4.5472
6.4310	377.0000	4.5472
6.4353	344.0000	4.5472
6.4403	321.0000	4.5472
6.4452	313.0000	4.5472
6.4501	308.0000	4.5472
6.4552	306.0000	4.5472
6.4604	306.0000	4.5472
6.4653	311.0000	4.5472
6.4705	326.0000	4.5472
6.4754	341.0000	4.5472
6.4806	361.0000	4.5472
6.4855	408.0000	4.5472
6.4904	469.0000	4.5472
6.4954	520.0000	4.5472
6.5006	552.0000	4.5472
6.5055	573.0000	4.5472
6.5105	589.0000	4.5472
6.5154	594.0000	4.5472
6.5203	578.0000	4.5472
6.5253	513.0000	4.4400
6.5302	461.0000	4.4400
6.5351	428.0000	4.4400
6.5400	388.0000	4.4400
6.5450	348.0000	4.4400
6.5511	320.0000	4.4400
6.5560	317.0000	4.4400
6.5610	152.0000	4.4400
6.5658	303.0000	4.4400
6.5707	300.0000	4.4400
6.5757	301.0000	4.4400
6.5806	307.0000	4.4400
6.5858	322.0000	4.4400
6.5907	335.0000	4.4400
6.5956	351.0000	4.4400
6.6002	382.0000	4.4400
6.6051	439.0000	4.4400
6.6100	500.0000	4.4400
6.6157	538.0000	4.4400
6.6209	565.0000	4.4400
6.6255	580.0000	4.4400
6.6310	584.0000	4.4400
6.6359	559.0000	4.4400
6.6407	509.0000	4.4400
6.6452	476.0000	4.4400
6.6511	435.0000	4.4400
6.6560	383.0000	4.4400
6.6604	346.0000	4.4400
6.6650	323.0000	4.4400
6.6710	313.0000	4.4400
6.6759	309.0000	4.4400
6.6804	306.0000	4.4400
6.6859	307.0000	4.4400
6.6909	312.0000	4.4400
6.6959	327.0000	4.4400
6.7004	340.0000	4.4400
6.7060	361.0000	4.4400
6.7109	407.0000	4.4400
6.7159	469.0000	4.4400
6.7204	514.0000	4.4400
6.7260	552.0000	4.4400
6.7300	570.0000	4.4400
6.7360	589.0000	4.4400
6.7402	595.0000	4.4400
6.7458	584.0000	4.4400
6.7507	526.0000	4.4400
6.7559	464.0000	4.4400
6.7602	437.0000	4.4400
6.7650	402.0000	4.4400
6.7702	358.0000	4.4400
6.7755	327.0000	4.4368
6.7804	313.0000	4.4368
6.7858	306.0000	4.4368
6.7907	301.0000	4.4368
6.7957	300.0000	4.4368
6.8007	300.0000	4.4368
6.8057	303.0000	4.4368
6.8109	316.0000	4.4368
6.8160	329.0000	4.4368
6.8208	345.0000	4.4368
6.8259	368.0000	4.4368
6.8308	420.0000	4.4368
6.8359	483.0000	4.4368
6.8410	526.0000	4.4368
6.8458	554.0000	4.4368
6.8508	574.0000	4.4368
6.8558	583.0000	4.4368
6.8607	573.0000	4.4368
6.8657	524.0000	4.4368
6.8707	484.0000	4.4368
6.8757	448.0000	4.4368
6.8806	406.0000	4.4368
6.8857	356.0000	4.4368
6.8911	326.0000	4.4368
6.8952	317.0000	4.4368
6.9005	310.0000	4.4368
6.9056	306.0000	4.4368
6.9106	306.0000	4.4368
6.9156	308.0000	4.4368
6.9205	320.0000	4.4368
6.9253	333.0000	4.4368
6.9302	349.0000	4.4368
6.9354	381.0000	4.4368
6.9405	438.0000	4.4368
6.9455	497.0000	4.4368
6.9504	535.0000	4.4368
6.9553	562.0000	4.4368
6.9606	582.0000	4.4368
6.9657	593.0000	4.4368
6.9707	590.0000	4.4368
6.9757	548.0000	4.4368
6.9811	478.0000	4.4368
6.9851	446.0000	4.4368
6.9900	414.0000	4.4368
6.9954	366.0000	4.4368
7.0001	335.0000	4.4368
7.0059	315.0000	4.4368
7.0102	308.0000	4.4368
7.0155	302.0000	4.4368
7.0204	301.0000	4.4368
7.0252	300.0000	4.4368
7.0302	301.0000	4.3406
7.0351	310.0000	4.3406
7.0403	324.0000	4.3406
7.0452	339.0000	4.3406
7.0500	355.0000	4.3406
7.0555	400.0000	4.3406
7.0603	459.0000	4.3406
7.0653	509.0000	4.3406
7.0701	543.0000	4.3406
7.0760	570.0000	4.3406
7.0810	583.0000	4.3406
7.0858	584.0000	4.3406
7.0900	555.0000	4.3406
7.0960	498.0000	4.3406
7.1008	462.0000	4.3406
7.1057	427.0000	4.3406
7.1106	377.0000	4.3406
7.1156	337.0000	4.3406
7.1206	320.0000	4.3406
7.1254	312.0000	4.3406
7.1301	308.0000	4.3406
7.1350	307.0000	4.3406
7.1409	306.0000	4.3406
7.1458	315.0000	4.3406
7.1508	329.0000	4.3406
7.1557	343.0000	4.3406
7.1606	361.0000	4.3406
7.1660	410.0000	4.3406
7.1707	468.0000	4.3406
7.1752	512.0000	4.3406
7.1807	550.0000	4.3406
7.1860	575.0000	4.3406
7.1912	591.0000	4.3406
7.1959	599.0000	4.3406
7.2009	596.0000	4.3406
7.2058	556.0000	4.3406
7.2107	493.0000	4.3406
7.2157	448.0000	4.3406
7.2207	419.0000	4.3406
7.2258	376.0000	4.3406
7.2308	340.0000	4.3406
7.2357	321.0000	4.3406
7.2407	309.0000	4.3406
7.2455	304.0000	4.3406
7.2504	301.0000	4.3406
7.2553	300.0000	4.3406
7.2601	301.0000	4.3406
7.2661	309.0000	4.3406
7.2711	324.0000	4.3406
7.2760	339.0000	4.3406
7.2801	353.0000	4.3320
7.2860	404.0000	4.3320
7.2909	464.0000	4.3320
7.2957	513.0000	4.3320
7.3005	544.0000	4.3320
7.3052	566.0000	4.3320
7.3110	584.0000	4.3320
7.3158	583.0000	4.3320
7.3206	555.0000	4.3320
7.3255	508.0000	4.3320
7.3304	471.0000	4.3320
7.3353	440.0000	4.3320
7.3402	394.0000	4.3320
7.3460	344.0000	4.3320
7.3508	323.0000	4.3320
7.3558	313.0000	4.3320
7.3609	309.0000	4.3320
7.3658	306.0000	4.3320
7.3708	306.0000	4.3320
7.3758	309.0000	4.3320
7.3806	320.0000	4.3320
7.3857	335.0000	4.3320
7.3906	349.0000	4.3320
7.3955	379.0000	4.3320
7.4006	436.0000	4.3320
7.4054	493.0000	4.3320
7.4104	533.0000	4.3320
7.4153	560.0000	4.3320
7.4203	581.0000	4.3320
7.4253	592.0000	4.3320
7.4301	595.0000	4.3320
7.4357	559.0000	4.3320
7.4400	497.0000	4.3320
7.4458	447.0000	4.3320
7.4503	418.0000	4.3320
7.4561	367.0000	4.3320
7.4610	500.0000	4.3320
7.4655	317.0000	4.3320
7.4708	308.0000	4.3320
7.4758	303.0000	4.3320
7.4806	301.0000	4.3320
7.4855	300.0000	4.3320
7.4905	301.0000	4.3320
7.4956	311.0000	4.3320
7.5004	325.0000	4.3320
7.5055	341.0000	4.3320
7.5105	364.0000	4.3320
7.5154	416.0000	4.3320
7.5205	479.0000	4.3320
7.5253	522.0000	4.3320
7.5302	551.0000	4.3587
7.5351	571.0000	4.3587
7.5409	582.0000	4.3587
7.5459	568.0000	4.3587
7.5509	520.0000	4.3587
7.5558	479.0000	4.3587
7.5609	446.0000	4.3587
7.5657	401.0000	4.3587
7.5706	355.0000	4.3587
7.5756	327.0000	4.3587
7.5804	315.0000	4.3587
7.5853	310.0000	4.3587
7.5902	306.0000	4.3587
7.5951	306.0000	4.3587
7.6001	307.0000	4.3587
7.6060	321.0000	4.3587
7.6110	336.0000	4.3587
7.6159	352.0000	4.3587
7.6209	387.0000	4.3587
7.6259	446.0000	4.3587
7.6308	502.0000	4.3587
7.6358	540.0000	4.3587
7.6407	565.0000	4.3587
7.6459	584.0000	4.3587
7.6509	593.0000	4.3587
7.6560	586.0000	4.3587
7.6610	536.0000	4.3587
7.6660	472.0000	4.3587
7.6710	435.0000	4.3587
7.6751	407.0000	4.3587
7.6810	353.0000	4.3587
7.6860	327.0000	4.3587
7.6910	312.0000	4.3587
7.6959	306.0000	4.3587
7.7009	302.0000	4.3587
7.7050	301.0000	4.3587
7.7109	301.0000	4.3587
7.7160	305.0000	4.3587
7.7209	318.0000	4.3587
7.7258	332.0000	4.3587
7.7308	348.0000	4.3587
7.7359	379.0000	4.3587
7.7408	436.0000	4.3587
7.7457	494.0000	4.3587
7.7506	532.0000	4.3587
7.7559	560.0000	4.3587
7.7609	578.0000	4.3587
7.7658	583.0000	4.3587
7.7710	561.0000	4.3587
7.7759	512.0000	4.3587
7.7809	472.0000	4.4448
7.7860	439.0000	4.4448
7.7909	387.0000	4.4448
7.7960	344.0000	4.4448
7.8009	322.0000	4.4448
7.8059	313.0000	4.4448
7.8109	309.0000	4.4448
7.8159	306.0000	4.4448
7.8210	306.0000	4.4448
7.8260	312.0000	4.4448
7.8310	325.0000	4.4448
7.8360	341.0000	4.4448
7.8408	359.0000	4.4448
7.8459	403.0000	4.4448
7.8508	464.0000	4.4448
7.8559	516.0000	4.4448
7.8609	549.0000	4.4448
7.8659	572.0000	4.4448
7.8710	588.0000	4.4448
7.8750	594.0000	4.4448
7.8810	582.0000	4.4448
7.8859	524.0000	4.4448
7.8910	465.0000	4.4448
7.8960	432.0000	4.4448
7.9009	394.0000	4.4448
7.9061	351.0000	4.4448
7.9100	329.0000	4.4448
7.9160	311.0000	4.4448
7.9210	306.0000	4.4448
7.9259	302.0000	4.4448
7.9310	300.0000	4.4448
7.9360	300.0000	4.4448
7.9410	303.0000	4.4448
7.9451	314.0000	4.4448
7.9510	330.0000	4.4448
7.9551	342.0000	4.4448
7.9610	370.0000	4.4448
7.9659	421.0000	4.4448
7.9710	483.0000	4.4448
7.9761	526.0000	4.4448
7.9802	551.0000	4.4448
7.9850	571.0000	4.4448
7.9910	585.0000	4.4448
7.9959	577.0000	4.4448
8.0008	532.0000	4.4448
8.0059	487.0000	4.4448
8.0108	454.0000	4.4448
8.0158	412.0000	4.4448
8.0210	361.0000	4.4448
8.0260	329.0000	4.4448
8.0310	316.0000	4.4461
8.0350	311.0000	4.4461
8.0410	306.0000	4.4461
8.0450	306.0000	4.4461
8.0509	308.0000	4.4461
8.0558	318.0000	4.4461
8.0601	331.0000	4.4461
8.0654	346.0000	4.4461
8.0705	370.0000	4.4461
8.0755	423.0000	4.4461
8.0805	483.0000	4.4461
8.0854	527.0000	4.4461
8.0905	557.0000	4.4461
8.0956	579.0000	4.4461
8.1007	592.0000	4.4461
8.1055	598.0000	4.4461
8.1103	587.0000	4.4461
8.1152	531.0000	4.4461
8.1200	475.0000	4.4461
8.1259	431.0000	4.4461
8.1310	397.0000	4.4461
8.1359	356.0000	4.4461
8.1408	327.0000	4.4461
8.1458	314.0000	4.4461
8.1511	306.0000	4.4461
8.1551	303.0000	4.4461
8.1603	301.0000	4.4461
8.1652	299.0000	4.4461
8.1701	301.0000	4.4461
8.1751	308.0000	4.4461
8.1803	324.0000	4.4461
8.1853	339.0000	4.4461
8.1904	358.0000	4.4461
8.1953	404.0000	4.4461
8.2005	467.0000	4.4461
8.2055	515.0000	4.4461
8.2102	547.0000	4.4461
8.2152	568.0000	4.4461
8.2201	583.0000	4.4461
8.2254	582.0000	4.4461
8.2303	550.0000	4.4461
8.2356	500.0000	4.4461
8.2401	466.0000	4.4461
8.2451	435.0000	4.4461
8.2502	384.0000	4.4461
8.2558	338.0000	4.4461
8.2615	319.0000	4.4461
8.2664	310.0000	4.4461
8.2722	307.0000	4.4461
8.2767	306.0000	4.4461
8.2814	305.0000	4.4461
8.2878	317.0000	4.2583
8.2920	328.0000	4.2583
8.2980	346.0000	4.2583
8.3025	367.0000	4.2583
8.3072	416.0000	4.2583
8.3125	481.0000	4.2583
8.3167	519.0000	4.2583
8.3211	549.0000	4.2583
8.3261	572.0000	4.2583
8.3313	587.0000	4.2583
8.3369	596.0000	4.2583
8.3425	571.0000	4.2583
8.3473	506.0000	4.2583
8.3517	462.0000	4.2583
8.3561	429.0000	4.2583
8.3604	400.0000	4.2583
8.3655	354.0000	4.2583
8.3706	327.0000	4.2583
8.3757	312.0000	4.2583
8.3806	306.0000	4.2583
8.3856	303.0000	4.2583
8.3905	300.0000	4.2583
8.3955	300.0000	4.2583
8.4004	304.0000	4.2583
8.4052	317.0000	4.2583
8.4110	335.0000	4.2583
8.4158	351.0000	4.2583
8.4206	389.0000	4.2583
8.4259	455.0000	4.2583
8.4310	507.0000	4.2583
8.4359	542.0000	4.2583
8.4407	564.0000	4.2583
8.4455	580.0000	4.2583
8.4504	582.0000	4.2583
8.4553	556.0000	4.2583
8.4601	510.0000	4.2583
8.4660	464.0000	4.2583
8.4700	440.0000	4.2583
8.4759	381.0000	4.2583
8.4802	346.0000	4.2583
8.4860	321.0000	4.2583
8.4911	311.0000	4.2583
8.4960	309.0000	4.2583
8.5007	306.0000	4.2583
8.5058	306.0000	4.2583
8.5107	311.0000	4.2583
8.5158	324.0000	4.2583
8.5207	339.0000	4.2583
8.5256	356.0000	4.2583
8.5310	399.0000	4.2583
8.5359	459.0000	4.3932
8.5408	511.0000	4.3932
8.5459	547.0000	4.3932
8.5503	567.0000	4.3932
8.5557	586.0000	4.3932
8.5601	595.0000	4.3932
8.5654	587.0000	4.3932
8.5702	538.0000	4.3932
8.5753	473.0000	4.3932
8.5802	436.0000	4.3932
8.5853	400.0000	4.3932
8.5905	354.0000	4.3932
8.5957	327.0000	4.3932
8.6005	312.0000	4.3932
8.6052	306.0000	4.3932
8.6100	302.0000	4.3932
8.6159	299.0000	4.3932
8.6210	301.0000	4.3932
8.6258	307.0000	4.3932
8.6307	322.0000	4.3932
8.6356	337.0000	4.3932
8.6406	355.0000	4.3932
8.6459	406.0000	4.3932
8.6500	458.0000	4.3932
8.6552	512.0000	4.3932
8.6602	545.0000	4.3932
8.6653	568.0000	4.3932
8.6701	581.0000	4.3932
8.6754	576.0000	4.3932
8.6803	537.0000	4.3932
8.6853	491.0000	4.3932
8.6902	455.0000	4.3932
8.6953	419.0000	4.3932
8.7003	365.0000	4.3932
8.7051	333.0000	4.3932
8.7110	317.0000	4.3932
8.7159	309.0000	4.3932
8.7209	308.0000	4.3932
8.7257	305.0000	4.3932
8.7309	308.0000	4.3932
8.7358	318.0000	4.3932
8.7406	332.0000	4.3932
8.7455	348.0000	4.3932
8.7504	372.0000	4.3932
8.7556	433.0000	4.3932
8.7606	493.0000	4.3932
8.7655	531.0000	4.3932
8.7704	560.0000	4.3932
8.7753	578.0000	4.3932
8.7804	592.0000	4.3932
8.7852	593.0000	4.5466
8.7911	545.0000	4.5466
8.7951	492.0000	4.5466
8.8010	440.0000	4.5466
8.8059	409.0000	4.5466
8.8109	363.0000	4.5466
8.8158	330.0000	4.5466
8.8207	316.0000	4.5466
8.8254	307.0000	4.5466
8.8306	303.0000	4.5466
8.8357	301.0000	4.5466
8.8406	299.0000	4.5466
8.8456	303.0000	4.5466
8.8504	313.0000	4.5466
8.8556	328.0000	4.5466
8.8606	344.0000	4.5466
8.8654	365.0000	4.5466
8.8703	416.0000	4.5466
8.8752	475.0000	4.5466
8.8803	523.0000	4.5466
8.8856	554.0000	4.5466
8.8908	574.0000	4.5466
8.8961	586.0000	4.5466
8.9011	572.0000	4.5466
8.9053	533.0000	4.5466
8.9106	487.0000	4.5466
8.9154	450.0000	4.5466
8.9205	411.0000	4.5466
8.9253	361.0000	4.5466
8.9302	330.0000	4.5466
8.9350	317.0000	4.5466
8.9411	309.0000	4.5466
8.9460	307.0000	4.5466
8.9502	306.0000	4.5466
8.9556	309.0000	4.5466
8.9600	319.0000	4.5466
8.9655	334.0000	4.5466
8.9710	354.0000	4.5466
8.9752	382.0000	4.5466
8.9806	446.0000	4.5466
8.9858	505.0000	4.5466
8.9902	538.0000	4.5466
8.9958	567.0000	4.5466
9.0010	585.0000	4.5466
9.0052	594.0000	4.5466
9.0103	593.0000	4.5466
9.0155	551.0000	4.5466
9.0206	486.0000	4.5466
9.0258	442.0000	4.5466
9.0310	409.0000	4.5466
9.0350	373.0000	4.5466
9.0410	332.0000	4.4342
9.0459	317.0000	4.4342
9.0509	307.0000	4.4342
9.0559	303.0000	4.4342
9.0608	301.0000	4.4342
9.0657	299.0000	4.4342
9.0706	302.0000	4.4342
9.0756	309.0000	4.4342
9.0806	324.0000	4.4342
9.0853	338.0000	4.4342
9.0902	353.0000	4.4342
9.0956	397.0000	4.4342
9.1009	458.0000	4.4342
9.1058	510.0000	4.4342
9.1110	545.0000	4.4342
9.1150	563.0000	4.4342
9.1201	657.0000	4.4342
9.1251	583.0000	4.4342
9.1302	557.0000	4.4342
9.1354	506.0000	4.4342
9.1404	469.0000	4.4342
9.1453	436.0000	4.4342
9.1501	387.0000	4.4342
9.1556	342.0000	4.4342
9.1605	322.0000	4.4342
9.1650	313.0000	4.4342
9.1702	309.0000	4.4342
9.1754	306.0000	4.4342
9.1805	306.0000	4.4342
9.1856	311.0000	4.4342
9.1905	324.0000	4.4342
9.1954	339.0000	4.4342
9.2004	355.0000	4.4342
9.2052	394.0000	4.4342
9.2101	453.0000	4.4342
9.2160	514.0000	4.4342
9.2210	548.0000	4.4342
9.2258	570.0000	4.4342
9.2306	587.0000	4.4342
9.2356	595.0000	4.4342
9.2405	587.0000	4.4342
9.2454	536.0000	4.4342
9.2503	475.0000	4.4342
9.2552	439.0000	4.4342
9.2600	406.0000	4.4342
9.2660	351.0000	4.4342
9.2704	329.0000	4.4342
9.2759	312.0000	4.4342
9.2802	307.0000	4.4342
9.2857	302.0000	4.4342
9.2913	299.0000	4.4493
9.2956	301.0000	4.4493
9.3001	302.0000	4.4493
9.3054	313.0000	4.4493
9.3104	327.0000	4.4493
9.3156	342.0000	4.4493
9.3204	362.0000	4.4493
9.3259	414.0000	4.4493
9.3307	474.0000	4.4493
9.3356	520.0000	4.4493
9.3409	551.0000	4.4493
9.3458	573.0000	4.4493
9.3508	584.0000	4.4493
9.3550	658.0000	4.4493
9.3605	545.0000	4.4493
9.3658	494.0000	4.4493
9.3703	462.0000	4.4493
9.3756	422.0000	4.4493
9.3806	369.0000	4.4493
9.3853	336.0000	4.4493
9.3903	317.0000	4.4493
9.3951	312.0000	4.4493
9.4002	307.0000	4.4493
9.4055	306.0000	4.4493
9.4112	308.0000	4.4493
9.4152	315.0000	4.4493
9.4205	330.0000	4.4493
9.4257	345.0000	4.4493
9.4303	364.0000	4.4493
9.4351	410.0000	4.4493
9.4405	477.0000	4.4493
9.4457	529.0000	4.4493
9.4505	553.0000	4.4493
9.4558	577.0000	4.4493
9.4608	592.0000	4.4493
9.4654	598.0000	4.4493
9.4709	589.0000	4.4493
9.4755	535.0000	4.4493
9.4804	476.0000	4.4493
9.4855	438.0000	4.4493
9.4914	397.0000	4.4493
9.4959	361.0000	4.4493
9.5004	329.0000	4.4493
9.5057	315.0000	4.4493
9.5109	307.0000	4.4493
9.5160	302.0000	4.4493
9.5214	301.0000	4.4493
9.5257	299.0000	4.4493
9.5305	301.0000	4.4493
9.5355	310.0000	4.4493
9.5409	321.0000	4.3448
9.5457	341.0000	4.3448
9.5501	358.0000	4.3448
9.5558	415.0000	4.3448
9.5638	507.0000	4.3448
9.5657	522.0000	4.3448
9.5706	551.0000	4.3448
9.5760	572.0000	4.3448
9.5800	583.0000	4.3448
9.5852	581.0000	4.3448
9.5903	544.0000	4.3448
9.5954	498.0000	4.3448
9.6005	460.0000	4.3448
9.6055	426.0000	4.3448
9.6109	373.0000	4.3448
9.6161	334.0000	4.3448
9.6202	321.0000	4.3448
9.6253	311.0000	4.3448
9.6306	308.0000	4.3448
9.6359	306.0000	4.3448
9.6410	305.0000	4.3448
9.6460	313.0000	4.3448
9.6502	323.0000	4.3448
9.6555	339.0000	4.3448
9.6609	357.0000	4.3448
9.6651	389.0000	4.3448
9.6703	452.0000	4.3448
9.6757	509.0000	4.3448
9.6810	547.0000	4.3448
9.6852	567.0000	4.3448
9.6905	585.0000	4.3448
9.6958	596.0000	4.3448
9.7010	589.0000	4.3448
9.7053	549.0000	4.3448
9.7106	480.0000	4.3448
9.7161	437.0000	4.3448
9.7202	413.0000	4.3448
9.7254	365.0000	4.3448
9.7306	332.0000	4.3448
9.7361	315.0000	4.3448
9.7402	307.0000	4.3448
9.7455	303.0000	4.3448
9.7509	300.0000	4.3448
9.7552	300.0000	4.3448
9.7606	301.0000	4.3448
9.7660	312.0000	4.3448
9.7703	325.0000	4.3448
9.7755	340.0000	4.3448
9.7807	357.0000	4.3448
9.7859	417.0000	4.3448
9.7901	470.0000	4.3505
9.7956	522.0000	4.3505
9.8000	548.0000	4.3505
9.8053	571.0000	4.3505
9.8105	583.0000	4.3505
9.8160	573.0000	4.3505
9.8204	535.0000	4.3505
9.8258	486.0000	4.3505
9.8302	457.0000	4.3505
9.8351	421.0000	4.3505
9.8406	364.0000	4.3505
9.8460	331.0000	4.3505
9.8505	317.0000	4.3505
9.8550	312.0000	4.3505
9.8605	307.0000	4.3505
9.8659	305.0000	4.3505
9.8702	307.0000	4.3505
9.8753	316.0000	4.3505
9.8811	334.0000	4.3505
9.8856	349.0000	4.3505
9.8904	379.0000	4.3505
9.8953	437.0000	4.3505
9.9007	499.0000	4.3505
9.9052	534.0000	4.3505
9.9110	566.0000	4.3505
9.9155	581.0000	4.3505
9.9214	592.0000	4.3505
9.9258	575.0000	4.3505
9.9305	515.0000	4.3505
9.9356	460.0000	4.3505
9.9411	420.0000	4.3505
9.9462	375.0000	4.3505
9.9506	339.0000	4.3505
9.9553	320.0000	4.3505
9.9611	309.0000	4.3505
9.9651	304.0000	4.3505
9.9703	302.0000	4.3505
9.9762	301.0000	4.3505
9.9804	307.0000	4.3505
9.9856	322.0000	4.3505
9.9905	338.0000	4.3505
9.9958	364.0000	4.3505
10.0011	424.0000	4.3505
