1.00141	384.00	0	0.00
1.00356	319.00	0	0.00
1.00556	291.00	0	0.00
1.00753	271.00	0	0.00
1.00948	256.00	0	0.00
1.01144	244.00	0	0.00
1.01343	234.00	0	0.00
1.01551	228.00	0	0.00
1.01792	223.00	0	0.00
1.01999	218.00	0	0.00
1.02231	213.00	0	0.00
1.02431	212.00	0	0.00
1.02631	209.00	0	0.00
1.02826	206.00	0	0.00
1.03026	204.00	0	0.00
1.03241	206.00	0	0.00
1.03479	207.00	0	0.00
1.03686	208.00	0	0.00
1.03884	209.00	0	0.00
1.04091	210.00	0	0.00
1.04308	212.00	0	0.00
1.04556	214.00	0	0.00
1.04777	217.00	0	0.00
1.04998	220.00	0	0.00
1.05215	223.00	0	0.00
1.05435	232.00	0	0.00
1.05656	254.00	1	0.00
1.05879	289.00	0	0.00
1.06096	333.00	0	0.00
1.06314	382.00	0	0.00
1.06548	451.00	0	0.00
1.06991	514.00	0	0.00
1.07299	568.00	0	0.00
1.07664	606.00	0	0.00
1.07926	608.00	0	0.00
1.08221	580.00	0	0.00
1.08467	535.00	1	0.00
1.08676	521.00	0	0.00
1.08889	547.00	0	0.00
1.09105	565.00	0	0.00
1.09321	573.00	1	0.00
1.09539	568.00	0	0.00
1.09752	564.00	0	0.00
1.09975	566.00	0	0.00
1.10233	560.00	0	0.00
1.10694	545.00	0	0.00
1.11008	436.00	0	0.00
1.11339	335.00	0	0.00
1.11589	287.00	1	0.00
1.11872	257.00	0	0.00
1.12114	237.00	0	0.00
1.12330	225.00	0	0.00
1.12545	218.00	0	0.00
1.12762	215.00	0	0.00
1.12994	212.00	0	0.00
1.13214	209.00	0	0.00
1.13475	208.00	0	0.00
1.13706	208.00	0	0.00
1.13956	208.00	0	0.00
1.14356	206.00	0	0.00
1.14662	201.00	0	0.00
1.14998	193.00	0	0.00
1.15247	187.00	0	0.00
1.15487	201.00	0	0.00
1.15770	227.00	1	0.00
1.16008	260.00	0	0.00
1.16230	304.00	0	0.00
1.16457	354.00	0	0.00
1.16705	404.00	0	0.00
1.16941	441.00	0	0.00
1.17172	467.00	0	0.00
1.17401	497.00	0	0.00
1.17638	530.00	0	0.00
1.18012	553.00	0	0.00
1.18300	585.00	0	0.00
1.18637	586.00	0	0.00
1.18890	568.00	0	0.00
1.19123	545.00	1	0.00
1.19413	511.00	0	0.00
1.19658	486.00	0	0.00
1.19906	438.00	0	0.00
1.20144	344.00	0	0.00
1.20375	300.00	0	0.00
1.20601	275.00	0	0.00
1.20816	258.00	0	0.00
1.21043	244.00	0	0.00
1.21275	230.00	0	0.00
1.21659	223.00	0	0.00
1.21949	215.00	0	0.00
1.22306	211.00	0	0.00
1.22549	207.00	0	0.00
1.22827	204.00	0	0.00
1.23122	207.00	0	0.00
1.23395	208.00	0	0.00
1.23635	209.00	0	0.00
1.23860	210.00	0	0.00
1.24077	211.00	0	0.00
1.24297	214.00	0	0.00
1.24514	216.00	0	0.00
1.24732	219.00	0	0.00
1.24955	225.00	0	0.00
1.25372	249.00	1	0.00
1.26073	391.00	0	6.23
1.26354	447.00	0	6.23
1.27036	558.00	0	6.23
1.27256	588.00	0	6.23
1.27857	590.00	0	6.23
1.28466	536.00	0	6.23
1.29113	567.00	0	6.23
1.29869	557.00	1	6.23
1.30521	474.00	0	6.23
1.31133	290.00	0	6.23
1.31356	261.00	0	6.23
1.31958	221.00	0	6.23
1.32688	210.00	0	6.23
1.33458	208.00	0	6.23
1.34138	201.00	0	6.23
1.34780	189.00	0	6.23
1.35389	251.00	1	6.23
1.35999	374.00	0	6.23
1.36321	445.00	0	6.23
1.37171	535.00	0	6.23
1.37454	552.00	0	6.23
1.38093	581.00	0	6.23
1.38711	523.00	0	6.23
1.39323	429.00	0	6.23
1.39577	332.00	0	6.23
1.39823	292.00	1	6.23
1.40491	237.00	0	6.23
1.41208	218.00	0	6.23
1.41854	208.00	0	6.23
1.42459	207.00	0	6.23
1.43108	210.00	0	6.23
1.43826	218.00	0	6.23
1.44556	248.00	1	6.23
1.45256	379.00	0	6.23
1.45499	427.00	0	6.23
1.46109	539.00	0	6.23
1.46350	573.00	0	6.23
1.46965	593.00	0	6.23
1.47669	541.00	0	6.23
1.48349	564.00	0	6.23
1.49036	555.00	1	6.23
1.49691	461.00	0	6.23
1.49938	368.00	0	6.23
1.50170	311.00	0	6.23
1.50765	238.00	0	6.23
1.51475	215.00	0	5.22
1.52148	208.00	0	5.22
1.52858	205.00	0	5.22
1.53498	196.00	0	5.22
1.54105	206.00	0	5.22
1.54718	301.00	0	5.22
1.54960	369.00	1	5.22
1.55768	491.00	0	5.22
1.56127	524.00	0	5.22
1.56808	582.00	0	5.22
1.57425	548.00	0	5.22
1.58034	477.00	1	5.22
1.58651	304.00	0	5.22
1.58940	262.00	0	5.22
1.59751	226.00	0	5.22
1.60453	212.00	0	5.22
1.61051	205.00	0	5.22
1.61657	209.00	0	5.22
1.62274	213.00	0	5.22
1.63017	222.00	0	5.22
1.63709	297.00	1	5.22
1.64384	439.00	0	5.22
1.64618	481.00	0	5.22
1.65220	577.00	0	5.22
1.65457	601.00	0	5.22
1.66102	551.00	0	5.22
1.66775	563.00	0	5.22
1.67458	565.00	1	5.22
1.68119	553.00	0	5.22
1.68768	368.00	0	5.22
1.69031	303.00	0	5.22
1.69657	233.00	0	5.22
1.70351	214.00	0	5.22
1.71064	208.00	0	5.22
1.71748	206.00	0	5.22
1.72380	191.00	0	5.22
1.73010	220.00	0	5.22
1.73616	328.00	0	5.22
1.73864	397.00	1	5.22
1.74683	504.00	0	5.22
1.75013	534.00	0	5.22
1.75696	586.00	0	5.22
1.76324	539.00	0	5.22
1.76940	467.00	1	5.29
1.77546	294.00	0	5.29
1.77876	257.00	0	5.29
1.78629	224.00	0	5.29
1.79380	210.00	0	5.29
1.80022	207.00	0	5.29
1.80633	210.00	0	5.29
1.81245	215.00	0	5.29
1.81952	229.00	0	5.29
1.82691	348.00	0	5.29
1.82979	412.00	1	5.29
1.83632	525.00	0	5.29
1.83849	559.00	0	5.29
1.84461	597.00	0	5.29
1.85071	520.00	0	5.29
1.85781	570.00	0	5.29
1.86483	558.00	1	5.29
1.87144	493.00	0	5.29
1.87754	296.00	0	5.29
1.87980	265.00	0	5.29
1.88602	221.00	0	5.29
1.89327	210.00	0	5.29
1.90021	208.00	0	5.29
1.90696	201.00	0	5.29
1.91346	191.00	0	5.29
1.91962	259.00	1	5.29
1.92587	386.00	0	5.29
1.92823	438.00	0	5.29
1.93617	531.00	0	5.29
1.93955	554.00	0	5.29
1.94621	571.00	0	5.29
1.95245	507.00	0	5.29
1.95889	353.00	0	5.29
1.96118	304.00	1	5.29
1.96826	240.00	0	5.29
1.97523	218.00	0	5.29
1.98217	207.00	0	5.29
1.98865	207.00	0	5.29
1.99481	210.00	0	5.29
2.00088	218.00	0	5.29
2.00735	236.00	0	5.29
2.01416	355.00	0	5.29
2.01665	419.00	1	5.21
2.02357	537.00	0	5.21
2.02610	574.00	0	5.21
2.03214	593.00	0	5.21
2.03828	527.00	0	5.21
2.04491	565.00	0	5.21
2.05184	559.00	0	5.21
2.05890	465.00	0	5.21
2.06143	376.00	1	5.21
2.06739	259.00	0	5.21
2.06975	238.00	0	5.21
2.07581	217.00	0	5.21
2.08279	209.00	0	5.21
2.08993	207.00	0	5.21
2.09674	193.00	0	5.21
2.10319	216.00	0	5.21
2.10928	323.00	0	5.21
2.11151	368.00	1	5.21
2.11789	481.00	0	5.21
2.12212	519.00	0	5.21
2.12907	582.00	0	5.21
2.13593	543.00	0	5.21
2.14205	473.00	1	5.21
2.14821	294.00	0	5.21
2.15057	270.00	0	5.21
2.15840	228.00	0	5.21
2.16571	212.00	0	5.21
2.17270	206.00	0	5.21
2.17890	209.00	0	5.21
2.18509	215.00	0	5.21
2.19129	223.00	0	5.21
2.19785	292.00	1	5.21
2.20457	445.00	0	5.21
2.20734	493.00	0	5.21
2.21352	585.00	0	5.21
2.21577	601.00	0	5.21
2.22221	523.00	1	5.21
2.22844	565.00	0	5.21
2.23499	564.00	0	5.21
2.24177	550.00	0	5.21
2.24835	330.00	0	5.21
2.25138	282.00	0	5.21
2.25753	226.00	0	5.21
2.26369	214.00	0	5.21
2.27064	208.00	0	5.21
2.27782	204.00	0	6.22
2.28478	188.00	0	6.22
2.29120	244.00	1	6.22
2.29728	365.00	0	6.22
2.29954	411.00	0	6.22
2.30561	500.00	0	6.22
2.31366	573.00	0	6.22
2.32116	548.00	0	6.22
2.32796	477.00	0	6.22
2.33404	300.00	0	6.22
2.33626	274.00	1	6.22
2.34231	234.00	0	6.22
2.34912	216.00	0	6.22
2.35622	205.00	0	6.22
2.36318	209.00	0	6.22
2.36936	213.00	0	6.22
2.37547	220.00	0	6.22
2.38158	260.00	1	6.22
2.38827	399.00	0	6.22
2.39155	472.00	0	6.22
2.39894	581.00	0	6.22
2.40130	597.00	0	6.22
2.40733	526.00	1	6.22
2.41349	562.00	0	6.22
2.41985	562.00	0	6.22
2.42666	550.00	0	6.22
2.43393	329.00	0	6.22
2.43654	279.00	0	6.22
2.44288	226.00	0	6.22
2.44912	213.00	0	6.22
2.45527	208.00	0	6.22
2.46215	206.00	0	6.22
2.46888	190.00	0	6.22
2.47560	226.00	0	6.22
2.48182	346.00	0	6.22
2.48420	399.00	1	6.22
2.49045	485.00	0	6.22
2.49759	556.00	0	6.22
2.50477	559.00	0	6.22
2.51160	490.00	0	6.22
2.51850	308.00	0	6.22
2.52084	279.00	1	6.22
2.52707	236.00	0	5.42
2.53331	216.00	0	5.42
2.54130	205.00	0	5.42
2.54865	209.00	0	5.42
2.55535	213.00	0	5.42
2.56139	222.00	0	5.42
2.56751	277.00	1	5.42
2.57462	435.00	0	5.42
2.57697	476.00	0	5.42
2.58431	592.00	0	5.42
2.58731	597.00	0	5.42
2.59381	516.00	1	5.42
2.59987	567.00	0	5.42
2.60603	562.00	0	5.42
2.61321	520.00	0	5.42
2.62080	282.00	0	5.42
2.62403	253.00	0	5.42
2.63050	217.00	0	5.42
2.63655	209.00	0	5.42
2.64267	208.00	0	5.42
2.64906	200.00	0	5.42
2.65741	207.00	0	5.42
2.66462	324.00	0	5.42
2.66747	381.00	1	5.42
2.67388	475.00	0	5.42
2.67612	501.00	0	5.42
2.68233	560.00	0	5.42
2.68941	558.00	0	5.42
2.69659	479.00	0	5.42
2.70344	297.00	0	5.42
2.70591	271.00	1	5.42
2.71205	231.00	0	5.42
2.71838	216.00	0	5.42
2.72488	206.00	0	5.42
2.73272	209.00	0	5.42
2.73951	214.00	0	5.42
2.74604	225.00	0	5.42
2.75207	296.00	1	5.42
2.75823	433.00	0	5.42
2.76060	491.00	0	5.42
2.76837	596.00	0	5.42
2.77182	592.00	0	5.42
2.77876	532.00	1	5.42
2.78485	566.00	0	5.42
2.79090	561.00	0	5.42
2.79700	532.00	0	5.42
2.80363	297.00	0	5.42
2.80738	255.00	0	5.42
2.81433	218.00	0	5.42
2.82026	210.00	0	5.42
2.82640	208.00	0	5.42
2.83249	204.00	0	5.42
2.83915	188.00	0	5.42
2.84595	246.00	1	5.42
2.85247	380.00	0	5.42
2.85506	423.00	0	5.42
2.86109	501.00	0	5.42
2.86717	556.00	0	5.42
2.87423	569.00	0	5.42
2.88110	498.00	0	5.42
2.88800	321.00	0	5.42
2.89055	290.00	1	5.42
2.89656	240.00	0	5.42
2.90269	221.00	0	5.42
2.90894	210.00	0	5.42
2.91700	208.00	0	5.42
2.92411	211.00	0	5.42
2.93005	216.00	0	5.42
2.93612	226.00	0	5.42
2.94222	300.00	1	5.42
2.94929	452.00	0	5.42
2.95157	499.00	0	5.42
2.95910	604.00	0	5.42
2.96198	613.00	0	5.42
2.96869	525.00	1	5.42
2.97496	569.00	0	5.42
2.98111	567.00	0	5.42
2.98809	558.00	0	5.42
2.99508	413.00	0	5.42
2.99834	321.00	0	5.42
3.00138	275.00	0	5.42
3.00781	225.00	0	5.42
3.01401	213.00	0	5.42
3.02004	208.00	0	5.42
3.02681	207.00	0	5.42
3.03410	198.00	0	5.27
3.04096	195.00	0	5.27
3.04720	267.00	1	5.27
3.05323	386.00	0	5.27
3.05544	429.00	0	5.27
3.06186	516.00	0	5.27
3.07064	589.00	0	5.27
3.07791	565.00	0	5.27
3.08392	502.00	0	5.27
3.09002	353.00	0	5.27
3.09227	304.00	1	5.27
3.09858	247.00	0	5.27
3.10522	223.00	0	5.27
3.11253	210.00	0	5.27
3.11909	204.00	0	5.27
3.12522	208.00	0	5.27
3.13148	212.00	0	5.27
3.13800	219.00	0	5.27
3.14616	260.00	1	5.27
3.15307	388.00	0	5.27
3.15587	445.00	0	5.27
3.16233	549.00	0	5.27
3.16476	584.00	0	5.27
3.17094	625.00	0	5.27
3.17803	525.00	0	5.27
3.18043	543.00	0	5.27
3.18769	577.00	0	5.27
3.19466	570.00	0	5.27
3.20096	557.00	0	5.27
3.20709	394.00	0	5.27
3.20933	331.00	1	5.27
3.21640	241.00	0	5.27
3.21888	224.00	0	5.27
3.22653	212.00	0	5.27
3.23352	207.00	0	5.27
3.23965	207.00	0	5.27
3.24578	201.00	0	5.27
3.25260	189.00	0	5.27
3.26061	266.00	1	5.27
3.26798	400.00	0	5.27
3.27042	442.00	0	5.27
3.27641	513.00	0	5.27
3.28266	564.00	0	5.27
3.28893	605.00	0	4.69
3.29615	545.00	0	4.69
3.30386	455.00	0	4.69
3.30661	368.00	1	4.69
3.31259	270.00	0	4.69
3.31486	254.00	0	4.69
3.32096	227.00	0	4.69
3.32725	214.00	0	4.69
3.33448	206.00	0	4.69
3.34182	206.00	0	4.69
3.34848	210.00	0	4.69
3.35455	214.00	0	4.69
3.36080	222.00	0	4.69
3.36799	285.00	1	4.69
3.37546	435.00	0	4.69
3.37848	481.00	0	4.69
3.38502	581.00	0	4.69
3.38717	607.00	0	4.69
3.39335	628.00	0	4.69
3.39972	529.00	0	4.69
3.40203	535.00	0	4.69
3.40855	582.00	0	4.69
3.41599	573.00	0	4.69
3.42258	557.00	0	4.69
3.42914	398.00	0	4.69
3.43144	335.00	1	4.69
3.43756	251.00	0	4.69
3.44445	217.00	0	4.69
3.45136	210.00	0	4.69
3.45815	207.00	0	4.69
3.46470	205.00	0	4.69
3.47082	198.00	0	4.69
3.47704	188.00	0	4.69
3.48366	244.00	0	4.69
3.49115	385.00	0	4.69
3.49431	443.00	1	4.69
3.50103	516.00	0	4.69
3.50722	566.00	0	4.69
3.51335	610.00	0	4.69
3.52036	563.00	0	4.69
3.52778	482.00	1	4.69
3.53482	304.00	0	4.69
3.53759	277.00	0	4.52
3.54377	239.00	0	4.52
3.54992	222.00	0	4.52
3.55659	209.00	0	4.52
3.56516	204.00	0	4.52
3.57221	208.00	0	4.52
3.57826	211.00	0	4.52
3.58440	217.00	0	4.52
3.59069	227.00	0	4.52
3.59755	298.00	1	4.52
3.60430	442.00	0	4.52
3.60685	482.00	0	4.52
3.61343	579.00	0	4.52
3.61559	608.00	0	4.52
3.62204	633.00	0	4.52
3.62827	535.00	0	4.52
3.63061	535.00	0	4.52
3.63788	580.00	0	4.52
3.64538	572.00	0	4.52
3.65198	558.00	0	4.52
3.65857	399.00	0	4.52
3.66085	336.00	1	4.52
3.66703	252.00	0	4.52
3.67412	217.00	0	4.52
3.68090	209.00	0	4.52
3.68787	206.00	0	4.52
3.69448	205.00	0	4.52
3.70064	198.00	0	4.52
3.70682	187.00	0	4.52
3.71329	235.00	0	4.52
3.72047	366.00	0	4.52
3.72341	423.00	1	4.52
3.73030	503.00	0	4.52
3.73637	561.00	0	4.52
3.74262	603.00	0	4.52
3.74987	581.00	0	4.52
3.75725	504.00	1	4.52
3.76460	338.00	0	4.52
3.76735	297.00	0	4.52
3.77354	248.00	0	4.52
3.77969	226.00	0	4.52
3.78631	212.00	0	4.52
3.79459	204.00	0	4.36
3.80182	208.00	0	4.36
3.80811	210.00	0	4.36
3.81434	215.00	0	4.36
3.82060	222.00	0	4.36
3.82738	267.00	1	4.36
3.83431	399.00	0	4.36
3.83658	444.00	0	4.36
3.84303	551.00	0	4.36
3.84524	581.00	0	4.36
3.85143	638.00	0	4.36
3.85764	585.00	0	4.36
3.86432	554.00	0	4.36
3.87108	580.00	1	4.36
3.87769	572.00	0	4.36
3.88398	561.00	0	4.36
3.89023	415.00	0	4.36
3.89246	348.00	0	4.36
3.89977	247.00	0	4.36
3.90223	229.00	0	4.36
3.90974	212.00	0	4.36
3.91659	207.00	0	4.36
3.92299	206.00	0	4.36
3.92917	205.00	0	4.36
3.93546	193.00	0	4.36
3.94372	213.00	0	4.36
3.95133	322.00	0	4.36
3.95428	374.00	1	4.36
3.96059	474.00	0	4.36
3.96296	495.00	0	4.36
3.96906	556.00	0	4.36
3.97622	611.00	0	4.36
3.98363	570.00	0	4.36
3.99111	500.00	1	4.36
3.99748	352.00	0	4.36
3.99975	306.00	0	4.36
4.00593	252.00	0	4.36
4.01227	225.00	0	4.36
4.02074	211.00	0	4.36
4.02801	204.00	0	4.36
4.03484	207.00	0	4.36
4.04098	210.00	0	4.36
4.04732	213.00	0	4.28
4.05470	222.00	0	4.28
4.06180	273.00	1	4.28
4.06865	400.00	0	4.28
4.07084	444.00	0	4.28
4.07697	549.00	0	4.28
4.07949	584.00	0	4.28
4.08581	638.00	0	4.28
4.09271	569.00	0	4.28
4.09966	567.00	0	4.28
4.10650	576.00	1	4.28
4.11319	570.00	0	4.28
4.11943	557.00	0	4.28
4.12584	367.00	0	4.28
4.12993	296.00	0	4.28
4.13673	232.00	0	4.28
4.14374	212.00	0	4.28
4.15062	207.00	0	4.28
4.15678	206.00	0	4.28
4.16304	204.00	0	4.28
4.16960	196.00	0	4.28
4.17706	195.00	0	4.28
4.18404	268.00	1	4.28
4.19021	383.00	0	4.28
4.19248	429.00	0	4.28
4.19867	500.00	0	4.28
4.20579	567.00	0	4.28
4.21297	617.00	0	4.28
4.22031	573.00	0	4.28
4.22669	509.00	1	4.28
4.23288	394.00	0	4.28
4.23515	326.00	0	4.28
4.24145	254.00	0	4.28
4.25021	223.00	0	4.28
4.25735	212.00	0	4.28
4.26349	206.00	0	4.28
4.26958	205.00	0	4.28
4.27591	209.00	0	4.28
4.28310	213.00	0	4.28
4.29002	221.00	0	4.28
4.29683	249.00	1	4.28
4.30305	349.00	0	4.25
4.30550	403.00	0	4.25
4.31185	514.00	0	4.25
4.31417	550.00	0	4.25
4.32071	631.00	0	4.25
4.32748	616.00	0	4.25
4.33427	537.00	0	4.25
4.34048	584.00	1	4.25
4.34676	574.00	0	4.25
4.35290	563.00	0	4.25
4.36102	429.00	0	4.25
4.36434	334.00	0	4.25
4.36705	288.00	0	4.25
4.37419	230.00	0	4.25
4.38043	212.00	0	4.25
4.38658	208.00	0	4.25
4.39337	206.00	0	4.25
4.40104	205.00	0	4.25
4.40825	193.00	0	4.25
4.41535	200.00	0	4.25
4.42166	269.00	1	4.25
4.42783	383.00	0	4.25
4.43020	442.00	0	4.25
4.43852	531.00	0	4.25
4.44631	582.00	0	4.25
4.45264	621.00	0	4.25
4.45877	577.00	0	4.25
4.46491	511.00	1	4.25
4.47240	346.00	0	4.25
4.47489	296.00	0	4.25
4.48259	243.00	0	4.25
4.48934	222.00	0	4.25
4.49543	213.00	0	4.25
4.50201	205.00	0	4.25
4.50933	206.00	0	4.25
4.51662	210.00	0	4.25
4.52357	214.00	0	4.25
4.53028	221.00	0	4.25
4.53655	254.00	1	4.25
4.54281	356.00	0	4.25
4.54524	423.00	0	4.25
4.55309	553.00	0	4.25
4.55642	591.00	0	4.17
4.56312	639.00	0	4.17
4.56943	567.00	0	4.17
4.57568	561.00	0	4.17
4.58208	578.00	1	4.17
4.59026	570.00	0	4.17
4.59773	528.00	0	4.17
4.60481	324.00	0	4.17
4.60721	288.00	0	4.17
4.61342	234.00	0	4.17
4.61960	213.00	0	4.17
4.62652	207.00	0	4.17
4.63444	206.00	0	4.17
4.64135	204.00	0	4.17
4.64753	196.00	0	4.17
4.65376	187.00	0	4.17
4.66021	247.00	1	4.17
4.66847	389.00	0	4.17
4.67180	448.00	0	4.17
4.67900	521.00	0	4.17
4.68521	572.00	0	4.17
4.69131	614.00	0	4.17
4.69797	581.00	0	4.17
4.70693	493.00	1	4.17
4.71457	312.00	0	4.17
4.71723	286.00	0	4.17
4.72333	244.00	0	4.17
4.72954	223.00	0	4.17
4.73610	212.00	0	4.17
4.74430	204.00	0	4.17
4.75164	207.00	0	4.17
4.75788	209.00	0	4.17
4.76414	214.00	0	4.17
4.77052	221.00	0	4.17
4.77774	259.00	1	4.17
4.78469	384.00	0	4.17
4.78720	441.00	0	4.17
4.79402	546.00	0	4.17
4.79635	581.00	0	4.17
4.80276	642.00	0	4.17
4.80891	607.00	0	4.17
4.81565	541.00	1	4.15
4.82241	584.00	0	4.15
4.82920	575.00	0	4.15
4.83583	564.00	0	4.15
4.84205	458.00	0	4.15
4.84430	378.00	0	4.15
4.85168	256.00	0	4.15
4.85408	236.00	0	4.15
4.86179	212.00	0	4.15
4.86897	207.00	0	4.15
4.87543	207.00	0	4.15
4.88158	205.00	0	4.15
4.88790	196.00	0	4.15
4.89626	204.00	0	4.15
4.90417	303.00	0	4.15
4.90700	349.00	1	4.15
4.91320	458.00	0	4.15
4.91546	481.00	0	4.15
4.92165	543.00	0	4.15
4.92878	594.00	0	4.15
4.93629	596.00	0	4.15
4.94378	533.00	0	4.15
4.94995	469.00	1	4.15
4.95615	302.00	0	4.15
4.95846	280.00	0	4.15
4.96522	236.00	0	4.15
4.97353	217.00	0	4.15
4.98093	208.00	0	4.15
4.98727	203.00	0	4.15
4.99343	207.00	0	4.15
4.99983	210.00	0	4.15
5.00671	216.00	0	4.15
5.01370	225.00	0	4.15
5.02033	288.00	1	4.15
5.02686	414.00	0	4.15
5.02940	463.00	0	4.15
5.03561	558.00	0	4.15
5.03789	587.00	0	4.15
5.04447	645.00	0	4.15
5.05163	570.00	0	4.15
5.05815	563.00	0	4.15
5.06427	580.00	1	4.15
5.07054	574.00	0	4.02
5.07681	561.00	0	4.02
5.08483	373.00	0	4.02
5.08791	306.00	0	4.02
5.09470	240.00	0	4.02
5.10089	215.00	0	4.02
5.10699	210.00	0	4.02
5.11337	206.00	0	4.02
5.12147	205.00	0	4.02
5.12878	197.00	0	4.02
5.13541	186.00	0	4.02
5.14155	230.00	0	4.02
5.14765	329.00	0	4.02
5.14992	372.00	1	4.02
5.15700	483.00	0	4.02
5.16049	522.00	0	4.02
5.16731	574.00	0	4.02
5.17370	616.00	0	4.02
5.17987	580.00	0	4.02
5.18611	514.00	1	4.02
5.19258	414.00	0	4.02
5.19526	315.00	0	4.02
5.19868	279.00	0	4.02
5.20572	237.00	0	4.02
5.21217	221.00	0	4.02
5.21845	211.00	0	4.02
5.22477	205.00	0	4.02
5.23273	207.00	0	4.02
5.24020	210.00	0	4.02
5.24667	215.00	0	4.02
5.25281	221.00	0	4.02
5.25897	253.00	1	4.02
5.26617	377.00	0	4.02
5.26858	437.00	0	4.02
5.27604	551.00	0	4.02
5.27841	585.00	0	4.02
5.28508	645.00	0	4.02
5.29122	596.00	0	4.02
5.29741	547.00	0	4.02
5.30403	585.00	1	4.02
5.31088	576.00	0	4.02
5.31754	562.00	0	4.02
5.32377	464.00	0	4.17
5.32605	387.00	0	4.17
5.33222	270.00	0	4.17
5.33451	252.00	0	4.17
5.34098	218.00	0	4.17
5.34791	210.00	0	4.17
5.35483	206.00	0	4.17
5.36100	206.00	0	4.17
5.36719	203.00	0	4.17
5.37349	189.00	0	4.17
5.38200	226.00	0	4.17
5.38939	342.00	0	4.17
5.39206	392.00	1	4.17
5.39891	485.00	0	4.17
5.40119	510.00	0	4.17
5.40726	565.00	0	4.17
5.41410	614.00	0	4.17
5.42175	577.00	0	4.17
5.42950	500.00	1	4.17
5.43615	360.00	0	4.17
5.43845	308.00	0	4.17
5.44464	255.00	0	4.17
5.45099	226.00	0	4.17
5.45953	212.00	0	4.17
5.46737	205.00	0	4.17
5.47418	206.00	0	4.17
5.48037	209.00	0	4.17
5.48663	213.00	0	4.17
5.49436	221.00	0	4.17
5.50220	277.00	1	4.17
5.50929	410.00	0	4.17
5.51160	454.00	0	4.17
5.51773	554.00	0	4.17
5.51995	582.00	0	4.17
5.52628	646.00	0	4.17
5.53354	586.00	0	4.17
5.54046	562.00	0	4.17
5.54734	582.00	1	4.17
5.55342	574.00	0	4.17
5.55975	563.00	0	4.17
5.56634	407.00	0	4.17
5.57051	317.00	0	4.17
5.57294	274.00	0	4.11
5.58045	222.00	0	4.11
5.58725	212.00	0	4.11
5.59355	207.00	0	4.11
5.59988	206.00	0	4.11
5.60712	204.00	0	4.11
5.61418	192.00	0	4.11
5.62117	203.00	0	4.11
5.62763	283.00	1	4.11
5.63404	399.00	0	4.11
5.63628	444.00	0	4.11
5.64281	524.00	0	4.11
5.65075	581.00	0	4.11
5.65846	618.00	0	4.11
5.66533	563.00	0	4.11
5.67153	498.00	1	4.11
5.67785	348.00	0	4.11
5.68010	303.00	0	4.11
5.68758	243.00	0	4.11
5.69552	221.00	0	4.11
5.70278	210.00	0	4.11
5.70892	205.00	0	4.11
5.71517	206.00	0	4.11
5.72249	209.00	0	4.11
5.73021	216.00	0	4.11
5.73762	225.00	0	4.11
5.74429	278.00	1	4.11
5.75061	400.00	0	4.11
5.75283	446.00	0	4.11
5.75923	560.00	0	4.11
5.76339	606.00	0	4.11
5.77035	631.00	0	4.11
5.77738	525.00	0	4.11
5.77968	539.00	0	4.11
5.78590	584.00	0	4.11
5.79220	575.00	0	4.11
5.79970	564.00	0	4.11
5.80687	440.00	0	4.11
5.80949	365.00	1	4.11
5.81619	261.00	0	4.11
5.81848	243.00	0	4.11
5.82470	216.00	0	4.11
5.83114	210.00	0	3.81
5.83822	206.00	0	3.81
5.84534	206.00	0	3.81
5.85224	200.00	0	3.81
5.85875	186.00	0	3.81
5.86510	221.00	0	3.81
5.87144	338.00	0	3.81
5.87556	393.00	1	3.81
5.88254	492.00	0	3.81
5.88505	517.00	0	3.81
5.89214	577.00	0	3.81
5.89852	618.00	0	3.81
5.90475	580.00	0	3.81
5.91195	502.00	1	3.81
5.91940	332.00	0	3.81
5.92290	288.00	0	3.81
5.93010	240.00	0	3.81
5.93647	222.00	0	3.81
5.94275	212.00	0	3.81
5.94912	205.00	0	3.81
5.95767	207.00	0	3.81
5.96519	210.00	0	3.81
5.97156	215.00	0	3.81
5.97793	222.00	0	3.81
5.98414	256.00	1	3.81
5.99166	388.00	0	3.81
5.99420	451.00	0	3.81
6.00171	565.00	0	3.81
6.00446	599.00	0	3.81
6.01082	644.00	0	3.81
6.01704	580.00	0	3.81
6.02363	558.00	1	3.81
6.03028	581.00	0	3.81
6.03715	573.00	0	3.81
6.04381	560.00	0	3.81
6.05048	395.00	0	3.81
6.05300	329.00	0	3.81
6.05933	251.00	0	3.81
6.06637	217.00	0	3.81
6.07350	208.00	0	3.81
6.08042	206.00	0	3.81
6.08726	206.00	0	4.67
6.09376	199.00	0	4.67
6.09998	186.00	0	4.67
6.10799	249.00	1	4.67
6.11563	380.00	0	4.67
6.11873	437.00	0	4.67
6.12548	511.00	0	4.67
6.13173	566.00	0	4.67
6.13807	607.00	0	4.67
6.14508	588.00	0	4.67
6.15299	510.00	1	4.67
6.15987	386.00	0	4.67
6.16214	319.00	0	4.67
6.16840	258.00	0	4.67
6.17460	230.00	0	4.67
6.18162	215.00	0	4.67
6.18900	207.00	0	4.67
6.19626	205.00	0	4.67
6.20261	209.00	0	4.67
6.20881	212.00	0	4.67
6.21516	218.00	0	4.67
6.22218	236.00	0	4.67
6.22967	336.00	0	4.67
6.23229	397.00	1	4.67
6.23880	509.00	0	4.67
6.24103	543.00	0	4.67
6.24734	625.00	0	4.67
6.25390	621.00	0	4.67
6.26214	546.00	0	4.67
6.26977	584.00	1	4.67
6.27598	576.00	0	4.67
6.28236	562.00	0	4.67
6.28868	467.00	0	4.67
6.29097	371.00	0	4.67
6.29509	295.00	0	4.67
6.30222	231.00	0	4.67
6.30915	212.00	0	4.67
6.31586	207.00	0	4.67
6.32231	206.00	0	4.67
6.32857	204.00	0	4.67
6.33537	196.00	0	4.67
6.34309	196.00	0	4.06
6.35027	279.00	1	4.06
6.35682	397.00	0	4.06
6.35906	440.00	0	4.06
6.36529	510.00	0	4.06
6.37249	572.00	0	4.06
6.38013	615.00	0	4.06
6.38743	560.00	0	4.06
6.39377	495.00	1	4.06
6.39996	343.00	0	4.06
6.40230	301.00	0	4.06
6.40897	245.00	0	4.06
6.41721	221.00	0	4.06
6.42473	210.00	0	4.06
6.43115	204.00	0	4.06
6.43740	206.00	0	4.06
6.44365	209.00	0	4.06
6.45100	215.00	0	4.06
6.45802	222.00	0	4.06
6.46462	263.00	1	4.06
6.47108	376.00	0	4.06
6.47331	424.00	0	4.06
6.47964	533.00	0	4.06
6.48214	570.00	0	4.06
6.48884	639.00	0	4.06
6.49589	583.00	0	4.06
6.50266	557.00	0	4.06
6.50906	582.00	1	4.06
6.51569	575.00	0	4.06
6.52207	559.00	0	4.06
6.53033	365.00	0	4.06
6.53388	301.00	0	4.06
6.54078	235.00	0	4.06
6.54754	213.00	0	4.06
6.55390	208.00	0	4.06
6.56021	206.00	0	4.06
6.56865	205.00	0	4.06
6.57622	192.00	0	4.06
6.58359	205.00	0	4.06
6.58984	285.00	1	4.06
6.59621	405.00	0	4.17
6.59853	452.00	0	4.17
6.60583	532.00	0	4.17
6.61433	590.00	0	4.17
6.62125	605.00	0	4.17
6.62743	552.00	0	4.17
6.63378	485.00	1	4.17
6.64095	297.00	0	4.17
6.64399	273.00	0	4.17
6.65183	231.00	0	4.17
6.65864	218.00	0	4.17
6.66491	209.00	0	4.17
6.67112	203.00	0	4.17
6.67769	207.00	0	4.17
6.68618	211.00	0	4.17
6.69371	218.00	0	4.17
6.70024	229.00	0	4.17
6.70655	298.00	1	4.17
6.71321	432.00	0	4.17
6.71569	492.00	0	4.17
6.72397	605.00	0	4.17
6.72707	632.00	0	4.17
6.73387	617.00	0	4.17
6.74043	533.00	1	4.17
6.74703	583.00	0	4.17
6.75366	575.00	0	4.17
6.76122	562.00	0	4.17
6.76834	418.00	0	4.17
6.77098	349.00	0	4.17
6.77748	254.00	0	4.17
6.77999	237.00	0	4.17
6.78623	214.00	0	4.17
6.79349	208.00	0	4.17
6.80061	206.00	0	4.17
6.80772	205.00	0	4.17
6.81489	195.00	0	4.17
6.82118	192.00	0	4.17
6.82746	249.00	1	4.17
6.83424	373.00	0	4.17
6.83717	436.00	0	4.17
6.84502	521.00	0	4.17
6.85193	576.00	0	4.21
6.85818	617.00	0	4.21
6.86436	586.00	0	4.21
6.87158	512.00	1	4.21
6.87909	358.00	0	4.21
6.88199	298.00	0	4.21
6.88908	247.00	0	4.21
6.89529	225.00	0	4.21
6.90162	214.00	0	4.21
6.90861	205.00	0	4.21
6.91668	206.00	0	4.21
6.92402	210.00	0	4.21
6.93049	214.00	0	4.21
6.93678	220.00	0	4.21
6.94314	250.00	1	4.21
6.94999	362.00	0	4.21
6.95282	436.00	0	4.21
6.96022	554.00	0	4.21
6.96311	591.00	0	4.21
6.96964	642.00	0	4.21
6.97609	574.00	0	4.21
6.98255	566.00	0	4.21
6.99069	577.00	1	4.21
6.99846	568.00	0	4.21
7.00534	525.00	0	4.21
7.01177	333.00	0	4.21
7.01409	292.00	0	4.21
7.02041	230.00	0	4.21
7.02874	211.00	0	4.21
7.03633	207.00	0	4.21
7.04362	206.00	0	4.21
7.05002	204.00	0	4.21
7.05627	194.00	0	4.21
7.06360	204.00	0	4.21
7.07071	304.00	0	4.21
7.07381	362.00	1	4.21
7.08091	472.00	0	4.21
7.08310	493.00	0	4.21
7.08928	555.00	0	4.21
7.09556	596.00	0	4.21
7.10289	593.00	0	4.06
7.11058	513.00	1	4.06
7.11778	395.00	0	4.06
7.11994	327.00	0	4.06
7.12610	260.00	0	4.06
7.13235	231.00	0	4.06
7.13996	215.00	0	4.06
7.14751	206.00	0	4.06
7.15475	205.00	0	4.06
7.16116	209.00	0	4.06
7.16754	212.00	0	4.06
7.17412	218.00	0	4.06
7.18138	237.00	0	4.06
7.18912	340.00	0	4.06
7.19151	396.00	1	4.06
7.19841	519.00	0	4.06
7.20099	558.00	0	4.06
7.20730	631.00	0	4.06
7.21465	600.00	0	4.06
7.22232	557.00	0	4.06
7.22956	580.00	1	4.06
7.23639	572.00	0	4.06
7.24277	561.00	0	4.06
7.24901	424.00	0	4.06
7.25182	321.00	0	4.06
7.25505	285.00	0	4.06
7.26219	227.00	0	4.06
7.26935	212.00	0	4.06
7.27609	206.00	0	4.06
7.28246	206.00	0	4.06
7.28884	204.00	0	4.06
7.29705	189.00	0	4.06
7.30520	224.00	0	4.06
7.31193	326.00	0	4.06
7.31428	370.00	1	4.06
7.32057	472.00	0	4.06
7.32283	493.00	0	4.06
7.32968	565.00	0	4.06
7.33791	617.00	0	4.06
7.34537	573.00	0	4.06
7.35161	509.00	1	4.06
7.35792	383.00	0	4.15
7.36016	319.00	0	4.15
7.36676	251.00	0	4.15
7.37555	223.00	0	4.15
7.38311	211.00	0	4.15
7.38966	204.00	0	4.15
7.39599	206.00	0	4.15
7.40270	210.00	0	4.15
7.40950	214.00	0	4.15
7.41658	222.00	0	4.15
7.42349	262.00	1	4.15
7.42981	379.00	0	4.15
7.43232	434.00	0	4.15
7.43868	538.00	0	4.15
7.44093	570.00	0	4.15
7.44794	640.00	0	4.15
7.45557	562.00	0	4.15
7.46266	567.00	0	4.15
7.46905	579.00	1	4.15
7.47529	573.00	0	4.15
7.48269	554.00	0	4.15
7.49003	343.00	0	4.15
7.49265	300.00	0	4.15
7.49953	235.00	0	4.15
7.50574	213.00	0	4.15
7.51202	208.00	0	4.15
7.51928	206.00	0	4.15
7.52684	204.00	0	4.15
7.53402	195.00	0	4.15
7.54043	193.00	0	4.15
7.54673	254.00	1	4.15
7.55290	367.00	0	4.15
7.55590	437.00	0	4.15
7.56348	520.00	0	4.15
7.57073	573.00	0	4.15
7.57693	615.00	0	4.15
7.58315	578.00	0	4.15
7.58942	510.00	1	4.15
7.59610	389.00	0	4.15
7.59880	305.00	0	4.15
7.60644	247.00	0	4.15
7.61342	223.00	0	4.20
7.61969	213.00	0	4.20
7.62598	207.00	0	4.20
7.63303	206.00	0	4.20
7.64005	209.00	0	4.20
7.64693	213.00	0	4.20
7.65320	220.00	0	4.20
7.65944	238.00	0	4.20
7.66597	344.00	0	4.20
7.66980	408.00	1	4.20
7.67680	535.00	0	4.20
7.67925	566.00	0	4.20
7.68590	640.00	0	4.20
7.69215	611.00	0	4.20
7.69843	536.00	0	4.20
7.70571	584.00	1	4.20
7.71298	574.00	0	4.20
7.72014	558.00	0	4.20
7.72657	420.00	0	4.20
7.72879	353.00	0	4.20
7.73499	259.00	0	4.20
7.73715	243.00	0	4.20
7.74429	214.00	0	4.20
7.75135	208.00	0	4.20
7.75814	206.00	0	4.20
7.76487	204.00	0	4.20
7.77112	198.00	0	4.20
7.77759	190.00	0	4.20
7.78565	271.00	1	4.20
7.79309	404.00	0	4.20
7.79571	447.00	0	4.20
7.80193	516.00	0	4.20
7.80816	569.00	0	4.20
7.81462	617.00	0	4.20
7.82293	569.00	0	4.20
7.83043	496.00	1	4.20
7.83693	330.00	0	4.20
7.83979	293.00	0	4.20
7.84626	245.00	0	4.20
7.85257	224.00	0	4.20
7.85982	212.00	0	4.20
7.86732	204.00	0	4.15
7.87477	207.00	0	4.15
7.88147	210.00	0	4.15
7.88774	214.00	0	4.15
7.89409	222.00	0	4.15
7.90157	278.00	1	4.15
7.90974	436.00	0	4.15
7.91271	486.00	0	4.15
7.91908	578.00	0	4.15
7.92130	605.00	0	4.15
7.92758	641.00	0	4.15
7.93412	539.00	0	4.15
7.93881	551.00	0	4.15
7.94628	580.00	0	4.15
7.95318	572.00	0	4.15
7.95977	560.00	0	4.15
7.96622	403.00	0	4.15
7.96875	334.00	1	4.15
7.97617	243.00	0	4.15
7.97864	227.00	0	4.15
7.98642	212.00	0	4.15
7.99311	207.00	0	4.15
7.99944	206.00	0	4.15
8.00604	204.00	0	4.15
8.01341	192.00	0	4.15
8.02067	208.00	0	4.15
8.02796	303.00	0	4.15
8.03037	351.00	1	4.15
8.03703	464.00	0	4.15
8.03934	485.00	0	4.15
8.04571	548.00	0	4.15
8.05264	594.00	0	4.15
8.05974	596.00	0	4.15
8.06706	523.00	0	4.15
8.07364	443.00	1	4.15
8.07995	288.00	0	4.15
8.08236	268.00	0	4.15
8.08944	230.00	0	4.15
8.09675	215.00	0	4.15
8.10424	207.00	0	4.15
8.11092	204.00	0	4.15
8.11737	209.00	0	4.11
8.12363	211.00	0	4.11
8.13088	218.00	0	4.11
8.13913	243.00	0	4.11
8.14639	347.00	0	4.11
8.14858	393.00	1	4.11
8.15483	510.00	0	4.11
8.15707	544.00	0	4.11
8.16347	634.00	0	4.11
8.16817	637.00	0	4.11
8.17546	527.00	0	4.11
8.17830	543.00	0	4.11
8.18500	586.00	0	4.11
8.19120	575.00	0	4.11
8.19753	563.00	0	4.11
8.20546	426.00	0	4.11
8.20808	357.00	1	4.11
8.21540	249.00	0	4.11
8.21829	233.00	0	4.11
8.22455	213.00	0	4.11
8.23102	208.00	0	4.11
8.23758	206.00	0	4.11
8.24472	205.00	0	4.11
8.25177	196.00	0	4.11
8.25878	193.00	0	4.11
8.26530	260.00	1	4.11
8.27161	376.00	0	4.11
8.27399	421.00	0	4.11
8.28111	510.00	0	4.11
8.28830	573.00	0	4.11
8.29587	616.00	0	4.11
8.30288	567.00	0	4.11
8.30916	502.00	1	4.11
8.31549	357.00	0	4.11
8.31904	292.00	0	4.11
8.32649	240.00	0	4.11
8.33419	220.00	0	4.11
8.34087	210.00	0	4.11
8.34714	204.00	0	4.11
8.35338	206.00	0	4.11
8.36041	210.00	0	4.11
8.36871	216.00	0	4.11
8.37578	225.00	0	4.25
8.38211	281.00	1	4.25
8.38846	408.00	0	4.25
8.39084	454.00	0	4.25
8.39862	577.00	0	4.25
8.40116	612.00	0	4.25
8.40910	629.00	0	4.25
8.41595	526.00	0	4.25
8.41822	548.00	0	4.25
8.42442	584.00	0	4.25
8.43081	574.00	0	4.25
8.43806	560.00	0	4.25
8.44525	402.00	0	4.25
8.44767	329.00	1	4.25
8.45455	247.00	0	4.25
8.46099	216.00	0	4.25
8.46760	209.00	0	4.25
8.47467	206.00	0	4.25
8.48183	206.00	0	4.25
8.48875	198.00	0	4.25
8.49549	188.00	0	4.25
8.50229	242.00	0	4.25
8.50898	376.00	0	4.25
8.51237	424.00	1	4.25
8.51943	510.00	0	4.25
8.52649	571.00	0	4.25
8.53339	617.00	0	4.25
8.53978	584.00	0	4.25
8.54636	509.00	1	4.25
8.55476	328.00	0	4.25
8.55796	292.00	0	4.25
8.56503	241.00	0	4.25
8.57157	222.00	0	4.25
8.57789	211.00	0	4.25
8.58440	205.00	0	4.25
8.59278	208.00	0	4.25
8.60085	212.00	0	4.25
8.60790	218.00	0	4.25
8.61431	230.00	0	4.25
8.62058	300.00	1	4.25
8.62865	465.00	0	4.19
8.63124	512.00	0	4.19
8.63901	612.00	0	4.19
8.64157	639.00	0	4.19
8.64842	612.00	0	4.19
8.65479	534.00	1	4.19
8.66115	585.00	0	4.19
8.66883	576.00	0	4.19
8.67600	564.00	0	4.19
8.68273	431.00	0	4.19
8.68529	360.00	0	4.19
8.69146	261.00	0	4.19
8.69383	241.00	0	4.19
8.70055	215.00	0	4.19
8.70739	208.00	0	4.19
8.71493	206.00	0	4.19
8.72188	204.00	0	4.19
8.72824	196.00	0	4.19
8.73481	191.00	0	4.19
8.74204	270.00	1	4.19
8.74957	413.00	0	4.19
8.75237	454.00	0	4.19
8.75929	529.00	0	4.19
8.76603	577.00	0	4.19
8.77248	615.00	0	4.19
8.77960	554.00	0	4.19
8.78714	474.00	1	4.19
8.79493	292.00	0	4.19
8.79789	267.00	0	4.19
8.80444	233.00	0	4.19
8.81076	220.00	0	4.19
8.81786	209.00	0	4.19
8.82562	204.00	0	4.19
8.83341	209.00	0	4.19
8.84055	212.00	0	4.19
8.84698	219.00	0	4.19
8.85326	233.00	0	4.19
8.86016	332.00	0	4.19
8.86364	417.00	1	4.19
8.87200	549.00	0	4.19
8.87484	583.00	0	4.11
8.88115	641.00	0	4.11
8.88746	589.00	0	4.11
8.89398	562.00	0	4.11
8.90310	576.00	1	4.11
8.91091	565.00	0	4.11
8.91798	517.00	0	4.11
8.92421	322.00	0	4.11
8.92651	286.00	0	4.11
8.93311	227.00	0	4.11
8.94186	212.00	0	4.11
8.94925	206.00	0	4.11
8.95545	207.00	0	4.11
8.96192	203.00	0	4.11
8.96854	191.00	0	4.11
8.97532	210.00	0	4.11
8.98268	314.00	0	4.11
8.98494	355.00	1	4.11
8.99155	468.00	0	4.11
8.99400	493.00	0	4.11
9.00057	557.00	0	4.11
9.00683	597.00	0	4.11
9.01430	590.00	0	4.11
9.02208	514.00	1	4.11
9.02930	381.00	0	4.11
9.03172	314.00	0	4.11
9.03820	255.00	0	4.11
9.04456	228.00	0	4.11
9.05174	213.00	0	4.11
9.05976	206.00	0	4.11
9.06733	207.00	0	4.11
9.07366	210.00	0	4.11
9.07999	214.00	0	4.11
9.08731	222.00	0	4.11
9.09492	283.00	1	4.11
9.10280	431.00	0	4.11
9.10524	472.00	0	4.11
9.11150	569.00	0	4.11
9.11385	599.00	0	4.11
9.12007	643.00	0	4.11
9.12782	547.00	0	4.11
9.13060	537.00	0	4.32
9.13855	584.00	0	4.32
9.14538	574.00	0	4.32
9.15158	563.00	0	4.32
9.15792	451.00	0	4.32
9.16036	361.00	0	4.32
9.16334	288.00	1	4.32
9.17169	224.00	0	4.32
9.17918	212.00	0	4.32
9.18569	207.00	0	4.32
9.19216	207.00	0	4.32
9.19884	204.00	0	4.32
9.20605	191.00	0	4.32
9.21384	210.00	0	4.32
9.22058	301.00	0	4.32
9.22272	342.00	1	4.32
9.22916	460.00	0	4.32
9.23158	482.00	0	4.32
9.23810	552.00	0	4.32
9.24642	610.00	0	4.32
9.25401	583.00	0	4.32
9.26094	513.00	0	4.32
9.26733	401.00	0	4.32
9.26972	326.00	1	4.32
9.27632	253.00	0	4.32
9.28440	225.00	0	4.32
9.29182	212.00	0	4.32
9.29909	205.00	0	4.32
9.30535	206.00	0	4.32
9.31166	209.00	0	4.32
9.31874	213.00	0	4.32
9.32641	221.00	0	4.32
9.33392	270.00	1	4.32
9.34060	390.00	0	4.32
9.34285	437.00	0	4.32
9.34925	544.00	0	4.32
9.35151	574.00	0	4.32
9.35850	642.00	0	4.32
9.36683	542.00	0	4.32
9.36956	531.00	0	4.32
9.37609	583.00	0	4.32
9.38253	574.00	0	4.32
9.38887	564.00	0	4.18
9.39669	465.00	0	4.18
9.39904	370.00	0	4.18
9.40273	297.00	1	4.18
9.40992	234.00	0	4.18
9.41642	212.00	0	4.18
9.42299	207.00	0	4.18
9.42961	206.00	0	4.18
9.43806	204.00	0	4.18
9.44583	192.00	0	4.18
9.45270	204.00	0	4.18
9.45919	289.00	1	4.18
9.46573	410.00	0	4.18
9.46815	460.00	0	4.18
9.47634	542.00	0	4.18
9.48405	592.00	0	4.18
9.49082	599.00	0	4.18
9.49737	538.00	0	4.18
9.50393	468.00	1	4.18
9.51085	294.00	0	4.18
9.51349	266.00	0	4.18
9.52128	229.00	0	4.18
9.52885	214.00	0	4.18
9.53517	208.00	0	4.18
9.54146	204.00	0	4.18
9.54876	208.00	0	4.18
9.55634	212.00	0	4.18
9.56420	220.00	0	4.18
9.57080	244.00	0	4.18
9.57719	339.00	0	4.18
9.57947	384.00	1	4.18
9.58672	523.00	0	4.18
9.58943	560.00	0	4.18
9.59716	644.00	0	4.18
9.60404	599.00	0	4.18
9.61049	549.00	0	4.18
9.61680	585.00	1	4.18
9.62369	575.00	0	4.18
9.63197	557.00	0	4.18
9.63957	364.00	0	4.18
9.64187	313.00	0	4.67
9.64826	241.00	0	4.67
9.65485	215.00	0	4.67
9.66165	208.00	0	4.67
9.66983	206.00	0	4.67
9.67724	204.00	0	4.67
9.68388	194.00	0	4.67
9.69041	199.00	0	4.67
9.69682	271.00	1	4.67
9.70361	398.00	0	4.67
9.70682	460.00	0	4.67
9.71447	533.00	0	4.67
9.72116	581.00	0	4.67
9.72758	618.00	0	4.67
9.73402	568.00	0	4.67
9.74107	497.00	1	4.67
9.74834	317.00	0	4.67
9.75086	284.00	0	4.67
9.75845	238.00	0	4.67
9.76491	221.00	0	4.67
9.77123	211.00	0	4.67
9.77862	204.00	0	4.67
9.78610	207.00	0	4.67
9.79386	211.00	0	4.67
9.80057	217.00	0	4.67
9.80688	227.00	0	4.67
9.81327	289.00	1	4.67
9.82066	450.00	0	4.67
9.82431	510.00	0	4.67
9.83211	612.00	0	4.67
9.83462	634.00	0	4.67
9.84088	619.00	0	4.67
9.84725	529.00	0	4.67
9.84951	556.00	0	4.67
9.85715	579.00	0	4.67
9.86456	571.00	0	4.67
9.87147	549.00	0	4.67
9.87787	357.00	0	4.67
9.88011	309.00	1	4.67
9.88661	240.00	0	4.67
9.89403	213.00	0	4.67
9.90151	207.00	0	3.80
9.90864	206.00	0	3.80
9.91507	204.00	0	3.80
9.92152	195.00	0	3.80
9.92794	197.00	0	3.80
9.93617	295.00	0	3.80
9.93957	357.00	1	3.80
9.94687	470.00	0	3.80
9.94910	491.00	0	3.80
9.95523	552.00	0	3.80
9.96164	595.00	0	3.80
9.96872	596.00	0	3.80
9.97599	522.00	0	3.80
9.98338	412.00	0	3.80
9.98585	331.00	1	3.80
9.99206	262.00	0	3.80
9.99844	231.00	0	3.80
10.00576	216.00	0	3.80