0.00037	486.00	0	0.00
0.00167	484.00	0	0.00
0.00514	485.00	0	0.00
0.01069	482.00	0	0.00
0.01525	489.00	0	0.00
0.02075	483.00	0	0.00
0.02519	488.00	0	0.00
0.03070	487.00	0	0.00
0.03514	483.00	0	0.00
0.04065	488.00	0	0.00
0.04510	481.00	0	0.00
0.05060	487.00	0	0.00
0.05507	487.00	0	0.00
0.06064	484.00	0	0.00
0.06510	491.00	0	0.00
0.07061	483.00	0	0.00
0.07505	489.00	0	0.00
0.08057	486.00	0	0.00
0.08508	483.00	0	0.00
0.09088	489.00	0	0.00
0.09543	481.00	0	0.00
0.10099	485.00	0	0.00
0.10544	484.00	0	0.00
0.11096	479.00	0	0.00
0.11542	484.00	0	0.00
0.12094	476.00	0	0.00
0.12539	482.00	0	0.00
0.13091	480.00	0	0.00
0.13535	475.00	0	0.00
0.14087	478.00	0	0.00
0.14531	467.00	0	0.00
0.15084	463.00	0	0.00
0.15531	448.00	0	0.00
0.16097	407.00	0	0.00
0.16543	370.00	0	0.00
0.17094	333.00	0	0.00
0.17540	319.00	0	0.00
0.18091	302.00	0	0.00
0.18537	288.00	0	0.00
0.19087	282.00	0	0.00
0.19533	269.00	0	0.00
0.20084	269.00	0	0.00
0.20530	267.00	0	0.00
0.21080	264.00	0	0.00
0.21525	272.00	0	0.00
0.22077	263.00	0	0.00
0.22521	267.00	0	0.00
0.23074	263.00	0	0.00
0.23518	257.00	0	0.00
0.24073	262.00	0	0.00
0.24517	252.00	0	0.00
0.25070	259.00	0	0.00
0.25514	258.00	0	0.00
0.26067	258.00	0	0.00
0.26510	267.00	0	0.00
0.27061	262.00	0	0.00
0.27507	270.00	0	0.00
0.28057	271.00	0	0.00
0.28503	270.00	0	0.00
0.29053	292.00	0	0.00
0.29606	314.00	1	0.00
0.30050	339.00	0	0.00
0.30603	367.00	0	0.00
0.31047	384.00	0	0.00
0.31600	425.00	0	0.00
0.32044	430.00	0	0.00
0.32594	445.00	0	0.00
0.33041	449.00	0	0.00
0.33591	450.00	0	0.00
0.34039	461.00	0	0.00
0.34589	456.00	0	0.00
0.35036	462.00	0	0.00
0.35586	464.00	0	0.00
0.36035	459.00	0	0.00
0.36586	466.00	0	0.00
0.37039	460.00	0	0.00
0.37589	464.00	0	0.00
0.38034	462.00	0	0.00
0.38587	458.00	0	0.00
0.39031	456.00	0	0.00
0.39586	415.00	1	0.00
0.40030	367.00	0	0.00
0.40584	324.00	0	0.00
0.41029	300.00	0	0.00
0.41583	283.00	0	0.00
0.42027	266.00	0	0.00
0.42588	263.00	0	0.00
0.43041	261.00	0	0.00
0.43604	254.00	0	0.00
0.44048	260.00	0	0.00
0.44609	251.00	0	0.00
0.45085	251.00	0	0.00
0.45552	249.00	0	0.00
0.46028	244.00	0	0.00
0.46599	252.00	0	0.00
0.47061	246.00	0	0.00
0.47515	253.00	0	0.00
0.48082	256.00	0	0.00
0.48540	257.00	0	0.00
0.49013	272.00	0	0.00
0.49502	287.00	1	0.00
0.50086	340.00	0	0.00
0.50561	378.00	0	0.00
0.51044	407.00	0	0.00
0.51508	447.00	0	0.00
0.52080	461.00	0	0.00
0.52533	477.00	0	0.00
0.53093	482.00	0	0.00
0.53542	479.00	0	0.00
0.54102	487.00	0	0.00
0.54551	480.00	0	0.00
0.55011	487.00	0	0.00
0.55567	482.00	0	0.00
0.56024	478.00	0	0.00
0.56578	483.00	0	0.00
0.57034	474.00	0	0.00
0.57588	468.00	0	0.00
0.58052	439.00	1	0.00
0.58540	372.00	0	0.00
0.59016	334.00	0	0.00
0.59501	301.00	0	0.00
0.60079	284.00	0	0.00
0.60562	274.00	0	0.00
0.61035	267.00	0	0.00
0.61522	274.00	0	0.00
0.62102	266.00	0	0.00
0.62587	264.00	0	0.00
0.63057	262.00	0	0.00
0.63526	256.00	0	0.00
0.64010	261.00	0	0.00
0.64590	257.00	0	0.00
0.65072	261.00	0	0.00
0.65542	264.00	0	0.00
0.66026	264.00	0	0.00
0.66502	272.00	0	0.00
0.67096	275.00	0	0.00
0.67565	310.00	1	0.00
0.68038	334.00	0	0.00
0.68543	361.00	0	2.63
0.69005	398.00	0	2.63
0.69505	422.00	0	2.63
0.70099	439.00	0	2.63
0.70519	447.00	0	2.63
0.71105	451.00	0	2.63
0.71601	461.00	0	2.63
0.72105	458.00	0	2.63
0.72610	459.00	0	2.63
0.73064	464.00	0	2.63
0.73559	459.00	0	2.63
0.74045	467.00	0	2.63
0.74547	456.00	0	2.63
0.75022	452.00	0	2.63
0.75528	397.00	1	2.63
0.76050	331.00	0	2.78
0.76554	303.00	0	2.78
0.77034	273.00	0	2.78
0.77529	267.00	0	2.78
0.78048	261.00	0	2.78
0.78547	255.00	0	2.78
0.79037	258.00	0	2.78
0.79508	247.00	0	2.78
0.80022	252.00	0	2.78
0.80501	249.00	0	2.78
0.81105	248.00	0	2.78
0.81586	259.00	0	2.78
0.82069	259.00	0	2.78
0.82562	295.00	1	2.78
0.83050	346.00	0	2.78
0.83561	390.00	0	3.02
0.84053	443.00	0	3.02
0.84547	457.00	0	3.02
0.85029	474.00	0	3.02
0.85532	478.00	0	3.02
0.86050	477.00	0	3.02
0.86554	485.00	0	3.02
0.87063	476.00	0	3.02
0.87531	479.00	0	3.02
0.88039	474.00	0	3.02
0.88548	443.00	1	3.02
0.89033	362.00	0	3.02
0.89505	310.00	0	3.28
0.90006	288.00	0	3.28
0.90592	275.00	0	3.28
0.91076	269.00	0	3.28
0.91559	272.00	0	3.28
0.92046	258.00	0	3.28
0.92553	261.00	0	3.28
0.93049	262.00	0	3.28
0.93517	263.00	0	3.28
0.94101	274.00	0	3.28
0.94582	274.00	0	3.28
0.95064	317.00	1	3.28
0.95536	356.00	0	3.28
0.96020	397.00	0	3.64
0.96600	439.00	0	3.64
0.97070	443.00	0	3.64
0.97549	455.00	0	3.64
0.98026	459.00	0	3.64
0.98606	460.00	0	3.64
0.99083	467.00	0	3.64
0.99551	461.00	0	3.64
1.00027	464.00	0	3.64
1.00502	428.00	1	3.64
1.01089	325.00	0	3.64
1.01559	295.00	0	4.00
1.02029	269.00	0	4.00
1.02512	268.00	0	4.00
1.03097	262.00	0	4.00
1.03575	253.00	0	4.00
1.04041	256.00	0	4.00
1.04525	249.00	0	4.00
1.05099	255.00	0	4.00
1.05573	263.00	0	4.00
1.06044	282.00	1	4.00
1.06515	352.00	0	4.00
1.07103	412.00	0	4.26
1.07575	454.00	0	4.26
1.08042	471.00	0	4.26
1.08517	475.00	0	4.26
1.09096	486.00	0	4.26
1.09567	475.00	0	4.26
1.10042	484.00	0	4.26
1.10518	477.00	0	4.26
1.11103	443.00	0	4.26
1.11576	355.00	1	4.26
1.12050	304.00	0	4.34
1.12522	284.00	0	4.34
1.13108	278.00	0	4.34
1.13574	270.00	0	4.34
1.14037	271.00	0	4.34
1.14513	260.00	0	4.34
1.15097	265.00	0	4.34
1.15574	271.00	0	4.34
1.16044	270.00	0	4.34
1.16525	292.00	0	4.34
1.17095	337.00	1	4.34
1.17567	388.00	0	4.54
1.18035	427.00	0	4.54
1.18508	442.00	0	4.54
1.19082	461.00	0	4.54
1.19556	458.00	0	4.54
1.20022	467.00	0	4.54
1.20603	469.00	0	4.54
1.21074	465.00	0	4.54
1.21543	463.00	0	4.54
1.22017	394.00	1	4.54
1.22592	315.00	0	4.54
1.23069	283.00	0	4.65
1.23527	269.00	0	4.65
1.24003	269.00	0	4.65
1.24582	256.00	0	4.65
1.25060	257.00	0	4.65
1.25530	256.00	0	4.65
1.26106	254.00	0	4.65
1.26576	267.00	0	4.65
1.27055	278.00	0	4.65
1.27527	346.00	1	4.65
1.28001	393.00	0	4.65
1.28597	450.00	0	4.65
1.29079	475.00	0	4.65
1.29558	476.00	0	4.65
1.30025	487.00	0	4.65
1.30504	483.00	0	4.65
1.31081	482.00	0	4.65
1.31551	485.00	0	4.65
1.32021	452.00	0	4.65
1.32597	343.00	0	4.65
1.33062	304.00	1	4.65
1.33545	279.00	0	4.65
1.34010	281.00	0	4.65
1.34587	270.00	0	4.65
1.35052	268.00	0	4.65
1.35513	264.00	0	4.65
1.36096	264.00	0	4.65
1.36569	277.00	0	4.65
1.37043	273.00	0	4.65
1.37511	310.00	1	4.65
1.38093	360.00	0	4.90
1.38565	401.00	0	4.90
1.39058	441.00	0	4.90
1.39543	443.00	0	4.90
1.40017	460.00	0	4.90
1.40521	462.00	0	4.90
1.41015	467.00	0	4.90
1.41511	471.00	0	4.90
1.42005	465.00	0	4.90
1.42586	429.00	1	4.90
1.43077	340.00	0	4.90
1.43549	295.00	0	4.86
1.44021	278.00	0	4.86
1.44606	265.00	0	4.86
1.45097	263.00	0	4.86
1.45577	258.00	0	4.86
1.46060	253.00	0	4.86
1.46540	261.00	0	4.86
1.47016	257.00	0	4.86
1.47603	275.00	0	4.86
1.48087	166.00	0	4.86
1.48562	383.00	0	4.86
1.49049	442.00	1	4.86
1.49532	463.00	0	4.86
1.50021	480.00	0	4.65
1.50526	497.00	0	4.65
1.51014	485.00	0	4.65
1.51559	489.00	0	4.65
1.52002	480.00	0	4.65
1.52506	465.00	0	4.65
1.53008	361.00	0	4.65
1.53603	301.00	1	4.65
1.54076	287.00	0	4.65
1.54574	276.00	0	4.87
1.55073	276.00	0	4.87
1.55564	269.00	0	4.87
1.56056	264.00	0	4.87
1.56527	271.00	0	4.87
1.57007	270.00	0	4.87
1.57598	278.00	0	4.87
1.58102	311.00	1	4.87
1.58583	350.00	0	4.87
1.59073	405.00	0	4.86
1.59544	434.00	0	4.86
1.60020	453.00	0	4.86
1.60596	461.00	0	4.86
1.61073	462.00	0	4.86
1.61545	469.00	0	4.86
1.62018	465.00	0	4.86
1.62594	467.00	0	4.86
1.63069	433.00	1	4.86
1.63536	341.00	0	4.86
1.64003	301.00	0	4.86
1.64587	271.00	0	4.88
1.65054	271.00	0	4.88
1.65523	263.00	0	4.88
1.66095	254.00	0	4.88
1.66565	260.00	0	4.88
1.67036	254.00	0	4.88
1.67507	263.00	0	4.88
1.68083	273.00	0	4.88
1.68561	316.00	1	4.88
1.69030	381.00	0	4.88
1.69505	429.00	0	5.13
1.70082	469.00	0	5.13
1.70556	478.00	0	5.13
1.71029	482.00	0	5.13
1.71605	489.00	0	5.13
1.72070	482.00	0	5.13
1.72549	508.00	0	5.13
1.73029	454.00	0	5.13
1.73505	357.00	0	5.13
1.74082	307.00	1	5.13
1.74554	280.00	0	5.13
1.75028	283.00	0	4.88
1.75605	276.00	0	4.88
1.76077	266.00	0	4.88
1.76556	269.00	0	4.88
1.77057	264.00	0	4.88
1.77554	273.00	0	4.88
1.78072	278.00	0	4.88
1.78571	308.00	1	4.88
1.79102	363.00	0	4.89
1.79592	406.00	0	4.89
1.80012	440.00	0	4.89
1.80510	450.00	0	4.89
1.81039	459.00	0	4.89
1.81533	467.00	0	4.89
1.82050	463.00	0	4.89
1.82545	466.00	0	4.89
1.83054	464.00	0	4.89
1.83556	410.00	1	4.89
1.84059	330.00	0	4.89
1.84577	285.00	0	4.88
1.85007	276.00	0	4.88
1.85513	268.00	0	4.88
1.86040	259.00	0	4.88
1.86538	261.00	0	4.88
1.87063	253.00	0	4.88
1.87552	260.00	0	4.88
1.88054	262.00	0	4.88
1.88557	277.00	0	4.88
1.89087	350.00	1	4.88
1.89579	402.00	0	4.87
1.90004	452.00	0	4.87
1.90503	472.00	0	4.87
1.91030	482.00	0	4.87
1.91528	487.00	0	4.87
1.92058	480.00	0	4.87
1.92561	485.00	0	4.87
1.93058	473.00	0	4.87
1.93567	401.00	1	4.87
1.94065	330.00	0	4.87
1.94602	290.00	0	5.13
1.95098	281.00	0	5.13
1.95519	278.00	0	5.13
1.96017	269.00	0	5.13
1.96552	270.00	0	5.13
1.97060	263.00	0	5.13
1.97561	272.00	0	5.13
1.98062	275.00	0	5.13
1.98589	284.00	0	5.13
1.99083	342.00	1	5.13
1.99604	384.00	0	5.13
2.00095	434.00	0	4.88
2.00509	445.00	0	4.88
2.01009	455.00	0	4.88
2.01537	467.00	0	4.88
2.02035	465.00	0	4.88
2.02599	474.00	0	4.88
2.03074	466.00	0	4.88
2.03550	445.00	0	4.88
2.04025	360.00	1	4.88
2.04601	299.00	0	4.88
2.05075	278.00	0	4.89
2.05545	269.00	0	4.89
2.06015	264.00	0	4.89
2.06593	263.00	0	4.89
2.07063	252.00	0	4.89
2.07540	260.00	0	4.89
2.08013	259.00	0	4.89
2.08591	270.00	0	4.89
2.09060	332.00	1	4.89
2.09532	381.00	0	5.01
2.10107	450.00	0	5.01
2.10584	470.00	0	5.01
2.11059	478.00	0	5.01
2.11532	485.00	0	5.01
2.12010	480.00	0	5.01
2.12592	485.00	0	5.01
2.13065	479.00	0	5.01
2.13535	441.00	1	5.01
2.14010	351.00	0	5.01
2.14579	297.00	0	5.01
2.15058	283.00	0	5.01
2.15531	279.00	0	5.01
2.16058	271.00	0	5.01
2.16535	271.00	0	5.01
2.17019	263.00	0	5.01
2.17603	270.00	0	5.01
2.18081	274.00	0	5.01
2.18560	280.00	0	5.01
2.19036	334.00	1	5.01
2.19510	368.00	0	5.01
2.20084	430.00	0	5.01
2.20556	445.00	0	5.01
2.21038	456.00	0	5.01
2.21509	465.00	0	5.01
2.22091	461.00	0	5.01
2.22570	470.00	0	5.01
2.23049	468.00	0	5.01
2.23521	454.00	0	5.01
2.24095	362.00	0	5.01
2.24561	305.00	1	5.01
2.25024	283.00	0	5.01
2.25605	271.00	0	4.87
2.26073	261.00	0	4.87
2.26550	262.00	0	4.87
2.27029	252.00	0	4.87
2.27505	260.00	0	4.87
2.28091	261.00	0	4.87
2.28566	270.00	0	4.87
2.29045	328.00	1	4.87
2.29513	378.00	0	4.87
2.30096	448.00	0	5.00
2.30572	467.00	0	5.00
2.31049	476.00	0	5.00
2.31520	485.00	0	5.00
2.32089	481.00	0	5.00
2.32558	485.00	0	5.00
2.33030	480.00	0	5.00
2.33503	461.00	0	5.00
2.34080	354.00	0	5.00
2.34548	307.00	1	5.00
2.35014	288.00	0	5.00
2.35595	280.00	0	4.76
2.36064	273.00	0	4.76
2.36544	271.00	0	4.76
2.37015	262.00	0	4.76
2.37596	270.00	0	4.76
2.38069	273.00	0	4.76
2.38547	275.00	0	4.76
2.39018	315.00	1	4.76
2.39589	180.00	0	5.00
2.40059	416.00	0	5.00
2.40520	437.00	0	5.00
2.41105	453.00	0	5.00
2.41574	463.00	0	5.00
2.42060	463.00	0	5.00
2.42539	471.00	0	5.00
2.43029	468.00	0	5.00
2.43541	465.00	0	5.00
2.44029	437.00	0	5.00
2.44542	336.00	0	5.00
2.45043	297.00	1	5.00
2.45552	275.00	0	5.00
2.46049	266.00	0	4.88
2.46552	266.00	0	4.88
2.47052	254.00	0	4.88
2.47543	259.00	0	4.88
2.48046	258.00	0	4.88
2.48577	261.00	0	4.88
2.49082	284.00	0	4.88
2.49588	343.00	1	4.88
2.50100	407.00	0	4.88
2.50518	446.00	0	4.87
2.51103	471.00	0	4.87
2.51581	484.00	0	4.87
2.52055	481.00	0	4.87
2.52533	489.00	0	4.87
2.53004	480.00	0	4.87
2.53587	479.00	0	4.87
2.54055	449.00	1	4.87
2.54537	346.00	0	5.13
2.55001	310.00	0	5.13
2.55580	282.00	0	5.13
2.56050	277.00	0	5.13
2.56521	277.00	0	5.13
2.57105	262.00	0	5.13
2.57574	267.00	0	5.13
2.58052	269.00	0	5.13
2.58525	272.00	0	5.13
2.59005	280.00	0	5.13
2.59582	320.00	1	5.13
2.60053	373.00	0	4.86
2.60533	418.00	0	4.86
2.61006	442.00	0	4.86
2.61590	458.00	0	4.86
2.62069	458.00	0	4.86
2.62545	468.00	0	4.86
2.63019	467.00	0	4.86
2.63601	467.00	0	4.86
2.64073	467.00	0	4.86
2.64553	402.00	1	4.86
2.65037	328.00	0	4.86
2.65524	143.00	0	5.13
2.66103	268.00	0	5.13
2.66515	269.00	0	5.13
2.67106	257.00	0	5.13
2.67578	258.00	0	5.13
2.68095	256.00	0	5.13
2.68580	257.00	0	5.13
2.69095	270.00	0	5.13
2.69565	286.00	0	5.13
2.70030	357.00	1	5.13
2.70502	404.00	0	5.13
2.71055	457.00	0	4.89
2.71540	476.00	0	4.89
2.72031	477.00	0	4.89
2.72513	487.00	0	4.89
2.73103	486.00	0	4.89
2.73583	481.00	0	4.89
2.74093	477.00	0	4.89
2.74605	385.00	0	4.89
2.75078	324.00	1	4.89
2.75601	289.00	0	4.76
2.76092	279.00	0	4.76
2.76512	280.00	0	4.76
2.77108	266.00	0	4.76
2.77516	268.00	0	4.76
2.78012	264.00	0	4.76
2.78597	269.00	0	4.76
2.79077	278.00	0	4.76
2.79580	290.00	0	4.76
2.80094	344.00	1	4.76
2.80577	387.00	0	4.76
2.81074	429.00	0	4.88
2.81542	450.00	0	4.88
2.82038	453.00	0	4.88
2.82523	465.00	0	4.88
2.83020	464.00	0	4.88
2.83604	467.00	0	4.88
2.84083	473.00	0	4.88
2.84575	446.00	0	4.88
2.85076	358.00	1	4.88
2.85549	305.00	0	4.87
2.86045	277.00	0	4.87
2.86540	273.00	0	4.87
2.87041	260.00	0	4.87
2.87506	264.00	0	4.87
2.88002	254.00	0	4.87
2.88589	256.00	0	4.87
2.89081	265.00	0	4.87
2.89574	267.00	0	4.87
2.90057	320.00	1	4.87
2.90529	371.00	0	4.87
2.91042	432.00	0	4.99
2.91548	467.00	0	4.99
2.92046	473.00	0	4.99
2.92522	485.00	0	4.99
2.93017	485.00	0	4.99
2.93594	482.00	0	4.99
2.94095	486.00	0	4.99
2.94576	458.00	0	4.99
2.95074	358.00	0	4.99
2.95561	310.00	1	4.99
2.96030	283.00	0	4.99
2.96538	283.00	0	4.88
2.97034	272.00	0	4.88
2.97533	271.00	0	4.88
2.98012	264.00	0	4.88
2.98520	268.00	0	4.88
2.99017	275.00	0	4.88
2.99510	275.00	0	4.88
3.00004	309.00	1	4.88
3.00599	360.00	0	4.88
3.01096	405.00	0	5.02
3.01578	443.00	0	5.02
3.02065	450.00	0	5.02
3.02536	467.00	0	5.02
3.03035	460.00	0	5.02
3.03500	468.00	0	5.02
3.04002	469.00	0	5.02
3.04602	460.00	0	5.02
3.05076	408.00	1	5.02
3.05558	326.00	0	5.00
3.06064	286.00	0	5.00
3.06549	276.00	0	5.00
3.07032	263.00	0	5.00
3.07567	264.00	0	5.00
3.08070	257.00	0	5.00
3.08546	255.00	0	5.00
3.09039	261.00	0	5.00
3.09520	258.00	0	5.00
3.10011	280.00	0	5.00
3.10591	347.00	1	5.00
3.11080	399.00	0	4.87
3.11563	456.00	0	4.87
3.12055	468.00	0	4.87
3.12519	484.00	0	4.87
3.13001	481.00	0	4.87
3.13507	486.00	0	4.87
3.14103	489.00	0	4.87
3.14599	474.00	0	4.87
3.15082	415.00	1	4.87
3.15583	331.00	0	5.12
3.16062	296.00	0	5.12
3.16568	284.00	0	5.12
3.17058	276.00	0	5.12
3.17537	276.00	0	5.12
3.18038	266.00	0	5.12
3.18533	265.00	0	5.12
3.19022	272.00	0	5.12
3.19594	270.00	0	5.12
3.20065	283.00	0	5.12
3.20532	320.00	1	5.12
3.21028	370.00	0	4.87
3.21608	430.00	0	4.87
3.22083	440.00	0	4.87
3.22554	458.00	0	4.87
3.23045	459.00	0	4.87
3.23523	467.00	0	4.87
3.24030	471.00	0	4.87
3.24556	465.00	0	4.87
3.25069	455.00	0	4.87
3.25562	366.00	1	4.87
3.26059	311.00	0	4.87
3.26565	284.00	0	4.88
3.27048	267.00	0	4.88
3.27589	267.00	0	4.88
3.28021	260.00	0	4.88
3.28515	256.00	0	4.88
3.29015	258.00	0	4.88
3.29610	255.00	0	4.88
3.30023	268.00	0	4.88
3.30610	293.00	0	4.88
3.31099	382.00	1	4.88
3.31567	416.00	0	4.88
3.32076	453.00	0	4.88
3.32575	477.00	0	4.88
3.33075	480.00	0	4.88
3.33548	484.00	0	4.88
3.34061	487.00	0	4.88
3.34535	479.00	0	4.88
3.35048	479.00	0	4.88
3.35550	409.00	1	4.88
3.36056	329.00	0	4.89
3.36570	298.00	0	4.89
3.37069	276.00	0	4.89
3.37573	280.00	0	4.89
3.38061	270.00	0	4.89
3.38524	266.00	0	4.89
3.39026	267.00	0	4.89
3.39605	265.00	0	4.89
3.40070	277.00	0	4.89
3.40538	278.00	0	4.89
3.41007	318.00	1	4.89
3.41577	373.00	0	4.88
3.42047	413.00	0	4.88
3.42508	445.00	0	4.88
3.43087	454.00	0	4.88
3.43563	462.00	0	4.88
3.44029	467.00	0	4.88
3.44604	464.00	0	4.88
3.45089	471.00	0	4.88
3.45594	460.00	0	4.88
3.46080	393.00	1	4.88
3.46568	326.00	0	4.88
3.47069	285.00	0	4.87
3.47558	276.00	0	4.87
3.48045	265.00	0	4.87
3.48516	262.00	0	4.87
3.49021	259.00	0	4.87
3.49525	251.00	0	4.87
3.50017	261.00	0	4.87
3.50600	263.00	0	4.87
3.51086	277.00	0	4.87
3.51524	340.00	1	4.87
3.52003	388.00	0	4.87
3.52589	455.00	0	4.90
3.53064	470.00	0	4.90
3.53541	479.00	0	4.90
3.54014	484.00	0	4.90
3.54604	482.00	0	4.90
3.55088	486.00	0	4.90
3.55573	479.00	0	4.90
3.56055	443.00	1	4.90
3.56539	176.00	0	4.90
3.57011	305.00	0	4.88
3.57582	284.00	0	4.88
3.58058	279.00	0	4.88
3.58529	275.00	0	4.88
3.59009	270.00	0	4.88
3.59592	263.00	0	4.88
3.60070	271.00	0	4.88
3.60555	271.00	0	4.88
3.61043	277.00	0	4.88
3.61534	313.00	1	4.88
3.62017	348.00	0	4.88
3.62501	407.00	0	4.87
3.63087	441.00	0	4.87
3.63594	452.00	0	4.87
3.64090	466.00	0	4.87
3.64570	460.00	0	4.87
3.65045	470.00	0	4.87
3.65593	468.00	0	4.87
3.66102	464.00	0	4.87
3.66548	444.00	0	4.87
3.67046	346.00	0	4.87
3.67525	305.00	1	4.87
3.68072	275.00	0	4.66
3.68551	267.00	0	4.66
3.69082	267.00	0	4.66
3.69608	255.00	0	4.66
3.70083	258.00	0	4.66
3.70607	257.00	0	4.66
3.71027	260.00	0	4.66
3.71590	275.00	0	4.66
3.72054	319.00	1	4.66
3.72577	387.00	0	4.66
3.73006	430.00	0	4.66
3.73549	466.00	0	4.87
3.74025	479.00	0	4.87
3.74511	478.00	0	4.87
3.75104	487.00	0	4.87
3.75585	484.00	0	4.87
3.76069	483.00	0	4.87
3.76590	467.00	0	4.87
3.77101	362.00	0	4.87
3.77587	317.00	1	4.87
3.78026	287.00	0	4.87
3.78537	280.00	0	4.64
3.79052	286.00	0	4.64
3.79523	266.00	0	4.64
3.80074	267.00	0	4.64
3.80559	268.00	0	4.64
3.81045	270.00	0	4.64
3.81526	276.00	0	4.64
3.82016	283.00	0	4.64
3.82595	345.00	1	4.64
3.83073	388.00	0	4.75
3.83563	432.00	0	4.75
3.84042	451.00	0	4.75
3.84520	455.00	0	4.75
3.85001	467.00	0	4.75
3.85584	466.00	0	4.75
3.86081	468.00	0	4.75
3.86512	470.00	0	4.75
3.87016	460.00	0	4.75
3.87551	393.00	1	4.75
3.88055	318.00	0	4.75
3.88570	285.00	0	4.99
3.89055	276.00	0	4.99
3.89538	264.00	0	4.99
3.90012	266.00	0	4.99
3.90600	257.00	0	4.99
3.91074	255.00	0	4.99
3.91543	261.00	0	4.99
3.92016	258.00	0	4.99
3.92584	285.00	0	4.99
3.93063	337.00	1	4.99
3.93533	395.00	0	4.99
3.94004	447.00	0	4.76
3.94585	468.00	0	4.76
3.95060	482.00	0	4.76
3.95523	483.00	0	4.76
3.96103	483.00	0	4.76
3.96584	487.00	0	4.76
3.97078	480.00	0	4.76
3.97551	463.00	0	4.76
3.98035	363.00	0	4.76
3.98502	317.00	1	4.76
3.99077	288.00	0	4.76
3.99550	277.00	0	4.78
4.00015	281.00	0	4.78
4.00601	268.00	0	4.78
4.01091	263.00	0	4.78
4.01540	269.00	0	4.78
4.02020	269.00	0	4.78
4.02500	280.00	0	4.78
4.03001	294.00	0	4.78
4.03585	351.00	1	4.78
4.04070	404.00	0	4.76
4.04556	434.00	0	4.76
4.05038	453.00	0	4.76
4.05518	457.00	0	4.76
4.06022	463.00	0	4.76
4.06503	468.00	0	4.76
4.07097	465.00	0	4.76
4.07594	471.00	0	4.76
4.08067	446.00	0	4.76
4.08563	355.00	0	4.76
4.09040	308.00	1	4.76
4.09538	276.00	0	4.65
4.10006	275.00	0	4.65
4.10505	262.00	0	4.65
4.11092	258.00	0	4.65
4.11591	259.00	0	4.65
4.12083	254.00	0	4.65
4.12580	263.00	0	4.65
4.13093	270.00	0	4.65
4.13596	316.00	1	4.65
4.14103	384.00	0	4.87
4.14605	432.00	0	4.87
4.15085	468.00	0	4.87
4.15563	474.00	0	4.87
4.16052	483.00	0	4.87
4.16546	486.00	0	4.87
4.17023	480.00	0	4.87
4.17604	485.00	0	4.87
4.18090	471.00	0	4.87
4.18582	387.00	1	4.87
4.19057	324.00	0	4.87
4.19534	291.00	0	4.98
4.20002	284.00	0	4.98
4.20577	276.00	0	4.98
4.21068	268.00	0	4.98
4.21549	267.00	0	4.98
4.22020	263.00	0	4.98
4.22601	274.00	0	4.98
4.23023	272.00	0	4.98
4.23512	285.00	0	4.98
4.24104	343.00	1	4.98
4.24580	379.00	0	4.87
4.25063	433.00	0	4.87
4.25567	443.00	0	4.87
4.26057	457.00	0	4.87
4.26531	465.00	0	4.87
4.27023	463.00	0	4.87
4.27521	473.00	0	4.87
4.28030	468.00	0	4.87
4.28526	457.00	0	4.87
4.29108	363.00	0	4.87
4.29571	307.00	1	4.87
4.30005	286.00	0	4.87
4.30605	271.00	0	4.87
4.31100	262.00	0	4.87
4.31585	263.00	0	4.87
4.32060	254.00	0	4.87
4.32566	261.00	0	4.87
4.33057	259.00	0	4.87
4.33536	266.00	0	4.87
4.34032	298.00	1	4.87
4.34509	353.00	0	4.87
4.35005	416.00	0	4.89
4.35589	461.00	0	4.89
4.36088	475.00	0	4.89
4.36584	485.00	0	4.89
4.37097	485.00	0	4.89
4.37593	488.00	0	4.89
4.38087	482.00	0	4.89
4.38559	474.00	0	4.89
4.39065	383.00	0	4.89
4.39541	317.00	1	4.89
4.40037	292.00	0	4.89
4.40527	278.00	0	4.77
4.41032	278.00	0	4.77
4.41535	272.00	0	4.77
4.42037	262.00	0	4.77
4.42531	272.00	0	4.77
4.43054	271.00	0	4.77
4.43536	276.00	0	4.77
4.44012	292.00	0	4.77
4.44606	339.00	1	4.77
4.45096	395.00	0	4.77
4.45578	431.00	0	4.77
4.46072	447.00	0	4.88
4.46557	461.00	0	4.88
4.47043	459.00	0	4.88
4.47533	470.00	0	4.88
4.48018	468.00	0	4.88
4.48606	467.00	0	4.88
4.49088	448.00	0	4.88
4.49560	351.00	0	4.88
4.50024	308.00	1	4.88
4.50505	276.00	0	4.89
4.51107	267.00	0	4.89
4.51593	267.00	0	4.89
4.52075	255.00	0	4.89
4.52557	260.00	0	4.89
4.53039	255.00	0	4.89
4.53524	259.00	0	4.89
4.54003	268.00	0	4.89
4.54592	306.00	1	4.89
4.55074	374.00	0	4.89
4.55553	422.00	0	4.89
4.56031	459.00	0	4.86
4.56518	477.00	0	4.86
4.57012	480.00	0	4.86
4.57602	488.00	0	4.86
4.58078	484.00	0	4.86
4.58552	484.00	0	4.86
4.59040	470.00	0	4.86
4.59525	374.00	0	4.86
4.60006	321.00	1	4.86
4.60502	280.00	0	4.89
4.61005	282.00	0	4.89
4.61519	281.00	0	4.89
4.62016	267.00	0	4.89
4.62607	268.00	0	4.89
4.63091	266.00	0	4.89
4.63571	270.00	0	4.89
4.64074	277.00	0	4.89
4.64547	284.00	0	4.89
4.65061	343.00	1	4.89
4.65561	384.00	0	4.89
4.66053	432.00	0	4.89
4.66579	454.00	0	4.89
4.67010	454.00	0	4.89
4.67546	466.00	0	4.89
4.68056	467.00	0	4.89
4.68509	467.00	0	4.89
4.69048	470.00	0	4.89
4.69522	448.00	0	4.89
4.70069	354.00	0	4.89
4.70560	302.00	1	4.89
4.71105	276.00	0	4.87
4.71528	273.00	0	4.87
4.72064	261.00	0	4.87
4.72553	263.00	0	4.87
4.73030	254.00	0	4.87
4.73520	258.00	0	4.87
4.74019	261.00	0	4.87
4.74542	264.00	0	4.87
4.75022	305.00	1	4.87
4.75506	359.00	0	4.89
4.76094	434.00	0	4.89
4.76593	468.00	0	4.89
4.77075	474.00	0	4.89
4.77552	487.00	0	4.89
4.78039	483.00	0	4.89
4.78522	485.00	0	4.89
4.79010	482.00	0	4.89
4.79595	454.00	0	4.89
4.80081	362.00	0	4.89
4.80547	312.00	1	4.89
4.81027	290.00	0	4.87
4.81504	283.00	0	4.87
4.82008	275.00	0	4.87
4.82599	272.00	0	4.87
4.83072	264.00	0	4.87
4.83546	266.00	0	4.87
4.84016	273.00	0	4.87
4.84596	273.00	0	4.87
4.85066	299.00	0	4.87
4.85545	339.00	1	4.87
4.86022	389.00	0	4.87
4.86597	439.00	0	4.88
4.87074	446.00	0	4.88
4.87556	462.00	0	4.88
4.88032	460.00	0	4.88
4.88503	467.00	0	4.88
4.89094	471.00	0	4.88
4.89570	463.00	0	4.88
4.90051	449.00	0	4.88
4.90537	355.00	0	4.88
4.91013	308.00	1	4.88
4.91598	279.00	0	4.88
4.92086	578.00	0	4.89
4.92555	267.00	0	4.89
4.93024	258.00	0	4.89
4.93501	258.00	0	4.89
4.94087	260.00	0	4.89
4.94562	260.00	0	4.89
4.95037	270.00	0	4.89
4.95512	260.00	0	4.89
4.96099	373.00	0	4.89
4.96575	430.00	1	4.89
4.97057	459.00	0	4.89
4.97536	478.00	0	4.64
4.98019	479.00	0	4.64
4.98507	486.00	0	4.64
4.99098	487.00	0	4.64
4.99576	478.00	0	4.64
5.00054	474.00	0	4.64
5.00533	390.00	1	4.64
5.01008	328.00	0	5.00
5.01595	293.00	0	5.00
5.02086	276.00	0	5.00
5.02574	282.00	0	5.00
5.03056	268.00	0	5.00
5.03538	266.00	0	5.00
5.04024	268.00	0	5.00
5.04501	268.00	0	5.00
5.05099	278.00	0	5.00
5.05579	288.00	0	5.00
5.06060	338.00	1	5.00
5.06545	388.00	0	4.87
5.07029	428.00	0	4.87
5.07538	452.00	0	4.87
5.08056	456.00	0	4.87
5.08590	461.00	0	4.87
5.09097	470.00	0	4.87
5.09535	466.00	0	4.87
5.10013	471.00	0	4.87
5.10509	454.00	0	4.87
5.11014	380.00	1	4.87
5.11508	317.00	0	4.87
5.12097	276.00	0	5.00
5.12599	274.00	0	5.00
5.13029	262.00	0	5.00
5.13519	262.00	0	5.00
5.14100	256.00	0	5.00
5.14602	253.00	0	5.00
5.15094	263.00	0	5.00
5.15595	268.00	0	5.00
5.16092	310.00	1	5.00
5.16588	377.00	0	5.12
5.17089	430.00	0	5.12
5.17585	468.00	0	5.12
5.18012	472.00	0	5.12
5.18509	242.00	0	5.12
5.19091	487.00	0	5.12
5.19560	483.00	0	5.12
5.20057	485.00	0	5.12
5.20562	469.00	0	5.12
5.21053	392.00	1	5.12
5.21541	326.00	0	5.12
5.22012	291.00	0	4.87
5.22511	285.00	0	4.87
5.23030	275.00	0	4.87
5.23502	271.00	0	4.87
5.24107	270.00	0	4.87
5.24589	264.00	0	4.87
5.25098	276.00	0	4.87
5.25583	276.00	0	4.87
5.26057	303.00	1	4.87
5.26587	354.00	0	5.00
5.27055	394.00	0	5.00
5.27552	440.00	0	5.00
5.28033	447.00	0	5.00
5.28525	461.00	0	5.00
5.29033	465.00	0	5.00
5.29523	465.00	0	5.00
5.30014	472.00	0	5.00
5.30519	464.00	0	5.00
5.31014	448.00	0	5.00
5.31508	355.00	0	5.00
5.32085	295.00	1	5.00
5.32573	280.00	0	5.00
5.33043	267.00	0	4.75
5.33525	264.00	0	4.75
5.34109	261.00	0	4.75
5.34608	253.00	0	4.75
5.35091	261.00	0	4.75
5.35579	260.00	0	4.75
5.36053	274.00	0	4.75
5.36529	333.00	1	4.75
5.37043	386.00	0	4.75
5.37530	446.00	0	4.89
5.38023	464.00	0	4.89
5.38501	479.00	0	4.89
5.39015	485.00	0	4.89
5.39504	484.00	0	4.89
5.40001	489.00	0	4.89
5.40584	482.00	0	4.89
5.41089	459.00	0	4.89
5.41569	362.00	0	4.89
5.42039	310.00	1	4.89
5.42523	290.00	0	4.89
5.43023	277.00	0	4.77
5.43602	275.00	0	4.77
5.44144	271.00	0	4.77
5.44530	263.00	0	4.77
5.45051	271.00	0	4.77
5.45540	270.00	0	4.77
5.46038	277.00	0	4.77
5.46548	312.00	1	4.77
5.47073	352.00	0	4.77
5.47554	412.00	0	4.88
5.48049	436.00	0	4.88
5.48548	454.00	0	4.88
5.49041	461.00	0	4.88
5.49563	461.00	0	4.88
5.50046	471.00	0	4.88
5.50554	468.00	0	4.88
5.51058	468.00	0	4.88
5.51553	442.00	0	4.88
5.52035	348.00	0	4.88
5.52514	306.00	1	4.88
5.53006	274.00	0	4.90
5.53591	268.00	0	4.90
5.54066	265.00	0	4.90
5.54551	256.00	0	4.90
5.55028	260.00	0	4.90
5.55605	253.00	0	4.90
5.56078	261.00	0	4.90
5.56546	274.00	0	4.90
5.57023	317.00	1	4.90
5.57601	393.00	0	4.90
5.58075	437.00	0	4.88
5.58552	469.00	0	4.88
5.59029	480.00	0	4.88
5.59506	481.00	0	4.88
5.60085	488.00	0	4.88
5.60565	482.00	0	4.88
5.61048	483.00	0	4.88
5.61518	471.00	0	4.88
5.62091	363.00	0	4.88
5.62556	319.00	1	4.88
5.63018	285.00	0	4.88
5.63606	278.00	0	4.87
5.64074	279.00	0	4.87
5.64554	265.00	0	4.87
5.65029	269.00	0	4.87
5.65506	254.00	0	4.87
5.66092	272.00	0	4.87
5.66566	278.00	0	4.87
5.67047	294.00	1	4.87
5.67519	347.00	0	4.87
5.68104	397.00	0	4.88
5.68602	435.00	0	4.88
5.69107	452.00	0	4.88
5.69508	457.00	0	4.88
5.70112	466.00	0	4.88
5.70503	465.00	0	4.88
5.71007	470.00	0	4.88
5.71517	470.00	0	4.88
5.72023	450.00	0	4.88
5.72529	367.00	1	4.88
5.73029	307.00	0	4.88
5.73530	280.00	0	5.00
5.74036	272.00	0	5.00
5.74549	261.00	0	5.00
5.75050	264.00	0	5.00
5.75552	254.00	0	5.00
5.76052	257.00	0	5.00
5.76561	262.00	0	5.00
5.77069	263.00	0	5.00
5.77570	305.00	1	5.00
5.78083	363.00	0	5.00
5.78514	414.00	0	4.87
5.79091	462.00	0	4.87
5.79566	472.00	0	4.87
5.80041	484.00	0	4.87
5.80519	483.00	0	4.87
5.81002	488.00	0	4.87
5.81597	485.00	0	4.87
5.82071	473.00	0	4.87
5.82556	411.00	1	4.87
5.83029	329.00	0	4.87
5.83507	299.00	0	4.87
5.84095	283.00	0	5.00
5.84573	275.00	0	5.00
5.85056	275.00	0	5.00
5.85532	264.00	0	5.00
5.86013	268.00	0	5.00
5.86601	274.00	0	5.00
5.87078	270.00	0	5.00
5.87555	284.00	0	5.00
5.88030	315.00	1	5.00
5.88608	371.00	0	5.00
5.89082	422.00	0	4.77
5.89554	442.00	0	4.77
5.90027	458.00	0	4.77
5.90503	456.00	0	4.77
5.91089	465.00	0	4.77
5.91562	469.00	0	4.77
5.92036	467.00	0	4.77
5.92507	469.00	0	4.77
5.93080	390.00	1	4.77
5.93556	324.00	0	4.87
5.94023	291.00	0	4.87
5.94608	268.00	0	4.87
5.95089	271.00	0	4.87
5.95572	259.00	0	4.87
5.96046	258.00	0	4.87
5.96520	258.00	0	4.87
5.97104	255.00	0	4.87
5.97577	265.00	0	4.87
5.98053	272.00	0	4.87
5.98529	330.00	1	4.87
5.99010	385.00	0	4.77
5.99593	445.00	0	4.77
6.00068	472.00	0	4.77
6.00543	477.00	0	4.77
6.01022	484.00	0	4.77
6.01601	488.00	0	4.77
6.02077	484.00	0	4.77
6.02560	486.00	0	4.77
6.03068	447.00	1	4.77
6.03602	345.00	0	4.88
6.04091	307.00	0	4.88
6.04521	282.00	0	4.88
6.05022	286.00	0	4.88
6.05552	274.00	0	4.88
6.06049	269.00	0	4.88
6.06564	269.00	0	4.88
6.07074	264.00	0	4.88
6.07504	273.00	0	4.88
6.08002	272.00	0	4.88
6.08534	291.00	0	4.88
6.09038	345.00	1	4.88
6.09584	387.00	0	4.76
6.10087	439.00	0	4.76
6.10513	443.00	0	4.76
6.11022	460.00	0	4.76
6.11549	465.00	0	4.76
6.12045	464.00	0	4.76
6.12567	472.00	0	4.76
6.13062	468.00	0	4.76
6.13585	451.00	0	4.76
6.14077	365.00	1	4.76
6.14603	307.00	0	4.76
6.15104	282.00	0	4.76
6.15538	269.00	0	4.76
6.16041	267.00	0	4.76
6.16550	263.00	0	4.76
6.17070	254.00	0	4.76
6.17569	259.00	0	4.76
6.18097	259.00	0	4.76
6.18588	264.00	0	4.76
6.19011	281.00	0	4.76
6.19503	338.00	1	4.76
6.20038	408.00	0	4.77
6.20539	452.00	0	4.77
6.21070	475.00	0	4.77
6.21565	484.00	0	4.77
6.22090	482.00	0	4.77
6.22590	488.00	0	4.77
6.23013	482.00	0	4.77
6.23512	480.00	0	4.77
6.24038	441.00	1	4.77
6.24545	338.00	0	4.77
6.25062	305.00	0	4.77
6.25561	281.00	0	4.77
6.26095	278.00	0	4.77
6.26598	277.00	0	4.77
6.27022	265.00	0	4.77
6.27521	269.00	0	4.77
6.28050	261.00	0	4.77
6.28557	272.00	0	4.77
6.29064	279.00	0	4.77
6.29564	306.00	1	4.77
6.30098	363.00	0	4.77
6.30598	408.00	0	4.87
6.31012	440.00	0	4.87
6.31509	453.00	0	4.87
6.32039	457.00	0	4.87
6.32546	468.00	0	4.87
6.33072	465.00	0	4.87
6.33564	469.00	0	4.87
6.34087	470.00	0	4.87
6.34584	433.00	0	4.87
6.35002	361.00	1	4.87
6.35607	299.00	0	4.78
6.36098	275.00	0	4.78
6.36524	271.00	0	4.78
6.37019	261.00	0	4.78
6.37544	263.00	0	4.78
6.38045	254.00	0	4.78
6.38568	256.00	0	4.78
6.39080	262.00	0	4.78
6.39561	264.00	0	4.78
6.40061	302.00	1	4.78
6.40566	359.00	0	4.78
6.41058	420.00	0	4.86
6.41541	460.00	0	4.86
6.42015	472.00	0	4.86
6.42526	486.00	0	4.86
6.43033	481.00	0	4.86
6.43539	486.00	0	4.86
6.44010	485.00	0	4.86
6.44515	470.00	0	4.86
6.45002	416.00	1	4.86
6.45606	322.00	0	4.77
6.46073	295.00	0	4.77
6.46557	282.00	0	4.77
6.47034	274.00	0	4.77
6.47517	276.00	0	4.77
6.48013	264.00	0	4.77
6.48506	267.00	0	4.77
6.49099	272.00	0	4.77
6.49565	271.00	0	4.77
6.50034	285.00	0	4.77
6.50531	321.00	1	4.77
6.51029	377.00	0	4.77
6.51537	426.00	0	4.77
6.52050	443.00	0	4.77
6.52540	459.00	0	4.77
6.53011	459.00	0	4.77
6.53524	468.00	0	4.77
6.54048	468.00	0	4.77
6.54549	466.00	0	4.77
6.55037	467.00	0	4.77
6.55541	398.00	1	4.77
6.56070	320.00	0	4.77
6.56585	288.00	0	4.87
6.57026	271.00	0	4.87
6.57538	270.00	0	4.87
6.58069	261.00	0	4.87
6.58501	259.00	0	4.87
6.59046	258.00	0	4.87
6.59540	257.00	0	4.87
6.60012	267.00	0	4.87
6.60524	275.00	0	4.87
6.61054	351.00	1	4.87
6.61535	407.00	0	4.87
6.62031	453.00	0	4.76
6.62503	474.00	0	4.76
6.63084	478.00	0	4.76
6.63560	486.00	0	4.76
6.64038	486.00	0	4.76
6.64519	482.00	0	4.76
6.65001	483.00	0	4.76
6.65583	431.00	1	4.76
6.66057	344.00	0	4.76
6.66539	305.00	0	4.86
6.67015	281.00	0	4.86
6.67603	283.00	0	4.86
6.68075	271.00	0	4.86
6.68549	268.00	0	4.86
6.69025	266.00	0	4.86
6.69608	266.00	0	4.86
6.70076	277.00	0	4.86
6.70543	275.00	0	4.86
6.71030	320.00	1	4.86
6.71506	362.00	0	4.86
6.72093	417.00	0	4.88
6.72568	449.00	0	4.88
6.73053	449.00	0	4.88
6.73528	462.00	0	4.88
6.74006	464.00	0	4.88
6.74593	464.00	0	4.88
6.75072	472.00	0	4.88
6.75554	463.00	0	4.88
6.76030	429.00	0	4.88
6.76509	338.00	0	4.88
6.77083	289.00	1	4.88
6.77556	278.00	0	4.64
6.78037	266.00	0	4.64
6.78523	264.00	0	4.64
6.79106	259.00	0	4.64
6.79576	253.00	0	4.64
6.80040	262.00	0	4.64
6.80517	258.00	0	4.64
6.81100	282.00	0	4.64
6.81580	347.00	1	4.64
6.82051	396.00	0	4.64
6.82523	452.00	0	4.64
6.83002	467.00	0	4.87
6.83583	481.00	0	4.87
6.84059	484.00	0	4.87
6.84534	484.00	0	4.87
6.85014	489.00	0	4.87
6.85594	478.00	0	4.87
6.86071	454.00	0	4.87
6.86547	352.00	0	4.87
6.87018	307.00	1	4.87
6.87592	287.00	0	4.87
6.88074	276.00	0	4.67
6.88554	276.00	0	4.67
6.89032	268.00	0	4.67
6.89511	263.00	0	4.67
6.90097	273.00	0	4.67
6.90580	271.00	0	4.67
6.91058	280.00	0	4.67
6.91535	317.00	1	4.67
6.92004	357.00	0	4.67
6.92587	422.00	0	4.88
6.93061	437.00	0	4.88
6.93540	455.00	0	4.88
6.94009	461.00	0	4.88
6.94590	463.00	0	4.88
6.95071	471.00	0	4.88
6.95560	465.00	0	4.88
6.96031	469.00	0	4.88
6.96511	435.00	0	4.88
6.97010	341.00	0	4.88
6.97588	295.00	1	4.88
6.98088	272.00	0	4.88
6.98595	268.00	0	4.88
6.99074	256.00	0	4.88
6.99546	255.00	0	4.88
7.00042	260.00	0	4.88
7.00524	255.00	0	4.88
7.01025	263.00	0	4.88
7.01507	276.00	0	4.88
7.02094	338.00	1	4.88
7.02597	406.00	0	4.87
7.03103	451.00	0	4.87
7.03518	472.00	0	4.87
7.04019	480.00	0	4.87
7.04618	481.00	0	4.87
7.05089	490.00	0	4.87
7.05573	482.00	0	4.87
7.06065	481.00	0	4.87
7.06559	439.00	1	4.87
7.07089	336.00	0	5.12
7.07586	302.00	0	5.12
7.08067	282.00	0	5.12
7.08543	280.00	0	5.12
7.09022	274.00	0	5.12
7.09608	264.00	0	5.12
7.10081	270.00	0	5.12
7.10560	266.00	0	5.12
7.11035	275.00	0	5.12
7.11513	280.00	0	5.12
7.12103	324.00	1	5.12
7.12582	378.00	0	4.86
7.13057	418.00	0	4.86
7.13547	447.00	0	4.86
7.14033	456.00	0	4.86
7.14521	461.00	0	4.86
7.15017	469.00	0	4.86
7.15600	466.00	0	4.86
7.16082	471.00	0	4.86
7.16564	461.00	0	4.86
7.17048	385.00	1	4.86
7.17517	324.00	0	4.86
7.18099	279.00	0	5.14
7.18582	272.00	0	5.14
7.19065	267.00	0	5.14
7.19537	258.00	0	5.14
7.20026	260.00	0	5.14
7.20506	252.00	0	5.14
7.21093	260.00	0	5.14
7.21575	267.00	0	5.14
7.22049	289.00	1	5.14
7.22541	361.00	0	5.01
7.23020	406.00	0	5.01
7.23511	458.00	0	5.01
7.24101	478.00	0	5.01
7.24582	480.00	0	5.01
7.25054	487.00	0	5.01
7.25530	481.00	0	5.01
7.26005	485.00	0	5.01
7.26605	473.00	0	5.01
7.27084	383.00	0	5.01
7.27565	324.00	1	5.01
7.28043	289.00	0	4.76
7.28516	283.00	0	4.76
7.29002	277.00	0	4.76
7.29582	267.00	0	4.76
7.30060	271.00	0	4.76
7.30537	263.00	0	4.76
7.31009	273.00	0	4.76
7.31583	275.00	0	4.76
7.32052	281.00	0	4.76
7.32536	333.00	1	4.76
7.33012	371.00	0	4.76
7.33576	428.00	0	4.89
7.34095	448.00	0	4.89
7.34530	454.00	0	4.89
7.35006	466.00	0	4.89
7.35547	462.00	0	4.89
7.36021	471.00	0	4.89
7.36602	469.00	0	4.89
7.37072	458.00	0	4.89
7.37582	385.00	1	4.89
7.38057	317.00	0	4.87
7.38575	285.00	0	4.87
7.39050	273.00	0	4.87
7.39516	265.00	0	4.87
7.40121	265.00	0	4.87
7.40538	253.00	0	4.87
7.41029	258.00	0	4.87
7.41610	260.00	0	4.87
7.42096	260.00	0	4.87
7.42577	286.00	0	4.87
7.43054	337.00	1	4.87
7.43535	399.00	0	4.76
7.44008	447.00	0	4.76
7.44598	471.00	0	4.76
7.45072	633.00	0	4.76
7.45545	482.00	0	4.76
7.46007	488.00	0	4.76
7.46587	486.00	0	4.76
7.47060	476.00	0	4.76
7.48192	325.00	0	4.76
7.48354	315.00	0	4.76
7.48635	295.00	0	4.76
7.49023	282.00	1	4.76
7.49521	278.00	0	4.66
7.50047	279.00	0	4.66
7.50573	264.00	0	4.66
7.51052	266.00	0	4.66
7.51531	267.00	0	4.66
7.52008	270.00	0	4.66
7.52599	282.00	0	4.66
7.53068	303.00	0	4.66
7.53541	353.00	1	4.66
7.54018	395.00	0	4.76
7.54594	436.00	0	4.76
7.55068	456.00	0	4.76
7.55531	454.00	0	4.76
7.56003	468.00	0	4.76
7.56584	469.00	0	4.76
7.57066	467.00	0	4.76
7.57535	471.00	0	4.76
7.58004	441.00	0	4.76
7.58577	343.00	0	4.76
7.59045	302.00	1	4.76
7.59505	277.00	0	4.76
7.60085	274.00	0	4.66
7.60563	261.00	0	4.66
7.61042	262.00	0	4.66
7.61514	257.00	0	4.66
7.62090	254.00	0	4.66
7.62573	264.00	0	4.66
7.63057	265.00	0	4.66
7.63531	302.00	1	4.66
7.64017	363.00	0	4.66
7.64603	430.00	0	4.88
7.65074	467.00	0	4.88
7.65552	474.00	0	4.88
7.66028	485.00	0	4.88
7.66503	485.00	0	4.88
7.67097	482.00	0	4.88
7.67572	484.00	0	4.88
7.68047	469.00	0	4.88
7.68521	404.00	1	4.88
7.69100	323.00	0	5.13
7.69572	291.00	0	5.13
7.70049	284.00	0	5.13
7.70526	274.00	0	5.13
7.71026	274.00	0	5.13
7.71509	265.00	0	5.13
7.72098	262.00	0	5.13
7.72575	274.00	0	5.13
7.73054	269.00	0	5.13
7.73524	282.00	0	5.13
7.74003	319.00	1	5.13
7.74590	370.00	0	4.89
7.75059	424.00	0	4.89
7.75537	440.00	0	4.89
7.76007	458.00	0	4.89
7.76610	464.00	0	4.89
7.77090	463.00	0	4.89
7.77605	472.00	0	4.89
7.78103	466.00	0	4.89
7.78593	466.00	0	4.89
7.79101	405.00	1	4.89
7.79501	341.00	0	4.89
7.80086	297.00	0	4.99
7.80563	271.00	0	4.99
7.81046	270.00	0	4.99
7.81515	263.00	0	4.99
7.82099	256.00	0	4.99
7.82579	261.00	0	4.99
7.83060	254.00	0	4.99
7.83528	263.00	0	4.99
7.84105	275.00	0	4.99
7.84579	323.00	1	4.99
7.85058	390.00	0	4.75
7.85544	437.00	0	4.75
7.86016	467.00	0	4.75
7.86504	476.00	0	4.75
7.87089	482.00	0	4.75
7.87559	488.00	0	4.75
7.88023	482.00	0	4.75
7.88607	482.00	0	4.75
7.89081	462.00	0	4.75
7.89563	367.00	0	4.75
7.90026	320.00	1	4.75
7.90502	287.00	0	4.65
7.91079	285.00	0	4.65
7.91563	278.00	0	4.65
7.92048	268.00	0	4.65
7.92531	270.00	0	4.65
7.93024	131.00	0	4.65
7.93603	272.00	0	4.65
7.94077	276.00	0	4.65
7.94556	284.00	0	4.65
7.95037	338.00	1	4.65
7.95511	375.00	0	4.65
7.96096	435.00	0	4.75
7.96577	450.00	0	4.75
7.97056	455.00	0	4.75
7.97527	467.00	0	4.75
7.98003	462.00	0	4.75
7.98595	469.00	0	4.75
7.99065	468.00	0	4.75
7.99543	459.00	0	4.75
8.00010	408.00	1	4.75
8.00589	316.00	0	4.78
8.01053	289.00	0	4.78
8.01520	272.00	0	4.78
8.02003	265.00	0	4.78
8.02588	266.00	0	4.78
8.03066	253.00	0	4.78
8.03544	258.00	0	4.78
8.04017	257.00	0	4.78
8.04597	262.00	0	4.78
8.05079	288.00	0	4.78
8.05552	339.00	1	4.78
8.06025	402.00	0	4.77
8.06502	449.00	0	4.77
8.07093	470.00	0	4.77
8.07568	484.00	0	4.77
8.08043	483.00	0	4.77
8.08528	488.00	0	4.77
8.09008	483.00	0	4.77
8.09596	477.00	0	4.77
8.10080	447.00	1	4.77
8.10565	348.00	0	4.77
8.11032	308.00	0	4.77
8.11513	284.00	0	4.99
8.12001	278.00	0	4.99
8.12588	278.00	0	4.99
8.13067	264.00	0	4.99
8.13559	268.00	0	4.99
8.14038	269.00	0	4.99
8.14510	271.00	0	4.99
8.15095	282.00	0	4.99
8.15576	312.00	1	4.99
8.16061	363.00	0	4.99
8.16541	407.00	0	4.99
8.17030	439.00	0	4.87
8.17503	454.00	0	4.87
8.18093	459.00	0	4.87
8.18566	466.00	0	4.87
8.19042	467.00	0	4.87
8.19516	465.00	0	4.87
8.20104	471.00	0	4.87
8.20577	432.00	0	4.87
8.21052	346.00	1	4.87
8.21532	297.00	0	4.87
8.22007	276.00	0	4.87
8.22593	274.00	0	4.75
8.23061	260.00	0	4.75
8.23548	260.00	0	4.75
8.24018	256.00	0	4.75
8.24596	254.00	0	4.75
8.25083	266.00	0	4.75
8.25565	271.00	0	4.75
8.26034	329.00	1	4.75
8.26606	395.00	0	4.88
8.27085	443.00	0	4.88
8.27561	471.00	0	4.88
8.28046	476.00	0	4.88
8.28520	487.00	0	4.88
8.29002	486.00	0	4.88
8.29586	482.00	0	4.88
8.30065	485.00	0	4.88
8.30541	462.00	0	4.88
8.31024	370.00	0	4.88
8.31599	310.00	1	4.88
8.32030	284.00	0	4.65
8.32512	282.00	0	4.65
8.33101	272.00	0	4.65
8.33578	269.00	0	4.65
8.34081	265.00	0	4.65
8.34561	265.00	0	4.65
8.35042	275.00	0	4.65
8.35543	273.00	0	4.65
8.36018	305.00	1	4.65
8.36508	344.00	0	4.89
8.37096	403.00	0	4.89
8.37596	442.00	0	4.89
8.38099	450.00	0	4.89
8.38576	461.00	0	4.89
8.39059	465.00	0	4.89
8.39555	466.00	0	4.89
8.40036	470.00	0	4.89
8.40515	465.00	0	4.89
8.41106	441.00	0	4.89
8.41601	350.00	0	4.89
8.42081	300.00	1	4.89
8.42558	281.00	0	4.89
8.43041	266.00	0	4.89
8.43521	266.00	0	4.76
8.44099	260.00	0	4.76
8.44573	254.00	0	4.76
8.45054	261.00	0	4.76
8.45526	257.00	0	4.76
8.46104	272.00	0	4.76
8.46591	319.00	1	4.76
8.47071	373.00	0	4.76
8.47546	432.00	0	4.86
8.48021	459.00	0	4.86
8.48606	479.00	0	4.86
8.49078	483.00	0	4.86
8.49560	485.00	0	4.86
8.50034	489.00	0	4.86
8.50516	481.00	0	4.86
8.51016	475.00	0	4.86
8.51505	393.00	1	4.86
8.52107	314.00	0	5.02
8.52536	293.00	0	5.02
8.53021	278.00	0	5.02
8.53608	277.00	0	5.02
8.54090	270.00	0	5.02
8.54571	263.00	0	5.02
8.55044	270.00	0	5.02
8.55526	268.00	0	5.02
8.56004	278.00	0	5.02
8.56590	295.00	0	5.02
8.57065	338.00	1	5.02
8.57542	390.00	0	4.75
8.58018	424.00	0	4.75
8.58599	451.00	0	4.75
8.59074	457.00	0	4.75
8.59553	461.00	0	4.75
8.60030	470.00	0	4.75
8.60504	466.00	0	4.75
8.61101	470.00	0	4.75
8.61574	450.00	0	4.75
8.62052	362.00	1	4.75
8.62524	311.00	0	4.75
8.63005	277.00	0	5.01
8.63590	271.00	0	5.01
8.64068	263.00	0	5.01
8.64547	258.00	0	5.01
8.65023	260.00	0	5.01
8.65601	254.00	0	5.01
8.66083	261.00	0	5.01
8.66563	268.00	0	5.01
8.67040	300.00	1	5.01
8.67513	367.00	0	4.89
8.68093	425.00	0	4.89
8.68571	464.00	0	4.89
8.69052	475.00	0	4.89
8.69525	481.00	0	4.89
8.70102	490.00	0	4.89
8.70581	483.00	0	4.89
8.71054	489.00	0	4.89
8.71532	470.00	0	4.89
8.72002	389.00	1	4.89
8.72596	317.00	0	4.88
8.73070	283.00	0	4.88
8.73551	283.00	0	4.88
8.74029	277.00	0	4.88
8.74503	270.00	0	4.88
8.75084	270.00	0	4.88
8.75555	264.00	0	4.88
8.76038	274.00	0	4.88
8.76525	273.00	0	4.88
8.77014	285.00	0	4.88
8.77601	345.00	1	4.88
8.78086	381.00	0	4.87
8.78571	432.00	0	4.87
8.79045	447.00	0	4.87
8.79527	455.00	0	4.87
8.80003	466.00	0	4.87
8.80590	464.00	0	4.87
8.81064	470.00	0	4.87
8.81537	466.00	0	4.87
8.82009	458.00	0	4.87
8.82586	370.00	1	4.87
8.83064	309.00	0	4.87
8.83547	451.00	0	4.87
8.84014	266.00	0	4.87
8.84587	263.00	0	4.87
8.85057	265.00	0	4.87
8.85525	253.00	0	4.87
8.86003	130.00	0	4.87
8.86570	259.00	0	4.87
8.87039	262.00	0	4.87
8.87515	284.00	0	4.87
8.88100	351.00	1	4.87
8.88574	412.00	0	4.87
8.89056	455.00	0	4.75
8.89526	471.00	0	4.75
8.90008	482.00	0	4.75
8.90606	484.00	0	4.75
8.91088	488.00	0	4.75
8.91576	485.00	0	4.75
8.92052	475.00	0	4.75
8.92523	429.00	1	4.75
8.93020	338.00	0	4.75
8.93596	298.00	0	4.87
8.94078	281.00	0	4.87
8.94579	277.00	0	4.87
8.95068	278.00	0	4.87
8.95565	264.00	0	4.87
8.96077	268.00	0	4.87
8.96553	268.00	0	4.87
8.97055	270.00	0	4.87
8.97535	280.00	0	4.87
8.98038	299.00	0	4.87
8.98531	352.00	1	4.87
8.99016	393.00	0	4.78
8.99605	437.00	0	4.78
9.00082	456.00	0	4.78
9.00563	456.00	0	4.78
9.01038	467.00	0	4.78
9.01518	466.00	0	4.78
9.02096	467.00	0	4.78
9.02588	473.00	0	4.78
9.03072	439.00	0	4.78
9.03549	357.00	1	4.78
9.04029	305.00	0	4.78
9.04518	279.00	0	4.77
9.05111	274.00	0	4.77
9.05596	261.00	0	4.77
9.06078	262.00	0	4.77
9.06558	256.00	0	4.77
9.07044	254.00	0	4.77
9.07528	65.00	0	4.77
9.08107	264.00	0	4.77
9.08577	292.00	0	4.77
9.09073	352.00	1	4.77
9.09548	408.00	0	4.77
9.10023	456.00	0	4.77
9.10603	473.00	0	4.77
9.11089	484.00	0	4.77
9.11563	486.00	0	4.77
9.12031	484.00	0	4.77
9.12521	486.00	0	4.77
9.13100	472.00	0	4.77
9.13573	425.00	1	4.77
9.14050	338.00	0	4.77
9.14556	298.00	0	4.75
9.15045	285.00	0	4.75
9.15524	276.00	0	4.75
9.16002	279.00	0	4.75
9.16591	268.00	0	4.75
9.17073	264.00	0	4.75
9.17551	270.00	0	4.75
9.18022	268.00	0	4.75
9.18602	278.00	0	4.75
9.19083	312.00	1	4.75
9.19559	352.00	0	4.75
9.20031	406.00	0	4.87
9.20501	433.00	0	4.87
9.21095	456.00	0	4.87
9.21569	460.00	0	4.87
9.22048	465.00	0	4.87
9.22524	470.00	0	4.87
9.23002	466.00	0	4.87
9.23588	469.00	0	4.87
9.24071	436.00	0	4.87
9.24553	347.00	1	4.87
9.25025	305.00	0	4.87
9.25507	275.00	0	4.76
9.26094	270.00	0	4.76
9.26598	264.00	0	4.76
9.27101	800.00	0	4.76
9.27572	259.00	0	4.76
9.28041	251.00	0	4.76
9.28514	263.00	0	4.76
9.29103	270.00	0	4.76
9.29600	309.00	1	4.76
9.30093	380.00	0	4.87
9.30591	428.00	0	4.87
9.31072	468.00	0	4.87
9.31582	478.00	0	4.87
9.32069	482.00	0	4.87
9.32563	490.00	0	4.87
9.33048	483.00	0	4.87
9.33549	486.00	0	4.87
9.34032	473.00	0	4.87
9.34551	406.00	1	4.87
9.35037	334.00	0	4.87
9.35543	292.00	0	4.77
9.36041	285.00	0	4.77
9.36541	278.00	0	4.77
9.37057	270.00	0	4.77
9.37561	271.00	0	4.77
9.38060	261.00	0	4.77
9.38557	272.00	0	4.77
9.39047	273.00	0	4.77
9.39559	279.00	0	4.77
9.40061	332.00	1	4.77
9.40560	367.00	0	4.77
9.41058	425.00	0	4.77
9.41563	443.00	0	4.77
9.42049	454.00	0	4.77
9.42555	464.00	0	4.77
9.43080	463.00	0	4.77
9.43568	471.00	0	4.77
9.44077	469.00	0	4.77
9.44603	463.00	0	4.77
9.45000	439.00	0	4.77
9.45593	332.00	0	4.77
9.46066	298.00	1	4.77
9.46552	275.00	0	4.77
9.47046	266.00	0	4.77
9.47546	266.00	0	4.65
9.48066	256.00	0	4.65
9.48557	258.00	0	4.65
9.49060	257.00	0	4.65
9.49540	260.00	0	4.65
9.50037	273.00	0	4.65
9.50547	313.00	1	4.65
9.51047	381.00	0	4.65
9.51563	436.00	0	4.77
9.52063	464.00	0	4.77
9.52551	478.00	0	4.77
9.53071	478.00	0	4.77
9.53563	488.00	0	4.77
9.54047	483.00	0	4.77
9.54540	483.00	0	4.77
9.55038	479.00	0	4.77
9.55543	402.00	1	4.77
9.56026	333.00	0	4.76
9.56542	293.00	0	4.76
9.57064	279.00	0	4.76
9.57573	282.00	0	4.76
9.58070	268.00	0	4.76
9.58571	268.00	0	4.76
9.59056	266.00	0	4.76
9.59576	268.00	0	4.76
9.60059	277.00	0	4.76
9.60547	276.00	0	4.76
9.61029	327.00	1	4.76
9.61518	361.00	0	4.77
9.62104	420.00	0	4.77
9.62597	449.00	0	4.77
9.63073	451.00	0	4.77
9.63547	465.00	0	4.77
9.64023	464.00	0	4.77
9.64610	467.00	0	4.77
9.65081	472.00	0	4.77
9.65572	464.00	0	4.77
9.66059	442.00	0	4.77
9.66550	347.00	0	4.77
9.67025	302.00	1	4.77
9.67509	279.00	0	4.77
9.68102	265.00	0	4.77
9.68588	265.00	0	4.77
9.69081	259.00	0	4.77
9.69557	256.00	0	4.77
9.70042	261.00	0	4.77
9.70529	257.00	0	4.77
9.71008	273.00	0	4.77
9.71591	320.00	1	4.77
9.72068	375.00	0	4.77
9.72555	434.00	0	4.75
9.73031	461.00	0	4.75
9.73512	481.00	0	4.75
9.74103	483.00	0	4.75
9.74604	484.00	0	4.75
9.75030	486.00	0	4.75
9.75528	481.00	0	4.75
9.76086	476.00	0	4.75
9.76593	393.00	1	4.75
9.77015	332.00	0	4.75
9.77514	301.00	0	4.75
9.78062	278.00	0	4.75
9.78569	280.00	0	4.75
9.79000	270.00	0	4.75
9.79603	262.00	0	4.75
9.80014	269.00	0	4.75
9.80546	266.00	0	4.75
9.81043	276.00	0	4.75
9.81568	282.00	0	4.75
9.82071	327.00	1	4.75
9.82501	369.00	0	4.75
9.83009	415.00	0	4.75
9.83552	447.00	0	4.75
9.84057	454.00	0	4.75
9.84563	462.00	0	4.75
9.85079	470.00	0	4.75
9.85504	465.00	0	4.75
9.86007	473.00	0	4.75
9.86555	465.00	0	4.75
9.87056	431.00	0	4.75
9.87535	344.00	1	4.75
9.88012	296.00	0	4.75
9.88602	276.00	0	4.88
9.89074	267.00	0	4.88
9.89546	262.00	0	4.88
9.90016	261.00	0	4.88
9.90597	253.00	0	4.88
9.91069	262.00	0	4.88
9.91546	260.00	0	4.88
9.92022	272.00	0	4.88
9.92608	339.00	1	4.88
9.93078	382.00	0	4.88
9.93546	443.00	0	4.88
9.94020	464.00	0	4.76
9.94605	477.00	0	4.76
9.95081	488.00	0	4.76
9.95551	485.00	0	4.76
9.96032	487.00	0	4.76
9.96512	481.00	0	4.76
9.97004	472.00	0	4.76
9.97586	367.00	0	4.76
9.98061	311.00	1	4.76
9.98548	289.00	0	4.76
9.99027	272.00	0	4.76
9.99510	277.00	0	4.66
10.00096	272.00	0	4.66
