2.00238	248.00	0	0.00
2.00371	237.00	0	0.00
2.00509	228.00	0	0.00
2.00638	222.00	0	0.00
2.00765	218.00	0	0.00
2.00891	214.00	0	0.00
2.01021	213.00	0	0.00
2.01156	212.00	0	0.00
2.01291	210.00	0	0.00
2.01419	209.00	0	0.00
2.01545	208.00	0	0.00
2.01675	208.00	0	0.00
2.01808	206.00	0	0.00
2.01943	206.00	0	0.00
2.02070	205.00	0	0.00
2.02201	205.00	0	0.00
2.02339	204.00	0	0.00
2.02477	205.00	0	0.00
2.02605	205.00	0	0.00
2.02733	205.00	0	0.00
2.02871	204.00	0	0.00
2.03008	204.00	0	0.00
2.03135	205.00	0	0.00
2.03262	206.00	0	0.00
2.03393	209.00	0	0.00
2.03531	208.00	0	0.00
2.03667	212.00	0	0.00
2.03795	212.00	0	0.00
2.03927	215.00	0	0.00
2.04064	221.00	0	0.00
2.04200	232.00	0	0.00
2.04328	245.00	0	0.00
2.04464	262.00	1	0.00
2.04602	278.00	0	0.00
2.04739	290.00	0	0.00
2.04867	305.00	0	0.00
2.04999	316.00	0	0.00
2.05136	327.00	0	0.00
2.05272	334.00	0	0.00
2.05400	341.00	0	0.00
2.05531	347.00	0	0.00
2.05669	352.00	0	0.00
2.05806	356.00	0	0.00
2.05933	361.00	0	0.00
2.06064	365.00	0	0.00
2.06202	369.00	0	0.00
2.06338	372.00	0	0.00
2.06465	374.00	0	0.00
2.06597	374.00	0	0.00
2.06735	377.00	0	0.00
2.06872	377.00	0	0.00
2.06999	380.00	0	0.00
2.07130	379.00	0	0.00
2.07264	378.00	0	0.00
2.07403	376.00	0	0.00
2.07531	374.00	0	0.00
2.07660	370.00	0	0.00
2.07794	368.00	0	0.00
2.07928	365.00	0	0.00
2.08056	362.00	0	0.00
2.08189	356.00	0	0.00
2.08324	348.00	0	0.00
2.08459	333.00	0	0.00
2.08588	309.00	1	0.00
2.08719	803.00	0	0.00
2.08861	264.00	0	0.00
2.09002	248.00	0	0.00
2.09138	236.00	0	0.00
2.09273	226.00	0	0.00
2.09404	219.00	0	0.00
2.09540	214.00	0	0.00
2.09683	210.00	0	0.00
2.09827	208.00	0	0.00
2.09962	207.00	0	0.00
2.10095	204.00	0	0.00
2.10235	203.00	0	0.00
2.10374	202.00	0	0.00
2.10518	201.00	0	0.00
2.10714	200.00	0	0.00
2.10865	199.00	0	0.00
2.11011	196.00	0	0.00
2.11148	195.00	0	0.00
2.11287	197.00	0	0.00
2.11427	195.00	0	0.00
2.11567	195.00	0	0.00
2.11705	194.00	0	0.00
2.11841	195.00	0	0.00
2.11978	196.00	0	0.00
2.12118	198.00	0	0.00
2.12255	199.00	0	0.00
2.12398	200.00	0	0.00
2.12534	203.00	0	0.00
2.12660	207.00	0	0.00
2.12791	212.00	0	0.00
2.12930	223.00	0	0.00
2.13071	241.00	1	0.00
2.13203	263.00	0	0.00
2.13339	286.00	0	0.00
2.13481	307.00	0	0.00
2.13620	325.00	0	0.00
2.13760	336.00	0	0.00
2.13890	346.00	0	0.00
2.14136	362.00	0	0.00
2.14387	375.00	0	0.00
2.14637	383.00	0	0.00
2.14890	390.00	0	0.00
2.15129	393.00	0	0.00
2.15380	397.00	0	0.00
2.15657	398.00	0	0.00
2.15908	396.00	0	0.00
2.16159	392.00	0	0.00
2.16404	387.00	0	0.00
2.16659	379.00	1	0.00
2.16916	369.00	0	0.00
2.17166	334.00	0	0.00
2.17421	277.00	0	0.00
2.17672	241.00	0	0.00
2.17923	225.00	0	0.00
2.18175	217.00	0	0.00
2.18425	211.00	0	0.00
2.18672	209.00	0	0.00
2.18916	208.00	0	0.00
2.19167	206.00	0	0.00
2.19418	204.00	0	0.00
2.19673	204.00	0	0.00
2.19930	204.00	0	0.00
2.20185	204.00	0	0.00
2.20432	205.00	0	0.00
2.20682	207.00	0	0.00
2.20939	208.00	0	0.00
2.21199	213.00	0	0.00
2.21452	226.00	0	0.00
2.21706	251.00	1	0.00
2.21957	279.00	0	0.00
2.22210	305.00	0	0.00
2.22458	325.00	0	0.00
2.22708	338.00	0	0.00
2.22958	350.00	0	0.00
2.23203	357.00	0	0.00
2.23445	364.00	0	0.00
2.23693	370.00	0	0.00
2.23934	376.00	0	0.00
2.24196	378.00	0	0.00
2.24449	379.00	0	0.00
2.24695	378.00	0	0.00
2.24953	372.00	0	0.00
2.25204	368.00	0	0.00
2.25458	359.00	0	0.00
2.25718	345.00	1	0.00
2.25965	306.00	0	0.00
2.26213	264.00	0	0.00
2.26466	236.00	0	0.00
2.26717	221.00	0	0.00
2.26969	212.00	0	0.00
2.27227	206.00	0	0.00
2.27475	205.00	0	0.00
2.27718	202.00	0	0.00
2.27972	200.00	0	0.00
2.28232	197.00	0	0.00
2.28482	196.00	0	0.00
2.28730	195.00	0	0.00
2.28981	194.00	0	0.00
2.29236	196.00	0	0.00
2.29490	198.00	0	0.00
2.29739	201.00	0	0.00
2.29985	208.00	0	0.00
2.30239	221.00	1	0.00
2.30492	259.00	0	0.00
2.30745	299.00	0	5.82
2.31007	329.00	0	5.82
2.31256	347.00	0	5.82
2.31505	363.00	0	5.82
2.31758	374.00	0	5.82
2.32010	383.00	0	5.82
2.32268	389.00	0	5.82
2.32524	395.00	0	5.82
2.32775	397.00	0	5.82
2.33029	398.00	0	5.82
2.33285	395.00	0	5.82
2.33536	392.00	0	5.82
2.33789	386.00	0	5.82
2.34031	378.00	0	5.82
2.34280	365.00	1	5.82
2.34533	327.00	0	5.82
2.34783	272.00	0	5.82
2.35034	241.00	0	5.82
2.35279	225.00	0	5.82
2.35529	216.00	0	5.82
2.35789	211.00	0	5.82
2.36039	207.00	0	5.82
2.36288	207.00	0	5.82
2.36568	205.00	0	5.82
2.36850	204.00	0	5.82
2.37129	203.00	0	5.82
2.37421	204.00	0	5.82
2.37703	205.00	0	5.82
2.37982	206.00	0	5.82
2.38252	208.00	0	5.82
2.38541	221.00	0	5.82
2.38816	229.00	0	5.82
2.39091	257.00	1	5.82
2.39370	289.00	0	5.82
2.39650	313.00	0	5.82
2.39917	333.00	0	5.82
2.40242	347.00	0	5.82
2.40517	356.00	0	5.82
2.40787	365.00	0	5.75
2.41068	370.00	0	5.75
2.41341	376.00	0	5.75
2.41635	378.00	0	5.75
2.41907	378.00	0	5.75
2.42181	376.00	0	5.75
2.42456	476.00	0	5.75
2.42622	369.00	0	5.75
2.42797	361.00	0	5.75
2.43093	338.00	1	5.75
2.43392	290.00	0	5.75
2.43700	245.00	0	5.75
2.43977	221.00	0	5.75
2.44254	213.00	0	5.75
2.44545	207.00	0	5.75
2.44822	203.00	0	5.75
2.45094	201.00	0	5.75
2.45369	198.00	0	5.75
2.45649	197.00	0	5.75
2.45924	195.00	0	5.75
2.46204	195.00	0	5.75
2.46479	195.00	0	5.75
2.46762	198.00	0	5.75
2.47043	200.00	0	5.75
2.47320	206.00	0	5.75
2.47574	217.00	0	5.75
2.47825	249.00	1	5.75
2.48075	286.00	0	5.75
2.48316	320.00	0	5.75
2.48577	342.00	0	5.75
2.48832	358.00	0	5.75
2.49105	374.00	0	5.75
2.49372	383.00	0	5.75
2.49633	390.00	0	5.75
2.49891	393.00	0	5.75
2.50150	395.00	0	5.75
2.50407	396.00	0	5.75
2.50659	396.00	0	5.75
2.50911	392.00	0	5.69
2.51167	386.00	0	5.69
2.51421	377.00	0	5.69
2.51668	365.00	1	5.69
2.51922	322.00	0	5.69
2.52171	268.00	0	5.69
2.52429	236.00	0	5.69
2.52685	222.00	0	5.69
2.52939	214.00	0	5.69
2.53197	211.00	0	5.69
2.53446	208.00	0	5.69
2.53692	207.00	0	5.69
2.53945	205.00	0	5.69
2.54197	204.00	0	5.69
2.54459	203.00	0	5.69
2.54708	207.00	0	5.69
2.54962	205.00	0	5.69
2.55214	205.00	0	5.69
2.55469	207.00	0	5.69
2.55724	211.00	0	5.69
2.55967	215.00	0	5.69
2.56234	233.00	1	5.69
2.56479	257.00	0	5.69
2.56730	285.00	0	5.69
2.56983	307.00	0	5.69
2.57234	327.00	0	5.69
2.57487	340.00	0	5.69
2.57739	350.00	0	5.69
2.57986	360.00	0	5.69
2.58242	365.00	0	5.69
2.58494	371.00	0	5.69
2.58742	375.00	0	5.69
2.58992	376.00	0	5.69
2.59250	378.00	0	5.69
2.59511	376.00	0	5.69
2.59765	370.00	0	5.69
2.60006	367.00	0	5.69
2.60260	357.00	0	5.69
2.60515	335.00	1	5.69
2.60765	288.00	0	5.69
2.61019	251.00	0	5.74
2.61266	228.00	0	5.74
2.61521	216.00	0	5.74
2.61777	209.00	0	5.74
2.62026	205.00	0	5.74
2.62280	203.00	0	5.74
2.62530	200.00	0	5.74
2.62787	198.00	0	5.74
2.63038	24.00	0	5.74
2.63175	197.00	0	5.74
2.63314	196.00	0	5.74
2.63565	195.00	0	5.74
2.63827	194.00	0	5.74
2.64075	196.00	0	5.74
2.64327	199.00	0	5.74
2.64579	203.00	0	5.74
2.64830	209.00	0	5.74
2.65087	231.00	1	5.74
2.65342	270.00	0	5.74
2.65591	305.00	0	5.74
2.65838	331.00	0	5.74
2.66082	349.00	0	5.74
2.66334	366.00	0	5.74
2.66590	376.00	0	5.74
2.66839	385.00	0	5.74
2.67093	390.00	0	5.74
2.67348	394.00	0	5.74
2.67597	397.00	0	5.74
2.67842	397.00	0	5.74
2.68094	394.00	0	5.74
2.68344	391.00	0	5.74
2.68603	381.00	0	5.74
2.68854	373.00	0	5.74
2.69105	354.00	1	5.74
2.69364	296.00	0	5.74
2.69615	251.00	0	5.74
2.69858	230.00	0	5.74
2.70118	219.00	0	5.74
2.70366	193.00	0	5.74
2.70619	210.00	0	5.74
2.70874	208.00	0	5.74
2.71130	206.00	0	5.73
2.71381	205.00	0	5.73
2.71632	202.00	0	5.73
2.71883	205.00	0	5.73
2.72135	203.00	0	5.73
2.72398	204.00	0	5.73
2.72648	206.00	0	5.73
2.72894	207.00	0	5.73
2.73144	210.00	0	5.73
2.73399	216.00	0	5.73
2.73650	231.00	1	5.73
2.73901	256.00	0	5.73
2.74154	283.00	0	5.73
2.74405	307.00	0	5.73
2.74653	325.00	0	5.73
2.74902	340.00	0	5.73
2.75154	351.00	0	5.73
2.75408	358.00	0	5.73
2.75658	364.00	0	5.73
2.75909	372.00	0	5.73
2.76164	374.00	0	5.73
2.76416	377.00	0	5.73
2.76665	378.00	0	5.73
2.76908	375.00	0	5.73
2.77152	372.00	0	5.73
2.77409	365.00	0	5.73
2.77655	355.00	0	5.73
2.77910	331.00	1	5.73
2.78153	285.00	0	5.73
2.78405	249.00	0	5.73
2.78653	228.00	0	5.73
2.78906	216.00	0	5.73
2.79152	210.00	0	5.73
2.79393	206.00	0	5.73
2.79642	203.00	0	5.73
2.79891	201.00	0	5.73
2.80143	200.00	0	5.73
2.80390	197.00	0	5.73
2.80630	197.00	0	5.73
2.80886	195.00	0	5.73
2.81145	194.00	0	5.75
2.81399	196.00	0	5.75
2.81653	196.00	0	5.75
2.81904	199.00	0	5.75
2.82155	205.00	0	5.75
2.82410	214.00	0	5.75
2.82657	243.00	1	5.75
2.82902	282.00	0	5.75
2.83152	318.00	0	5.75
2.83405	343.00	0	5.75
2.83662	358.00	0	5.75
2.83910	369.00	0	5.75
2.84158	381.00	0	5.75
2.84406	391.00	0	5.75
2.84662	393.00	0	5.75
2.84920	395.00	0	5.75
2.85171	399.00	0	5.75
2.85422	396.00	0	5.75
2.85674	390.00	0	5.75
2.85921	385.00	0	5.75
2.86177	377.00	0	5.75
2.86424	363.00	1	5.75
2.86670	319.00	0	5.75
2.86930	264.00	0	5.75
2.87184	237.00	0	5.75
2.87436	221.00	0	5.75
2.87690	214.00	0	5.75
2.87937	210.00	0	5.75
2.88197	209.00	0	5.75
2.88448	207.00	0	5.75
2.88704	205.00	0	5.75
2.88959	207.00	0	5.75
2.89212	203.00	0	5.75
2.89460	202.00	0	5.75
2.89719	203.00	0	5.75
2.89970	204.00	0	5.75
2.90211	206.00	0	5.75
2.90460	208.00	0	5.75
2.90710	212.00	0	5.75
2.90957	220.00	0	5.75
2.91207	242.00	1	5.77
2.91454	270.00	0	5.77
2.91701	296.00	0	5.77
2.91998	321.00	0	5.77
2.92255	337.00	0	5.77
2.92510	348.00	0	5.77
2.92766	356.00	0	5.77
2.93021	366.00	0	5.77
2.93269	371.00	0	5.77
2.93516	373.00	0	5.77
2.93767	375.00	0	5.77
2.94013	378.00	0	5.77
2.94265	374.00	0	5.77
2.94515	367.00	0	5.77
2.94757	365.00	0	5.77
2.95014	356.00	0	5.77
2.95262	337.00	1	5.77
2.95508	291.00	0	5.77
2.95764	253.00	0	5.77
2.96020	230.00	0	5.77
2.96270	217.00	0	5.77
2.96525	209.00	0	5.77
2.96774	206.00	0	5.77
2.97021	203.00	0	5.77
2.97270	200.00	0	5.77
2.97525	199.00	0	5.77
2.97777	197.00	0	5.77
2.98033	195.00	0	5.77
2.98288	194.00	0	5.77
2.98544	194.00	0	5.77
2.98798	196.00	0	5.77
2.99045	196.00	0	5.77
2.99289	200.00	0	5.77
2.99537	204.00	0	5.77
2.99795	215.00	0	5.77
3.00042	242.00	1	5.77
3.00286	282.00	0	5.77
3.00537	317.00	0	5.77
3.00791	341.00	0	5.77
3.01038	357.00	0	5.77
3.01287	372.00	0	5.75
3.01535	380.00	0	5.75
3.01792	388.00	0	5.75
3.02039	392.00	0	5.75
3.02291	394.00	0	5.75
3.02544	396.00	0	5.75
3.02801	396.00	0	5.75
3.03049	391.00	0	5.75
3.03303	387.00	0	5.75
3.03550	379.00	0	5.75
3.03795	365.00	1	5.75
3.04046	326.00	0	5.75
3.04296	271.00	0	5.75
3.04547	240.00	0	5.75
3.04793	225.00	0	5.75
3.05049	215.00	0	5.75
3.05311	211.00	0	5.75
3.05564	209.00	0	5.75
3.05831	206.00	0	5.75
3.06083	205.00	0	5.75
3.06335	204.00	0	5.75
3.06588	203.00	0	5.75
3.06841	203.00	0	5.75
3.07090	203.00	0	5.75
3.07346	204.00	0	5.75
3.07591	204.00	0	5.75
3.07843	208.00	0	5.75
3.08099	211.00	0	5.75
3.08349	218.00	0	5.75
3.08609	237.00	1	5.75
3.08856	262.00	0	5.75
3.09103	293.00	0	5.75
3.09360	315.00	0	5.75
3.09617	332.00	0	5.75
3.09872	345.00	0	5.75
3.10128	355.00	0	5.75
3.10375	362.00	0	5.75
3.10619	371.00	0	5.75
3.10866	372.00	0	5.75
3.11105	375.00	0	5.75
3.11366	376.00	0	5.75
3.11614	376.00	0	5.75
3.11862	373.00	0	5.75
3.12114	367.00	0	5.75
3.12362	362.00	0	5.75
3.12612	348.00	1	5.75
3.12869	316.00	0	5.75
3.13122	274.00	0	5.75
3.13375	242.00	0	5.75
3.13629	225.00	0	5.75
3.13883	215.00	0	5.75
3.14131	209.00	0	5.75
3.14391	204.00	0	5.75
3.14638	202.00	0	5.75
3.14890	199.00	0	5.75
3.15142	198.00	0	5.75
3.15395	196.00	0	5.75
3.15650	196.00	0	5.75
3.15907	194.00	0	5.75
3.16162	194.00	0	5.75
3.16412	196.00	0	5.75
3.16659	197.00	0	5.75
3.16904	201.00	0	5.75
3.17152	209.00	0	5.75
3.17404	229.00	1	5.75
3.17651	267.00	0	5.75
3.17897	303.00	0	5.75
3.18141	332.00	0	5.75
3.18398	353.00	0	5.75
3.18642	366.00	0	5.75
3.18889	376.00	0	5.75
3.19191	386.00	0	5.75
3.19454	390.00	0	5.75
3.19716	395.00	0	5.75
3.19986	396.00	0	5.75
3.20263	395.00	0	5.75
3.20530	391.00	0	5.75
3.20788	386.00	0	5.75
3.21042	379.00	0	5.75
3.21315	367.00	1	5.75
3.21573	333.00	0	5.71
3.21841	276.00	0	5.71
3.22111	240.00	0	5.71
3.22374	223.00	0	5.71
3.22649	214.00	0	5.71
3.22927	210.00	0	5.71
3.23202	207.00	0	5.71
3.23476	206.00	0	5.71
3.23743	204.00	0	5.71
3.24012	203.00	0	5.71
3.24268	204.00	0	5.71
3.24554	203.00	0	5.71
3.24813	204.00	0	5.71
3.25095	204.00	0	5.71
3.25355	207.00	0	5.71
3.25623	211.00	0	5.71
3.25902	219.00	0	5.71
3.26173	243.00	1	5.71
3.26425	270.00	0	5.71
3.26678	298.00	0	5.71
3.26949	321.00	0	5.71
3.27208	335.00	0	5.71
3.27471	347.00	0	5.71
3.27746	357.00	0	5.71
3.28004	365.00	0	5.71
3.28266	373.00	0	5.71
3.28524	373.00	0	5.71
3.28810	377.00	0	5.71
3.29066	377.00	0	5.71
3.29337	376.00	0	5.71
3.29593	369.00	0	5.71
3.29882	363.00	0	5.71
3.30137	354.00	0	5.71
3.30392	329.00	1	5.71
3.30651	282.00	0	5.71
3.30922	247.00	0	5.71
3.31195	225.00	0	5.71
3.31448	214.00	0	5.71
3.31709	208.00	0	5.62
3.31961	203.00	0	5.62
3.32225	203.00	0	5.62
3.32473	200.00	0	5.62
3.32726	198.00	0	5.62
3.32976	197.00	0	5.62
3.33217	195.00	0	5.62
3.33468	195.00	0	5.62
3.33719	195.00	0	5.62
3.33967	197.00	0	5.62
3.34250	199.00	0	5.62
3.34541	205.00	0	5.62
3.34819	216.00	0	5.62
3.35090	252.00	1	5.62
3.35366	297.00	0	5.62
3.35647	329.00	0	5.62
3.35919	352.00	0	5.62
3.36197	367.00	0	5.62
3.36471	379.00	0	5.62
3.36748	386.00	0	5.62
3.37019	393.00	0	5.62
3.37328	396.00	0	5.62
3.37601	397.00	0	5.62
3.37870	397.00	0	5.62
3.38162	393.00	0	5.62
3.38432	387.00	0	5.62
3.38715	377.00	0	5.62
3.38984	363.00	1	5.62
3.39261	315.00	0	5.62
3.39535	256.00	0	5.62
3.39850	230.00	0	5.62
3.40136	218.00	0	5.62
3.40415	213.00	0	5.62
3.40693	208.00	0	5.62
3.40982	207.00	0	5.62
3.41279	205.00	0	5.62
3.41552	204.00	0	5.62
3.41845	203.00	0	5.66
3.42128	203.00	0	5.66
3.42414	204.00	0	5.66
3.42681	206.00	0	5.66
3.42961	209.00	0	5.66
3.43237	214.00	0	5.66
3.43527	228.00	0	5.66
3.43807	256.00	1	5.66
3.44077	286.00	0	5.66
3.44347	312.00	0	5.66
3.44643	332.00	0	5.66
3.44916	345.00	0	5.66
3.45184	354.00	0	5.66
3.45442	363.00	0	5.66
3.45703	369.00	0	5.66
3.45965	374.00	0	5.66
3.46221	377.00	0	5.66
3.46478	379.00	0	5.66
3.46735	378.00	0	5.66
3.46993	376.00	0	5.66
3.47252	368.00	0	5.66
3.47507	360.00	0	5.66
3.47764	350.00	1	5.66
3.48020	321.00	0	5.66
3.48269	278.00	0	5.66
3.48532	243.00	0	5.66
3.48791	224.00	0	5.66
3.49135	211.00	0	5.66
3.49432	206.00	0	5.66
3.49714	202.00	0	5.66
3.50008	200.00	0	5.66
3.50367	198.00	0	5.66
3.50647	196.00	0	5.66
3.50965	195.00	0	5.66
3.51233	195.00	0	5.66
3.51495	196.00	0	5.66
3.51752	198.00	0	5.66
3.52013	202.00	0	5.76
3.52266	211.00	0	5.76
3.52519	231.00	1	5.76
3.52769	268.00	0	5.76
3.53018	305.00	0	5.76
3.53268	332.00	0	5.76
3.53519	350.00	0	5.76
3.53765	366.00	0	5.76
3.54013	376.00	0	5.76
3.54273	385.00	0	5.76
3.54524	390.00	0	5.76
3.54782	394.00	0	5.76
3.55037	396.00	0	5.76
3.55300	397.00	0	5.76
3.55551	395.00	0	5.76
3.55808	392.00	0	5.76
3.56059	387.00	0	5.76
3.56311	381.00	0	5.76
3.56563	366.00	1	5.76
3.56810	329.00	0	5.76
3.57058	274.00	0	5.76
3.57313	241.00	0	5.76
3.57561	225.00	0	5.76
3.57821	216.00	0	5.76
3.58073	212.00	0	5.76
3.58328	208.00	0	5.76
3.58596	207.00	0	5.76
3.58847	206.00	0	5.76
3.59088	205.00	0	5.76
3.59340	204.00	0	5.76
3.59591	204.00	0	5.76
3.59867	204.00	0	5.76
3.60126	206.00	0	5.76
3.60403	103.00	0	5.76
3.60551	209.00	0	5.76
3.60688	211.00	0	5.76
3.60968	217.00	0	5.76
3.61233	236.00	1	5.76
3.61510	266.00	0	5.76
3.61792	296.00	0	5.76
3.62057	319.00	0	5.74
3.62340	336.00	0	5.74
3.62606	348.00	0	5.74
3.62918	357.00	0	5.74
3.63182	366.00	0	5.74
3.63470	371.00	0	5.74
3.63746	375.00	0	5.74
3.64017	377.00	0	5.74
3.64271	379.00	0	5.74
3.64531	376.00	0	5.74
3.64793	370.00	0	5.74
3.65082	364.00	0	5.74
3.65358	353.00	0	5.74
3.65621	317.00	1	5.74
3.65913	268.00	0	5.74
3.66191	236.00	0	5.74
3.66453	220.00	0	5.74
3.66738	211.00	0	5.74
3.67016	205.00	0	5.74
3.67267	203.00	0	5.74
3.67566	201.00	0	5.74
3.67851	198.00	0	5.74
3.68171	196.00	0	5.74
3.68451	195.00	0	5.74
3.68721	194.00	0	5.74
3.69033	196.00	0	5.74
3.69298	197.00	0	5.74
3.69564	201.00	0	5.74
3.69852	211.00	0	5.74
3.70124	234.00	1	5.74
3.70404	275.00	0	5.74
3.70668	312.00	0	5.74
3.70946	339.00	0	5.74
3.71209	356.00	0	5.74
3.71475	371.00	0	5.74
3.71757	380.00	0	5.74
3.72068	389.00	0	5.74
3.72387	393.00	0	5.68
3.72704	396.00	0	5.68
3.72973	395.00	0	5.68
3.73253	395.00	0	5.68
3.73502	390.00	0	5.68
3.73787	381.00	0	5.68
3.74046	370.00	1	5.68
3.74307	339.00	0	5.68
3.74568	279.00	0	5.68
3.74847	240.00	0	5.68
3.75113	223.00	0	5.68
3.75384	214.00	0	5.68
3.75640	211.00	0	5.68
3.75908	209.00	0	5.68
3.76181	207.00	0	5.68
3.76454	204.00	0	5.68
3.76732	204.00	0	5.68
3.77009	203.00	0	5.68
3.77269	204.00	0	5.68
3.77565	205.00	0	5.68
3.77838	206.00	0	5.68
3.78107	208.00	0	5.68
3.78378	212.00	0	5.68
3.78636	222.00	0	5.68
3.78954	252.00	1	5.68
3.79213	283.00	0	5.68
3.79530	311.00	0	5.68
3.79799	328.00	0	5.68
3.80091	342.00	0	5.68
3.80362	354.00	0	5.68
3.80646	362.00	0	5.68
3.80913	368.00	0	5.68
3.81187	375.00	0	5.68
3.81486	378.00	0	5.68
3.81771	380.00	0	5.68
3.82032	375.00	0	5.68
3.82306	371.00	0	5.68
3.82573	366.00	0	5.64
3.82865	354.00	0	5.64
3.83123	327.00	1	5.64
3.83436	270.00	0	5.64
3.83691	238.00	0	5.64
3.83972	221.00	0	5.64
3.84226	212.00	0	5.64
3.84472	207.00	0	5.64
3.84750	203.00	0	5.64
3.85013	202.00	0	5.64
3.85277	198.00	0	5.64
3.85571	197.00	0	5.64
3.85823	196.00	0	5.64
3.86110	195.00	0	5.64
3.86379	195.00	0	5.64
3.86648	196.00	0	5.64
3.86911	197.00	0	5.64
3.87194	202.00	0	5.64
3.87454	208.00	0	5.64
3.87766	235.00	1	5.64
3.88024	273.00	0	5.64
3.88315	313.00	0	5.64
3.88583	339.00	0	5.64
3.88863	358.00	0	5.64
3.89112	371.00	0	5.64
3.89391	381.00	0	5.64
3.89653	387.00	0	5.64
3.89956	393.00	0	5.64
3.90210	395.00	0	5.64
3.90508	399.00	0	5.64
3.90774	394.00	0	5.64
3.91047	390.00	0	5.64
3.91299	384.00	0	5.64
3.91542	374.00	0	5.64
3.92019	311.00	1	5.64
3.92525	234.00	0	5.56
3.93020	214.00	0	5.56
3.93595	207.00	0	5.56
3.94092	205.00	0	5.56
3.94566	202.00	0	5.56
3.95035	203.00	0	5.56
3.95502	206.00	0	5.56
3.96082	213.00	0	5.56
3.96553	243.00	1	5.56
3.97029	294.00	0	5.56
3.97601	337.00	0	5.56
3.98077	353.00	0	5.56
3.98549	368.00	0	5.56
3.99015	375.00	0	5.56
3.99594	379.00	0	5.56
4.00061	369.00	0	5.56
4.00528	352.00	0	5.56
4.01100	269.00	1	5.56
4.01578	223.00	0	5.56
4.02045	208.00	0	5.56
4.02516	203.00	0	5.56
4.03087	199.00	0	5.56
4.03550	196.00	0	5.56
4.04007	194.00	0	5.56
4.04579	198.00	0	5.56
4.05049	204.00	0	5.56
4.05519	243.00	1	5.56
4.06094	324.00	0	5.56
4.06565	357.00	0	5.56
4.07037	380.00	0	5.56
4.07502	392.00	0	5.56
4.08083	396.00	0	5.56
4.08551	392.00	0	5.56
4.09008	383.00	0	5.56
4.09581	330.00	1	5.56
4.10057	242.00	0	5.56
4.10526	219.00	0	5.56
4.11099	210.00	0	5.56
4.11576	206.00	0	5.56
4.12048	204.00	0	5.56
4.12520	203.00	0	5.69
4.13098	205.00	0	5.69
4.13566	211.00	0	5.69
4.14030	226.00	0	5.69
4.14605	286.00	1	5.69
4.15078	326.00	0	5.69
4.15548	349.00	0	5.69
4.16017	363.00	0	5.69
4.16531	374.00	0	5.69
4.17001	377.00	0	5.69
4.17578	371.00	0	5.69
4.18050	359.00	0	5.69
4.18532	300.00	1	5.69
4.19005	237.00	0	5.69
4.19582	210.00	0	5.69
4.20055	204.00	0	5.69
4.20522	200.00	0	5.69
4.21096	196.00	0	5.69
4.21570	97.00	0	5.69
4.22041	196.00	0	5.69
4.22502	201.00	0	5.69
4.23082	231.00	1	5.74
4.23551	304.00	0	5.74
4.24025	350.00	0	5.74
4.24600	379.00	0	5.74
4.25065	392.00	0	5.74
4.25541	397.00	0	5.74
4.26013	394.00	0	5.74
4.26586	385.00	0	5.74
4.27048	359.00	1	5.74
4.27512	266.00	0	5.74
4.28083	221.00	0	5.74
4.28585	210.00	0	5.74
4.29065	206.00	0	5.74
4.29540	205.00	0	5.74
4.30012	203.00	0	5.74
4.30591	204.00	0	5.74
4.31061	208.00	0	5.74
4.31536	216.00	0	5.74
4.32003	255.00	1	5.74
4.32572	314.00	0	5.74
4.33051	343.00	0	5.75
4.33520	360.00	0	5.75
4.34100	373.00	0	5.75
4.34566	377.00	0	5.75
4.35038	374.00	0	5.75
4.35511	365.00	0	5.75
4.36102	320.00	1	5.75
4.36574	249.00	0	5.75
4.37044	217.00	0	5.75
4.37515	207.00	0	5.75
4.38099	200.00	0	5.75
4.38567	197.00	0	5.75
4.39026	195.00	0	5.75
4.39622	195.00	0	5.75
4.40094	200.00	0	5.75
4.40566	216.00	0	5.75
4.41032	282.00	1	5.75
4.41503	339.00	0	5.75
4.42084	373.00	0	5.75
4.42551	388.00	0	5.75
4.43020	394.00	0	5.57
4.43595	395.00	0	5.57
4.44098	389.00	0	5.57
4.44580	370.00	0	5.57
4.45053	295.00	1	5.57
4.45528	233.00	0	5.57
4.46107	212.00	0	5.57
4.46582	208.00	0	5.57
4.47047	205.00	0	5.57
4.47518	204.00	0	5.57
4.48103	204.00	0	5.57
4.48576	206.00	0	5.57
4.49040	214.00	0	5.57
4.49506	247.00	1	5.57
4.50082	308.00	0	5.57
4.50547	337.00	0	5.57
4.51011	358.00	0	5.57
4.51585	373.00	0	5.57
4.52050	375.00	0	5.57
4.52521	377.00	0	5.57
4.53100	365.00	0	5.71
4.53576	341.00	1	5.71
4.54047	265.00	0	5.71
4.54516	223.00	0	5.71
4.55092	206.00	0	5.71
4.55565	202.00	0	5.71
4.56042	198.00	0	5.71
4.56513	195.00	0	5.71
4.57088	195.00	0	5.71
4.57562	198.00	0	5.71
4.58033	210.00	0	5.71
4.58607	287.00	1	5.71
4.59075	341.00	0	5.71
4.59546	369.00	0	5.71
4.60018	387.00	0	5.71
4.60501	395.00	0	5.71
4.61093	395.00	0	5.71
4.61574	391.00	0	5.71
4.62055	379.00	0	5.71
4.62526	326.00	1	5.71
4.63106	234.00	0	5.72
4.63563	215.00	0	5.72
4.64026	209.00	0	5.72
4.64604	205.00	0	5.72
4.65079	204.00	0	5.72
4.65561	204.00	0	5.72
4.66034	206.00	0	5.72
4.66521	211.00	0	5.72
4.67103	249.00	1	5.72
4.67582	301.00	0	5.72
4.68063	167.00	0	5.72
4.68533	353.00	0	5.72
4.69009	368.00	0	5.72
4.69594	375.00	0	5.72
4.70071	376.00	0	5.72
4.70544	370.00	0	5.72
4.71016	356.00	0	5.72
4.71601	280.00	1	5.72
4.72073	229.00	0	5.72
4.72543	209.00	0	5.72
4.73019	204.00	0	5.55
4.73598	198.00	0	5.55
4.74102	195.00	0	5.55
4.74604	194.00	0	5.55
4.75087	198.00	0	5.55
4.75559	208.00	0	5.55
4.76035	255.00	1	5.55
4.76503	321.00	0	5.55
4.77084	363.00	0	5.55
4.77555	380.00	0	5.55
4.78025	392.00	0	5.55
4.78596	397.00	0	5.55
4.79065	393.00	0	5.55
4.79537	382.00	0	5.55
4.80006	354.00	1	5.55
4.80585	245.00	0	5.55
4.81046	218.00	0	5.55
4.81516	210.00	0	5.55
4.82097	205.00	0	5.55
4.82564	202.00	0	5.55
4.83038	202.00	0	5.72
4.83502	204.00	0	5.72
4.84079	211.00	0	5.72
4.84549	232.00	0	5.72
4.85014	280.00	1	5.72
4.85591	328.00	0	5.72
4.86057	347.00	0	5.72
4.86526	363.00	0	5.72
4.87099	375.00	0	5.72
4.87575	377.00	0	5.72
4.88052	373.00	0	5.72
4.88517	362.00	0	5.72
4.89095	258.00	0	5.72
4.89564	237.00	0	5.72
4.90037	213.00	1	5.72
4.90504	204.00	0	5.72
4.91079	199.00	0	5.72
4.91549	195.00	0	5.72
4.92011	193.00	0	5.72
4.92586	197.00	0	5.72
4.93058	203.00	0	5.42
4.93540	236.00	1	5.42
4.94035	309.00	0	5.42
4.94514	353.00	0	5.42
4.95089	380.00	0	5.42
4.95597	390.00	0	5.42
4.96083	395.00	0	5.42
4.96568	393.00	0	5.42
4.97048	385.00	0	5.42
4.97540	361.00	1	5.42
4.98043	264.00	0	5.42
4.98506	223.00	0	5.42
4.99100	209.00	0	5.42
4.99572	205.00	0	5.42
5.00052	203.00	0	5.42
5.00517	203.00	0	5.42
5.01087	205.00	0	5.42
5.01555	208.00	0	5.42
5.02022	220.00	0	5.42
5.02595	277.00	1	5.42
5.03066	319.00	0	5.69
5.03543	343.00	0	5.69
5.04013	357.00	0	5.69
5.04589	373.00	0	5.69
5.05052	375.00	0	5.69
5.05508	374.00	0	5.69
5.06088	363.00	0	5.69
5.06556	319.00	1	5.69
5.07027	247.00	0	5.69
5.07601	211.00	0	5.69
5.08069	203.00	0	5.69
5.08544	199.00	0	5.69
5.09010	196.00	0	5.69
5.09587	194.00	0	5.69
5.10055	195.00	0	5.69
5.10512	199.00	0	5.69
5.11087	224.00	0	5.69
5.11557	292.00	1	5.69
5.12031	342.00	0	5.69
5.12605	372.00	0	5.69
5.13081	386.00	0	5.55
5.13555	393.00	0	5.55
5.14027	392.00	0	5.55
5.14607	383.00	0	5.55
5.15078	365.00	0	5.55
5.15549	276.00	1	5.55
5.16022	225.00	0	5.55
5.16601	209.00	0	5.55
5.17068	204.00	0	5.55
5.17542	203.00	0	5.55
5.18008	200.00	0	5.55
5.18574	201.00	0	5.55
5.19041	204.00	0	5.55
5.19503	211.00	0	5.55
5.20079	259.00	1	5.55
5.20552	304.00	0	5.55
5.21018	334.00	0	5.55
5.21590	355.00	0	5.55
5.22057	366.00	0	5.55
5.22527	372.00	0	5.55
5.23001	372.00	0	5.55
5.23578	361.00	0	5.72
5.24045	337.00	1	5.72
5.24512	256.00	0	5.72
5.25082	212.00	0	5.72
5.25553	203.00	0	5.72
5.26025	199.00	0	5.72
5.26598	194.00	0	5.72
5.27064	193.00	0	5.72
5.27538	192.00	0	5.72
5.28007	195.00	0	5.72
5.28585	211.00	0	5.72
5.29053	271.00	1	5.72
5.29522	329.00	0	5.72
5.30097	366.00	0	5.72
5.30567	382.00	0	5.72
5.31046	391.00	0	5.72
5.31520	393.00	0	5.72
5.32098	384.00	0	5.72
5.32572	366.00	0	5.72
5.33043	293.00	1	5.72
5.33516	227.00	0	5.72
5.34061	209.00	0	5.72
5.34534	205.00	0	5.72
5.35025	201.00	0	5.72
5.35517	200.00	0	5.72
5.36011	200.00	0	5.72
5.36500	203.00	0	5.72
5.37089	210.00	0	5.72
5.37561	243.00	1	5.72
5.38038	146.00	0	5.72
5.38519	332.00	0	5.72
5.39010	349.00	0	5.72
5.39600	365.00	0	5.72
5.40082	373.00	0	5.72
5.40592	370.00	0	5.72
5.41099	361.00	0	5.72
5.41577	337.00	1	5.72
5.42084	257.00	0	5.72
5.42575	217.00	0	5.72
5.43041	203.00	0	5.72
5.43549	198.00	0	5.70
5.44020	195.00	0	5.70
5.44546	192.00	0	5.70
5.45012	191.00	0	5.70
5.45543	192.00	0	5.70
5.46054	202.00	0	5.70
5.46537	244.00	1	5.70
5.47038	316.00	0	5.70
5.47542	356.00	0	5.70
5.48041	377.00	0	5.70
5.48540	388.00	0	5.70
5.49044	391.00	0	5.70
5.49537	384.00	0	5.70
5.50040	373.00	0	5.70
5.50541	327.00	1	5.70
5.51042	238.00	0	5.70
5.51539	213.00	0	5.70
5.52038	205.00	0	5.70
5.52533	202.00	0	5.70
5.53028	199.00	0	5.70
5.53523	199.00	0	5.71
5.54104	201.00	0	5.71
5.54604	206.00	0	5.71
5.55062	224.00	0	5.71
5.55509	271.00	1	5.71
5.56034	316.00	0	5.71
5.56535	341.00	0	5.71
5.57046	357.00	0	5.71
5.57504	365.00	0	5.71
5.58009	368.00	0	5.71
5.58532	362.00	0	5.71
5.59058	350.00	0	5.71
5.59560	294.00	1	5.71
5.60082	228.00	0	5.71
5.60563	205.00	0	5.71
5.61090	197.00	0	5.71
5.61586	194.00	0	5.71
5.62059	190.00	0	5.71
5.62570	188.00	0	5.71
5.63074	190.00	0	5.71
5.63582	195.00	0	5.56
5.64055	216.00	0	5.56
5.64571	292.00	1	5.56
5.65043	339.00	0	5.56
5.65560	367.00	0	5.56
5.66038	380.00	0	5.56
5.66540	385.00	0	5.56
5.67014	384.00	0	5.56
5.67594	373.00	0	5.56
5.68068	356.00	0	5.56
5.68540	277.00	1	5.56
5.69010	222.00	0	5.56
5.69590	204.00	0	5.56
5.70057	200.00	0	5.56
5.70531	198.00	0	5.56
5.71105	196.00	0	5.56
5.71578	198.00	0	5.56
5.72051	200.00	0	5.56
5.72519	206.00	0	5.56
5.73012	242.00	1	5.56
5.73593	301.00	0	5.71
5.74066	332.00	0	5.71
5.74536	349.00	0	5.71
5.75012	360.00	0	5.71
5.75596	365.00	0	5.71
5.76065	365.00	0	5.71
5.76531	357.00	0	5.71
5.77107	330.00	1	5.71
5.77580	254.00	0	5.71
5.78049	215.00	0	5.71
5.78510	200.00	0	5.71
5.79075	193.00	0	5.71
5.79543	191.00	0	5.71
5.80001	189.00	0	5.71
5.80571	188.00	0	5.71
5.81037	191.00	0	5.71
5.81504	200.00	0	5.71
5.82079	33.00	0	5.71
5.82539	322.00	0	5.71
5.83094	357.00	1	5.71
5.83558	374.00	0	5.71
5.84041	382.00	0	5.40
5.84513	386.00	0	5.40
5.85132	381.00	0	5.40
5.85505	370.00	0	5.40
5.86091	313.00	1	5.40
5.86556	233.00	0	5.40
5.87027	209.00	0	5.40
5.87604	201.00	0	5.40
5.88081	198.00	0	5.40
5.88548	196.00	0	5.40
5.89016	196.00	0	5.40
5.89594	200.00	0	5.40
5.90060	204.00	0	5.40
5.90530	228.00	0	5.40
5.91103	290.00	1	5.40
5.91585	323.00	0	5.40
5.92063	342.00	0	5.40
5.92571	357.00	0	5.40
5.93040	366.00	0	5.40
5.93513	367.00	0	5.40
5.94101	358.00	0	5.53
5.94572	346.00	0	5.53
5.95043	288.00	1	5.53
5.95508	227.00	0	5.53
5.96085	203.00	0	5.53
5.96547	197.00	0	5.53
5.97006	192.00	0	5.53
5.97581	189.00	0	5.53
5.98052	187.00	0	5.53
5.98524	190.00	0	5.53
5.99099	200.00	0	5.53
5.99575	246.00	1	5.53
6.00049	311.00	0	5.53
6.00515	347.00	0	5.53
6.01088	373.00	0	5.53
6.01565	384.00	0	5.53
6.02037	387.00	0	5.53
6.02505	383.00	0	5.53
6.03074	372.00	0	5.53
6.03548	348.00	1	5.53
6.04032	253.00	0	5.73
6.04601	211.00	0	5.73
6.05072	192.00	0	5.73
6.05558	199.00	0	5.73
6.06034	196.00	0	5.73
6.06510	196.00	0	5.73
6.07082	198.00	0	5.73
6.07551	202.00	0	5.73
6.08026	218.00	0	5.73
6.08605	275.00	1	5.73
6.09073	315.00	0	5.73
6.09554	337.00	0	5.73
6.10021	352.00	0	5.73
6.10603	364.00	0	5.73
6.11069	367.00	0	5.73
6.11532	363.00	0	5.73
6.12006	355.00	0	5.73
6.12575	312.00	1	5.73
6.13045	239.00	0	5.73
6.13520	208.00	0	5.73
6.14097	199.00	0	5.70
6.14563	193.00	0	5.70
6.15033	189.00	0	5.70
6.15608	186.00	0	5.70
6.16083	189.00	0	5.70
6.16558	194.00	0	5.70
6.17023	212.00	0	5.70
6.17597	293.00	1	5.70
6.18064	337.00	0	5.70
6.18531	360.00	0	5.70
6.19023	376.00	0	5.70
6.19600	385.00	0	5.70
6.20072	383.00	0	5.70
6.20540	377.00	0	5.70
6.21004	364.00	0	5.70
6.21580	272.00	0	5.70
6.22046	220.00	1	5.70
6.22524	205.00	0	5.70
6.23102	200.00	0	5.70
6.23578	197.00	0	5.70
6.24054	196.00	0	5.41
6.24520	197.00	0	5.41
6.25094	200.00	0	5.41
6.25566	208.00	0	5.41
6.26040	245.00	1	5.41
6.26509	293.00	0	5.41
6.27088	335.00	0	5.41
6.27568	349.00	0	5.41
6.28046	359.00	0	5.41
6.28516	365.00	0	5.41
6.29097	364.00	0	5.41
6.29562	357.00	0	5.41
6.30028	426.00	0	5.41
6.30606	253.00	0	5.41
6.31067	214.00	0	5.41
6.31548	200.00	1	5.41
6.32016	195.00	0	5.41
6.32592	190.00	0	5.41
6.33054	188.00	0	5.41
6.33514	188.00	0	5.41
6.34100	185.00	0	5.27
6.34566	202.00	0	5.27
6.35036	246.00	1	5.27
6.35502	312.00	0	5.27
6.36084	352.00	0	5.27
6.36552	371.00	0	5.27
6.37020	383.00	0	5.27
6.37590	386.00	0	5.27
6.38054	380.00	0	5.27
6.38526	371.00	0	5.27
6.39100	315.00	1	5.27
6.39574	232.00	0	5.27
6.40048	209.00	0	5.27
6.40516	202.00	0	5.27
6.41093	198.00	0	5.27
6.41558	197.00	0	5.27
6.42022	196.00	0	5.27
6.42504	197.00	0	5.27
6.43090	203.00	0	5.27
6.43594	224.00	0	5.27
6.44093	275.00	1	5.27
6.44576	315.00	0	5.54
6.45038	338.00	0	5.54
6.45551	355.00	0	5.54
6.46024	363.00	0	5.54
6.46603	368.00	0	5.54
6.47074	360.00	0	5.54
6.47546	351.00	0	5.54
6.48014	298.00	1	5.54
6.48596	222.00	0	5.54
6.49062	204.00	0	5.54
6.49535	197.00	0	5.54
6.50008	193.00	0	5.54
6.50582	95.00	0	5.54
6.51044	187.00	0	5.54
6.51609	186.00	0	5.54
6.52074	194.00	0	5.54
6.52537	193.00	0	5.54
6.53007	278.00	1	5.54
6.53586	339.00	0	5.54
6.54052	365.00	0	5.54
6.54514	377.00	0	5.56
6.55095	387.00	0	5.56
6.55574	377.00	0	5.56
6.56051	377.00	0	5.56
6.56516	358.00	0	5.56
6.57097	257.00	0	5.56
6.57560	217.00	1	5.56
6.58030	204.00	0	5.56
6.58603	200.00	0	5.56
6.59074	197.00	0	5.56
6.59549	195.00	0	5.56
6.60117	195.00	0	5.56
6.60599	201.00	0	5.56
6.61078	207.00	0	5.56
6.61556	246.00	1	5.56
6.62030	292.00	0	5.56
6.62519	327.00	0	5.56
6.63096	347.00	0	5.56
6.63587	361.00	0	5.56
6.64058	357.00	0	5.56
6.64546	366.00	0	5.73
6.65015	356.00	0	5.73
6.65506	341.00	0	5.73
6.66105	248.00	0	5.73
6.66568	213.00	1	5.73
6.67038	199.00	0	5.73
6.67522	196.00	0	5.73
6.68104	192.00	0	5.73
6.68513	189.00	0	5.73
6.69100	188.00	0	5.73
6.69508	190.00	0	5.73
6.70106	202.00	0	5.73
6.70601	253.00	1	5.73
6.71092	322.00	0	5.73
6.71509	350.00	0	5.73
6.72092	374.00	0	5.73
6.72568	383.00	0	5.73
6.73054	383.00	0	5.73
6.73557	380.00	0	5.73
6.74034	362.00	0	5.73
6.74526	325.00	1	5.68
6.75103	227.00	0	5.68
6.75576	208.00	0	5.68
6.76059	201.00	0	5.68
6.76558	198.00	0	5.68
6.77031	196.00	0	5.68
6.77552	197.00	0	5.68
6.78085	197.00	0	5.68
6.78571	203.00	0	5.68
6.79036	219.00	0	5.68
6.79564	275.00	1	5.68
6.80060	316.00	0	5.68
6.80590	342.00	0	5.68
6.81086	356.00	0	5.68
6.81578	364.00	0	5.68
6.82072	367.00	0	5.68
6.82560	361.00	0	5.68
6.83072	346.00	0	5.68
6.83573	283.00	1	5.68
6.84085	225.00	0	5.68
6.84556	205.00	0	5.88
6.85029	196.00	0	5.88
6.85607	192.00	0	5.88
6.86077	189.00	0	5.88
6.86545	187.00	0	5.88
6.87019	189.00	0	5.88
6.87602	196.00	0	5.88
6.88076	227.00	1	5.88
6.88551	299.00	0	5.88
6.89024	341.00	0	5.88
6.89604	371.00	0	5.88
6.90082	379.00	0	5.88
6.90554	386.00	0	5.88
6.91029	384.00	0	5.88
6.91502	374.00	0	5.88
6.92087	347.00	1	5.88
6.92564	259.00	0	5.88
6.93041	216.00	0	5.88
6.93515	204.00	0	5.88
6.94102	199.00	0	5.88
6.94581	197.00	0	5.69
6.95055	196.00	0	5.69
6.95530	197.00	0	5.69
6.96007	199.00	0	5.69
6.96590	209.00	0	5.69
6.97070	126.00	0	5.69
6.97549	300.00	0	5.69
6.98012	329.00	0	5.69
6.98592	351.00	1	5.69
6.99075	361.00	0	5.69
6.99553	365.00	0	5.69
7.00026	365.00	0	5.69
7.00534	355.00	0	5.69
7.01009	336.00	0	5.69
7.01587	247.00	1	5.69
7.02063	211.00	0	5.69
7.02538	199.00	0	5.69
7.03021	195.00	0	5.69
7.03592	190.00	0	5.69
7.04094	188.00	0	5.69
7.04504	189.00	0	5.69
7.05082	191.00	0	5.55
7.05552	204.00	0	5.55
7.06031	268.00	1	5.55
7.06501	324.00	0	5.55
7.07081	362.00	0	5.55
7.07551	375.00	0	5.55
7.08023	382.00	0	5.55
7.08599	386.00	0	5.55
7.09065	377.00	0	5.55
7.09537	366.00	0	5.55
7.10003	324.00	1	5.55
7.10582	227.00	0	5.55
7.11045	208.00	0	5.55
7.11518	201.00	0	5.55
7.12003	198.00	0	5.55
7.12578	195.00	0	5.55
7.13087	196.00	0	5.55
7.13500	198.00	0	5.55
7.14088	205.00	0	5.55
7.14560	236.00	1	5.55
7.15062	289.00	0	6.26
7.15550	325.00	0	6.26
7.16036	348.00	0	6.26
7.16538	356.00	0	6.26
7.17027	365.00	0	6.26
7.17522	367.00	0	6.26
7.18104	359.00	0	6.26
7.18586	343.00	0	6.26
7.19081	275.00	1	6.26
7.19580	220.00	0	6.26
7.20057	201.00	0	6.26
7.20533	196.00	0	6.26
7.21002	191.00	0	6.26
7.21505	189.00	0	6.26
7.22006	187.00	0	6.26
7.22591	191.00	0	6.26
7.23083	200.00	0	6.26
7.23551	248.00	1	6.26
7.24037	311.00	0	6.26
7.24523	349.00	0	6.26
7.25009	369.00	0	5.71
7.25594	383.00	0	5.71
7.26082	386.00	0	5.71
7.26552	383.00	0	5.71
7.27035	372.00	0	5.71
7.27509	345.00	1	5.71
7.28017	248.00	0	5.71
7.28583	209.00	0	5.71
7.29068	202.00	0	5.71
7.29559	199.00	0	5.71
7.30052	197.00	0	5.71
7.30539	196.00	0	5.71
7.31019	197.00	0	5.71
7.31597	203.00	0	5.71
7.32075	225.00	0	5.71
7.32558	276.00	1	5.71
7.33031	313.00	0	5.71
7.33504	338.00	0	5.71
7.34084	356.00	0	5.71
7.34554	362.00	0	5.71
7.35033	366.00	0	5.56
7.35501	362.00	0	5.56
7.36083	348.00	0	5.56
7.36549	301.00	1	5.56
7.37017	233.00	0	5.56
7.37592	203.00	0	5.56
7.38057	197.00	0	5.56
7.38528	193.00	0	5.56
7.39104	189.00	0	5.56
7.39576	187.00	0	5.56
7.40050	189.00	0	5.56
7.40515	194.00	0	5.56
7.41091	231.00	1	5.56
7.41561	297.00	0	5.56
7.42021	339.00	0	5.56
7.42602	367.00	0	5.56
7.43068	815.00	0	5.56
7.43533	385.00	0	5.56
7.44100	382.00	0	5.56
7.44570	373.00	0	5.56
7.45050	353.00	0	5.70
7.45525	263.00	0	5.70
7.46098	212.00	1	5.70
7.46565	203.00	0	5.70
7.47032	200.00	0	5.70
7.47606	196.00	0	5.70
7.48075	196.00	0	5.70
7.48558	197.00	0	5.70
7.49030	201.00	0	5.70
7.49606	218.00	0	5.70
7.50080	263.00	1	5.70
7.50551	306.00	0	5.70
7.51017	331.00	0	5.70
7.51593	352.00	0	5.70
7.52059	362.00	0	5.70
7.52519	368.00	0	5.70
7.53093	362.00	0	5.70
7.53568	354.00	0	5.70
7.54038	321.00	1	5.70
7.54502	245.00	0	5.70
7.55083	206.00	0	5.72
7.55554	197.00	0	5.72
7.56030	192.00	0	5.72
7.56603	190.00	0	5.72
7.57068	187.00	0	5.72
7.57545	189.00	0	5.72
7.58013	193.00	0	5.72
7.58591	219.00	0	5.72
7.59060	285.00	1	5.72
7.59533	334.00	0	5.72
7.60003	359.00	0	5.72
7.60577	376.00	0	5.72
7.61048	385.00	0	5.72
7.61521	384.00	0	5.72
7.62099	374.00	0	5.72
7.62569	354.00	0	5.72
7.63042	264.00	0	5.72
7.63501	218.00	1	5.72
7.64080	203.00	0	5.72
7.64546	200.00	0	5.72
7.65017	197.00	0	5.75
7.65595	196.00	0	5.75
7.66066	198.00	0	5.75
7.66538	201.00	0	5.75
7.67006	209.00	0	5.75
7.67582	258.00	1	5.75
7.68058	304.00	0	5.75
7.68526	331.00	0	5.75
7.69104	351.00	0	5.75
7.69578	362.00	0	5.75
7.70049	368.00	0	5.75
7.70516	364.00	0	5.75
7.71092	352.00	0	5.75
7.71560	319.00	1	5.75
7.72024	242.00	0	5.75
7.72596	206.00	0	5.75
7.73064	198.00	0	5.75
7.73540	193.00	0	5.75
7.74007	191.00	0	5.75
7.74588	188.00	0	5.75
7.75058	188.00	0	5.71
7.75528	192.00	0	5.71
7.76103	213.00	0	5.71
7.76570	277.00	1	5.71
7.77041	329.00	0	5.71
7.77506	359.00	0	5.71
7.78083	378.00	0	5.71
7.78551	384.00	0	5.71
7.79017	385.00	0	5.71
7.79586	375.00	0	5.71
7.80061	356.00	0	5.71
7.80530	271.00	1	5.71
7.81102	214.00	0	5.71
7.81575	204.00	0	5.71
7.82044	200.00	0	5.71
7.82511	197.00	0	5.71
7.83093	196.00	0	5.71
7.83559	196.00	0	5.71
7.84018	199.00	0	5.71
7.84591	208.00	0	5.71
7.85068	247.00	1	5.87
7.85543	292.00	0	5.87
7.86010	326.00	0	5.87
7.86540	346.00	0	5.87
7.87013	360.00	0	5.87
7.87585	365.00	0	5.87
7.88062	363.00	0	5.87
7.88541	353.00	0	5.87
7.89014	331.00	1	5.87
7.89594	238.00	0	5.87
7.90054	52.00	0	5.87
7.90510	198.00	0	5.87
7.91079	193.00	0	5.87
7.91550	190.00	0	5.87
7.92036	187.00	0	5.87
7.92509	187.00	0	5.87
7.93099	191.00	0	5.87
7.93570	204.00	0	5.87
7.94048	261.00	1	5.87
7.94516	321.00	0	5.87
7.95088	359.00	0	5.72
7.95559	375.00	0	5.72
7.96027	383.00	0	5.72
7.96597	383.00	0	5.72
7.97065	377.00	0	5.72
7.97542	362.00	0	5.72
7.98010	296.00	1	5.72
7.98588	220.00	0	5.72
7.99062	204.00	0	5.72
7.99531	200.00	0	5.72
8.00006	197.00	0	5.72
8.00501	195.00	0	5.72
8.01079	196.00	0	5.72
8.01566	198.00	0	5.72
8.02039	204.00	0	5.72
8.02504	227.00	0	5.72
8.03081	289.00	1	5.72
8.03551	323.00	0	5.72
8.04022	344.00	0	5.72
8.04595	358.00	0	5.72
8.05075	364.00	0	5.72
8.05551	364.00	0	5.55
8.06021	356.00	0	5.55
8.06595	332.00	0	5.55
8.07060	258.00	1	5.55
8.07536	216.00	0	5.55
8.08007	201.00	0	5.55
8.08593	194.00	0	5.55
8.09065	190.00	0	5.55
8.09541	188.00	0	5.55
8.10012	184.00	0	5.55
8.10579	190.00	0	5.55
8.11051	201.00	0	5.55
8.11527	253.00	1	5.55
8.12102	327.00	0	5.55
8.12583	357.00	0	5.55
8.13053	375.00	0	5.55
8.13528	508.00	0	5.55
8.14100	383.00	0	5.55
8.14561	378.00	0	5.55
8.15025	365.00	0	5.55
8.15602	296.00	1	5.72
8.16083	226.00	0	5.72
8.16563	208.00	0	5.72
8.17028	200.00	0	5.72
8.17500	198.00	0	5.72
8.18090	196.00	0	5.72
8.18557	196.00	0	5.72
8.19027	197.00	0	5.72
8.19596	205.00	0	5.72
8.20063	233.00	1	5.72
8.20546	284.00	0	5.72
8.21011	320.00	0	5.72
8.21590	345.00	0	5.72
8.22065	357.00	0	5.72
8.22546	365.00	0	5.72
8.23015	365.00	0	5.72
8.23587	355.00	0	5.72
8.24060	339.00	0	5.72
8.24537	272.00	1	5.72
8.25004	220.00	0	5.72
8.25581	200.00	0	5.72
8.26055	194.00	0	5.72
8.26522	190.00	0	5.72
8.27097	187.00	0	5.72
8.27567	186.00	0	5.72
8.28045	189.00	0	5.72
8.28513	197.00	0	5.72
8.29062	253.00	1	5.72
8.29549	318.00	0	5.72
8.30033	350.00	0	5.72
8.30605	372.00	0	5.72
8.31076	380.00	0	5.72
8.31556	384.00	0	5.72
8.32025	380.00	0	5.72
8.32500	368.00	0	5.72
8.33076	329.00	1	5.72
8.33565	236.00	0	5.72
8.34030	208.00	0	5.72
8.34608	199.00	0	5.72
8.35086	198.00	0	5.72
8.35567	194.00	0	5.72
8.36039	97.00	0	5.72
8.36505	195.00	0	5.72
8.37072	201.00	0	5.72
8.37546	222.00	0	5.72
8.38023	272.00	1	5.72
8.38598	319.00	0	5.72
8.39066	338.00	0	5.72
8.39544	351.00	0	5.72
8.40025	360.00	0	5.72
8.40513	364.00	0	5.72
8.41084	358.00	0	5.72
8.41562	346.00	0	5.72
8.42056	298.00	1	5.72
8.42528	229.00	0	5.72
8.43020	203.00	0	5.72
8.43514	195.00	0	5.72
8.44094	189.00	0	5.72
8.44582	186.00	0	5.72
8.45074	185.00	0	5.72
8.45546	186.00	0	5.72
8.46031	192.00	0	5.71
8.46518	219.00	1	5.71
8.47103	305.00	0	5.71
8.47586	342.00	0	5.71
8.48058	364.00	0	5.71
8.48530	375.00	0	5.71
8.49007	383.00	0	5.71
8.49506	382.00	0	5.71
8.50011	371.00	0	5.71
8.50503	354.00	0	5.71
8.51100	253.00	0	5.71
8.51562	213.00	1	5.71
8.52058	201.00	0	5.71
8.52528	197.00	0	5.71
8.53007	195.00	0	5.71
8.53527	194.00	0	5.71
8.54038	195.00	0	5.71
8.54518	199.00	0	5.71
8.55019	209.00	0	5.71
8.55533	257.00	1	5.71
8.56020	302.00	0	5.71
8.56595	333.00	0	5.71
8.57088	350.00	0	5.71
8.57578	359.00	0	5.71
8.58065	181.00	0	5.71
8.58524	362.00	0	5.71
8.59107	350.00	0	5.71
8.59500	328.00	1	5.71
8.60106	235.00	0	5.71
8.60586	205.00	0	5.71
8.61059	197.00	0	5.71
8.61556	191.00	0	5.71
8.62085	187.00	0	5.71
8.62587	185.00	0	5.71
8.63058	187.00	0	5.71
8.63568	192.00	0	5.71
8.64101	221.00	1	5.71
8.64503	277.00	0	5.71
8.65025	333.00	0	5.71
8.65536	360.00	0	5.71
8.66072	374.00	0	5.69
8.66597	379.00	0	5.69
8.67062	381.00	0	5.69
8.67520	375.00	0	5.69
8.68036	355.00	0	5.69
8.68563	273.00	1	5.69
8.69055	217.00	0	5.69
8.69560	201.00	0	5.69
8.70066	197.00	0	5.69
8.70563	195.00	0	5.69
8.71062	194.00	0	5.69
8.71569	195.00	0	5.69
8.72028	197.00	0	5.69
8.72507	203.00	0	5.69
8.73095	247.00	1	5.69
8.73578	295.00	0	5.69
8.74076	325.00	0	5.69
8.74571	343.00	0	5.69
8.75040	357.00	0	5.69
8.75532	361.00	0	5.69
8.76004	362.00	0	5.69
8.76598	352.00	0	5.69
8.77083	330.00	0	5.69
8.77575	249.00	1	5.69
8.78063	209.00	0	5.69
8.78546	196.00	0	5.69
8.79055	191.00	0	5.69
8.79530	188.00	0	5.69
8.80021	186.00	0	5.69
8.80595	185.00	0	5.69
8.81081	189.00	0	5.69
8.81554	197.00	0	5.69
8.82046	254.00	1	5.69
8.82517	259.00	0	5.69
8.83015	261.00	0	5.69
8.83594	370.00	0	5.69
8.84068	380.00	0	5.69
8.84529	382.00	0	5.69
8.85004	376.00	0	5.69
8.85577	361.00	0	5.69
8.86072	297.00	1	5.57
8.86581	222.00	0	5.57
8.87070	204.00	0	5.57
8.87540	199.00	0	5.57
8.88041	195.00	0	5.57
8.88541	193.00	0	5.57
8.89027	193.00	0	5.57
8.89510	196.00	0	5.57
8.90110	203.00	0	5.57
8.90584	233.00	1	5.57
8.91061	282.00	0	5.57
8.91552	319.00	0	5.57
8.92051	339.00	0	5.57
8.92519	352.00	0	5.57
8.93102	362.00	0	5.57
8.93580	362.00	0	5.57
8.94075	355.00	0	5.57
8.94548	339.00	0	5.57
8.95039	268.00	1	5.57
8.95505	218.00	0	5.57
8.96104	197.00	0	5.73
8.96594	194.00	0	5.73
8.97068	189.00	0	5.73
8.97557	186.00	0	5.73
8.98023	185.00	0	5.73
8.98600	187.00	0	5.73
8.99072	196.00	0	5.73
8.99548	234.00	1	5.73
9.00027	303.00	0	5.73
9.00604	343.00	0	5.73
9.01076	367.00	0	5.73
9.01553	376.00	0	5.73
9.02080	381.00	0	5.73
9.02578	375.00	0	5.73
9.03074	366.00	0	5.73
9.03547	322.00	1	5.73
9.04045	230.00	0	5.73
9.04516	207.00	0	5.73
9.05093	199.00	0	5.73
9.05569	196.00	0	5.73
9.06043	192.00	0	5.73
9.06514	193.00	0	5.72
9.07098	195.00	0	5.72
9.07570	199.00	0	5.72
9.08045	213.00	0	5.72
9.08512	258.00	1	5.72
9.09085	311.00	0	5.72
9.09556	333.00	0	5.72
9.10026	348.00	0	5.72
9.10598	359.00	0	5.72
9.11065	362.00	0	5.72
9.11538	355.00	0	5.72
9.12008	345.00	0	5.72
9.12582	279.00	1	5.72
9.13051	222.00	0	5.72
9.13526	200.00	0	5.72
9.14004	194.00	0	5.72
9.14575	190.00	0	5.72
9.15043	186.00	0	5.72
9.15510	186.00	0	5.72
9.16093	187.00	0	5.72
9.16564	191.00	0	5.70
9.17042	213.00	0	5.70
9.17512	282.00	1	5.70
9.18004	333.00	0	5.70
9.18584	362.00	0	5.70
9.19101	377.00	0	5.70
9.19519	379.00	0	5.70
9.20036	378.00	0	5.70
9.20517	369.00	0	5.70
9.21010	350.00	0	5.70
9.21580	248.00	0	5.70
9.22054	212.00	1	5.70
9.22532	200.00	0	5.70
9.23126	195.00	0	5.70
9.23547	193.00	0	5.70
9.24018	193.00	0	5.70
9.24516	194.00	0	5.70
9.25103	196.00	0	5.70
9.25583	25.00	0	5.70
9.26052	243.00	0	5.70
9.26520	291.00	1	5.40
9.27099	328.00	0	5.40
9.27575	345.00	0	5.40
9.28047	355.00	0	5.40
9.28525	181.00	0	5.40
9.29100	359.00	0	5.40
9.29559	349.00	0	5.40
9.30020	327.00	0	5.40
9.30599	240.00	1	5.40
9.31072	206.00	0	5.40
9.31550	196.00	0	5.40
9.32024	191.00	0	5.40
9.32604	187.00	0	5.40
9.33076	185.00	0	5.40
9.33552	185.00	0	5.40
9.34026	188.00	0	5.40
9.34603	201.00	0	5.40
9.35072	258.00	1	5.40
9.35548	318.00	0	5.40
9.36020	351.00	0	5.40
9.36605	372.00	0	5.69
9.37071	378.00	0	5.69
9.37541	381.00	0	5.69
9.38015	374.00	0	5.69
9.38592	359.00	0	5.69
9.39069	300.00	1	5.69
9.39603	222.00	0	5.69
9.40097	203.00	0	5.69
9.40522	197.00	0	5.69
9.41018	195.00	0	5.69
9.41551	193.00	0	5.69
9.42051	193.00	0	5.69
9.42574	195.00	0	5.69
9.43067	200.00	0	5.69
9.43606	228.00	1	5.69
9.44097	282.00	0	5.69
9.44516	313.00	0	5.69
9.45011	336.00	0	5.69
9.45554	354.00	0	5.69
9.46048	362.00	0	5.69
9.46571	361.00	0	5.85
9.47060	355.00	0	5.85
9.47577	341.00	0	5.85
9.48090	273.00	1	5.85
9.48511	225.00	0	5.85
9.49106	199.00	0	5.85
9.49608	193.00	0	5.85
9.50026	189.00	0	5.85
9.50512	186.00	0	5.85
9.51047	184.00	0	5.85
9.51542	186.00	0	5.85
9.52058	192.00	0	5.85
9.52523	220.00	1	5.85
9.53098	304.00	0	5.85
9.53591	343.00	0	5.85
9.54060	363.00	0	5.85
9.54548	375.00	0	5.85
9.55015	380.00	0	5.85
9.55607	377.00	0	5.85
9.56077	369.00	0	5.85
9.56554	348.00	0	5.73
9.57020	265.00	1	5.73
9.57508	214.00	0	5.73
9.58091	200.00	0	5.73
9.58562	196.00	0	5.73
9.59034	193.00	0	5.73
9.59503	193.00	0	5.73
9.60103	194.00	0	5.73
9.60577	198.00	0	5.73
9.61048	208.00	0	5.73
9.61541	254.00	1	5.73
9.62011	298.00	0	5.73
9.62607	331.00	0	5.73
9.63094	347.00	0	5.73
9.63589	358.00	0	5.73
9.64059	364.00	0	5.73
9.64528	360.00	0	5.73
9.65107	350.00	0	5.73
9.65580	322.00	1	5.73
9.66065	243.00	0	5.73
9.66547	209.00	0	5.73
9.67022	196.00	0	5.72
9.67538	191.00	0	5.72
9.68038	187.00	0	5.72
9.68508	185.00	0	5.72
9.69008	187.00	0	5.72
9.69595	190.00	0	5.72
9.70078	207.00	0	5.72
9.70576	276.00	1	5.72
9.71059	329.00	0	5.72
9.71543	358.00	0	5.72
9.72062	373.00	0	5.72
9.72545	378.00	0	5.72
9.73025	381.00	0	5.72
9.73504	374.00	0	5.72
9.74003	362.00	0	5.72
9.74515	306.00	1	5.72
9.75009	226.00	0	5.72
9.75598	202.00	0	5.72
9.76072	197.00	0	5.72
9.76538	195.00	0	5.72
9.77036	193.00	0	5.72
9.77514	194.00	0	5.72
9.78010	196.00	0	5.72
9.78501	201.00	0	5.72
9.79101	241.00	1	5.72
9.79604	292.00	0	5.72
9.80097	322.00	0	5.72
9.80574	341.00	0	5.72
9.81059	354.00	0	5.72
9.81555	361.00	0	5.72
9.82042	361.00	0	5.72
9.82537	354.00	0	5.72
9.83012	340.00	0	5.72
9.83506	276.00	1	5.72
9.84094	213.00	0	5.72
9.84563	197.00	0	5.72
9.85031	192.00	0	5.72
9.85507	189.00	0	5.72
9.86092	186.00	0	5.72
9.86568	187.00	0	5.72
9.87044	187.00	0	5.58
9.87522	197.00	0	5.58
9.88001	235.00	1	5.58
9.88581	313.00	0	5.58
9.89061	346.00	0	5.58
9.89541	367.00	0	5.58
9.90011	377.00	0	5.58
9.90594	379.00	0	5.58
9.91064	377.00	0	5.58
9.91530	365.00	0	5.58
9.92105	321.00	1	5.58
9.92581	232.00	0	5.58
9.93060	206.00	0	5.58
9.93556	198.00	0	5.58
9.94096	195.00	0	5.58
9.94578	192.00	0	5.58
9.95053	194.00	0	5.58
9.95528	193.00	0	5.58
9.96107	201.00	0	5.58
9.96580	223.00	0	5.58
9.97059	272.00	1	5.68
9.97531	309.00	0	5.68
9.98014	333.00	0	5.68
9.98589	351.00	0	5.68
9.99063	361.00	0	5.68
9.99545	362.00	0	5.68
10.00014	357.00	0	5.68
