0.00034	346.00	0	0.00
0.00164	352.00	0	0.00
0.00513	346.00	0	0.00
0.01067	353.00	0	0.00
0.01522	343.00	0	0.00
0.02074	354.00	0	0.00
0.02518	355.00	0	0.00
0.03069	361.00	0	0.00
0.03513	379.00	0	0.00
0.04064	385.00	0	0.00
0.04509	407.00	1	0.00
0.05065	421.00	0	0.00
0.05520	435.00	0	0.00
0.06071	455.00	0	0.00
0.06524	451.00	0	0.00
0.07075	462.00	0	0.00
0.07520	463.00	0	0.00
0.08072	465.00	0	0.00
0.08516	471.00	0	0.00
0.09067	468.00	0	0.00
0.09510	475.00	0	0.00
0.10061	470.00	0	0.00
0.10504	472.00	0	0.00
0.11055	475.00	0	0.00
0.11606	471.00	0	0.00
0.12052	477.00	0	0.00
0.12602	471.00	0	0.00
0.13047	463.00	0	0.00
0.13594	433.00	1	0.00
0.14038	365.00	0	0.00
0.14594	322.00	0	0.00
0.15037	296.00	0	0.00
0.15588	276.00	0	0.00
0.16032	273.00	0	0.00
0.16582	265.00	0	0.00
0.17026	267.00	0	0.00
0.17579	261.00	0	0.00
0.18022	256.00	0	0.00
0.18575	259.00	0	0.00
0.19018	252.00	0	0.00
0.19569	260.00	0	0.00
0.20013	259.00	0	0.00
0.20563	267.00	0	0.00
0.21007	288.00	0	0.00
0.21558	340.00	1	0.00
0.22006	393.00	0	0.00
0.22557	441.00	0	0.00
0.23003	466.00	0	0.00
0.23552	484.00	0	0.00
0.24105	484.00	0	0.00
0.24553	490.00	0	0.00
0.25107	491.00	0	0.00
0.25550	487.00	0	0.00
0.26101	491.00	0	0.00
0.26550	478.00	0	0.00
0.27101	459.00	0	0.00
0.27544	377.00	1	0.00
0.28095	318.00	0	0.00
0.28539	297.00	0	0.00
0.29089	278.00	0	0.00
0.29536	282.00	0	0.00
0.30087	275.00	0	0.00
0.30531	267.00	0	0.00
0.31086	269.00	0	0.00
0.31531	262.00	0	0.00
0.32081	271.00	0	0.00
0.32525	273.00	0	0.00
0.33076	277.00	0	0.00
0.33520	316.00	1	0.00
0.34081	355.00	0	2.30
0.34536	405.00	0	2.30
0.35097	440.00	0	2.30
0.35558	450.00	0	2.30
0.36019	461.00	0	2.30
0.36622	461.00	0	2.30
0.37102	467.00	0	2.30
0.37574	469.00	0	2.30
0.38051	500.00	0	2.30
0.38523	472.00	0	2.30
0.39121	454.00	0	2.30
0.39596	391.00	1	2.30
0.40069	330.00	0	2.30
0.40541	294.00	0	2.56
0.41009	279.00	0	2.56
0.41602	266.00	0	2.56
0.42074	265.00	0	2.56
0.42551	260.00	0	2.56
0.43025	255.00	0	2.56
0.43606	259.00	0	2.56
0.44071	254.00	0	2.56
0.44535	261.00	0	2.56
0.45004	260.00	0	2.56
0.45569	279.00	0	2.56
0.46039	338.00	1	2.56
0.46514	375.00	0	2.72
0.47112	440.00	0	2.72
0.47590	467.00	0	2.72
0.48061	476.00	0	2.72
0.48556	488.00	0	2.72
0.49031	483.00	0	2.72
0.49547	489.00	0	2.72
0.50043	485.00	0	2.72
0.50518	485.00	0	2.72
0.51071	482.00	0	2.72
0.51549	445.00	1	2.72
0.52027	360.00	0	2.78
0.52615	309.00	0	2.78
0.53098	283.00	0	2.78
0.53576	281.00	0	2.78
0.54056	274.00	0	2.78
0.54541	274.00	0	2.78
0.55029	266.00	0	2.78
0.55508	264.00	0	2.78
0.56093	270.00	0	2.78
0.56577	266.00	0	2.78
0.57055	274.00	0	2.78
0.57532	277.00	0	2.78
0.58005	309.00	1	2.78
0.58602	603.00	0	2.72
0.59079	394.00	0	2.72
0.59547	437.00	0	2.72
0.60024	446.00	0	2.72
0.60609	455.00	0	2.72
0.61085	466.00	0	2.72
0.61557	463.00	0	2.72
0.62044	469.00	0	2.72
0.62520	468.00	0	2.72
0.63018	467.00	0	2.72
0.63501	466.00	0	2.72
0.64101	400.00	1	2.72
0.64588	331.00	0	2.72
0.65068	296.00	0	2.72
0.65546	272.00	0	2.72
0.66039	272.00	0	2.72
0.66518	260.00	0	2.72
0.67100	259.00	0	2.72
0.67593	256.00	0	2.72
0.68060	252.00	0	2.72
0.68538	259.00	0	2.72
0.69051	255.00	0	2.72
0.69547	267.00	0	2.72
0.70038	287.00	0	2.72
0.70538	344.00	1	2.72
0.71085	409.00	0	2.72
0.71525	441.00	0	2.72
0.72011	469.00	0	2.72
0.72595	477.00	0	2.72
0.73075	482.00	0	2.72
0.73554	489.00	0	2.72
0.74029	482.00	0	2.72
0.74507	487.00	0	2.72
0.75094	481.00	0	2.72
0.75567	464.00	0	2.72
0.76039	390.00	1	2.72
0.76511	326.00	0	2.72
0.77083	293.00	0	2.72
0.77563	279.00	0	2.72
0.78041	274.00	0	2.72
0.78521	276.00	0	2.72
0.79094	262.00	0	2.72
0.79574	265.00	0	2.72
0.80044	262.00	0	2.72
0.80520	265.00	0	2.72
0.81093	275.00	0	2.72
0.81577	271.00	0	2.72
0.82050	296.00	0	2.72
0.82527	330.00	1	2.72
0.83107	375.00	0	2.72
0.83581	425.00	0	2.72
0.84058	438.00	0	2.72
0.84550	456.00	0	2.72
0.85045	459.00	0	2.72
0.85538	462.00	0	2.72
0.86024	469.00	0	2.72
0.86545	466.00	0	2.72
0.87034	473.00	0	2.72
0.87516	465.00	0	2.72
0.88107	434.00	0	2.72
0.88500	369.00	1	2.72
0.89100	305.00	0	2.72
0.89573	284.00	0	2.73
0.90060	270.00	0	2.73
0.90573	263.00	0	2.73
0.91059	265.00	0	2.73
0.91575	254.00	0	2.73
0.92053	257.00	0	2.73
0.92536	253.00	0	2.73
0.93019	255.00	0	2.73
0.93528	262.00	0	2.73
0.94030	264.00	0	2.73
0.94607	313.00	1	2.73
0.95107	365.00	0	2.77
0.95525	407.00	0	2.77
0.96003	454.00	0	2.77
0.96587	468.00	0	2.77
0.97064	483.00	0	2.77
0.97532	482.00	0	2.77
0.98005	485.00	0	2.77
0.98584	489.00	0	2.77
0.99065	480.00	0	2.77
0.99543	481.00	0	2.77
1.00015	459.00	0	2.77
1.00594	359.00	0	2.77
1.01060	319.00	1	2.77
1.01535	287.00	0	2.66
1.02006	280.00	0	2.66
1.02581	275.00	0	2.66
1.03060	269.00	0	2.66
1.03538	268.00	0	2.66
1.04008	260.00	0	2.66
1.04594	266.00	0	2.66
1.05064	266.00	0	2.66
1.05530	269.00	0	2.66
1.06008	277.00	0	2.66
1.06588	295.00	0	2.66
1.07076	340.00	1	2.66
1.07548	374.00	0	2.66
1.08025	415.00	0	2.72
1.08601	447.00	0	2.72
1.09073	444.00	0	2.72
1.09535	462.00	0	2.72
1.10021	461.00	0	2.72
1.10601	463.00	0	2.72
1.11076	470.00	0	2.72
1.11544	464.00	0	2.72
1.12015	468.00	0	2.72
1.12590	434.00	1	2.72
1.13060	354.00	0	2.72
1.13526	311.00	0	2.77
1.14008	279.00	0	2.77
1.14590	270.00	0	2.77
1.15068	264.00	0	2.77
1.15550	258.00	0	2.77
1.16020	259.00	0	2.77
1.16595	250.00	0	2.77
1.17075	255.00	0	2.77
1.17563	254.00	0	2.77
1.18033	255.00	0	2.77
1.18502	266.00	0	2.77
1.19088	298.00	1	2.77
1.19561	357.00	0	2.77
1.20039	400.00	0	2.72
1.20516	446.00	0	2.72
1.21108	474.00	0	2.72
1.21579	475.00	0	2.72
1.22054	484.00	0	2.72
1.22531	482.00	0	2.72
1.23000	483.00	0	2.72
1.23584	485.00	0	2.72
1.24059	474.00	0	2.72
1.24545	460.00	0	2.72
1.25022	374.00	1	2.72
1.25606	314.00	0	2.78
1.26084	293.00	0	2.78
1.26564	271.00	0	2.78
1.27042	278.00	0	2.78
1.27522	271.00	0	2.78
1.28000	266.00	0	2.78
1.28584	267.00	0	2.78
1.29077	258.00	0	2.78
1.29558	801.00	0	2.78
1.30030	267.00	0	2.78
1.30609	270.00	0	2.78
1.31098	291.00	0	2.78
1.31576	321.00	1	2.78
1.32056	368.00	0	2.72
1.32540	406.00	0	2.72
1.33026	434.00	0	2.72
1.33526	451.00	0	2.72
1.34016	453.00	0	2.72
1.34515	463.00	0	2.72
1.35023	463.00	0	2.72
1.35561	464.00	0	2.72
1.36057	469.00	0	2.72
1.36537	461.00	0	2.72
1.37014	458.00	0	2.72
1.37605	379.00	1	2.72
1.38082	319.00	0	2.72
1.38566	292.00	0	2.67
1.39047	269.00	0	2.67
1.39527	270.00	0	2.67
1.40107	262.00	0	2.67
1.40583	257.00	0	2.67
1.41049	257.00	0	2.67
1.41531	250.00	0	2.67
1.42008	257.00	0	2.67
1.42601	257.00	0	2.67
1.43078	259.00	0	2.67
1.43557	283.00	0	2.67
1.44040	328.00	1	2.67
1.44515	388.00	0	2.67
1.45004	429.00	0	2.67
1.45586	466.00	0	2.67
1.46066	479.00	0	2.67
1.46546	477.00	0	2.67
1.47026	488.00	0	2.67
1.47501	482.00	0	2.67
1.48095	482.00	0	2.67
1.48586	483.00	0	2.67
1.49070	466.00	0	2.67
1.49547	418.00	1	2.67
1.50022	341.00	0	2.67
1.50504	305.00	0	2.72
1.51016	286.00	0	2.72
1.51506	272.00	0	2.72
1.52088	277.00	0	2.72
1.52569	268.00	0	2.72
1.53037	263.00	0	2.72
1.53510	265.00	0	2.72
1.54085	261.00	0	2.72
1.54584	270.00	0	2.72
1.55106	273.00	0	2.72
1.55505	272.00	0	2.72
1.56098	318.00	1	2.72
1.56575	344.00	0	2.72
1.57055	395.00	0	2.72
1.57530	427.00	0	2.72
1.58012	445.00	0	2.72
1.58594	460.00	0	2.72
1.59076	458.00	0	2.72
1.59560	466.00	0	2.72
1.60042	463.00	0	2.72
1.60520	466.00	0	2.72
1.61002	468.00	0	2.72
1.61594	457.00	0	2.72
1.62081	422.00	1	2.72
1.62565	342.00	0	2.72
1.63041	304.00	0	2.72
1.63517	283.00	0	2.72
1.64104	266.00	0	2.72
1.64587	266.00	0	2.72
1.65069	260.00	0	2.72
1.65548	255.00	0	2.72
1.66034	257.00	0	2.72
1.66519	250.00	0	2.72
1.67003	260.00	0	2.72
1.67593	260.00	0	2.72
1.68078	267.00	0	2.72
1.68558	314.00	1	2.72
1.69041	355.00	0	2.72
1.69518	413.00	0	2.72
1.70003	453.00	0	2.72
1.70581	471.00	0	2.72
1.71064	484.00	0	2.72
1.71540	481.00	0	2.72
1.72014	488.00	0	2.72
1.72599	486.00	0	2.72
1.73089	481.00	0	2.72
1.73575	484.00	0	2.72
1.74055	461.00	0	2.72
1.74528	388.00	1	2.72
1.75015	327.00	0	2.72
1.75608	291.00	0	2.67
1.76084	284.00	0	2.67
1.76572	273.00	0	2.67
1.77051	279.00	0	2.67
1.77515	267.00	0	2.67
1.78008	264.00	0	2.67
1.78601	269.00	0	2.67
1.79064	263.00	0	2.67
1.79524	274.00	0	2.67
1.80092	276.00	0	2.67
1.80565	287.00	0	2.67
1.81047	334.00	1	2.67
1.81505	360.00	0	2.67
1.82091	421.00	0	2.67
1.82558	441.00	0	2.67
1.83019	452.00	0	2.67
1.83591	464.00	0	2.67
1.84057	459.00	0	2.67
1.84547	470.00	0	2.67
1.85005	465.00	0	2.67
1.85592	468.00	0	2.67
1.86061	472.00	0	2.67
1.86528	457.00	0	2.67
1.87101	400.00	1	2.67
1.87571	331.00	0	2.66
1.88052	296.00	0	2.66
1.88514	279.00	0	2.66
1.89001	266.00	0	2.66
1.89591	266.00	0	2.66
1.90071	260.00	0	2.66
1.90558	254.00	0	2.66
1.91050	258.00	0	2.66
1.91529	252.00	0	2.66
1.92019	260.00	0	2.66
1.92607	265.00	0	2.66
1.93014	274.00	0	2.66
1.93580	338.00	1	2.66
1.94078	381.00	0	2.66
1.94516	431.00	0	2.66
1.95015	461.00	0	2.66
1.95550	474.00	0	2.66
1.96046	484.00	0	2.66
1.96586	482.00	0	2.66
1.97089	489.00	0	2.66
1.97513	484.00	0	2.66
1.98038	482.00	0	2.66
1.98594	482.00	0	2.66
1.99101	445.00	1	2.66
1.99527	373.00	0	2.66
2.00030	318.00	0	2.71
2.00572	289.00	0	2.71
2.01098	282.00	0	2.71
2.01549	274.00	0	2.71
2.02075	274.00	0	2.71
2.02515	267.00	0	2.71
2.03017	263.00	0	2.71
2.03547	268.00	0	2.71
2.04043	265.00	0	2.71
2.04582	273.00	0	2.71
2.05098	276.00	0	2.71
2.05515	288.00	0	2.71
2.06016	337.00	1	2.71
2.06561	369.00	0	2.67
2.07070	424.00	0	2.67
2.07573	445.00	0	2.67
2.08016	452.00	0	2.67
2.08513	462.00	0	2.67
2.09051	460.00	0	2.67
2.09555	469.00	0	2.67
2.10087	469.00	0	2.67
2.10589	466.00	0	2.67
2.11015	472.00	0	2.67
2.11516	458.00	0	2.67
2.12052	403.00	1	2.67
2.12559	328.00	0	2.67
2.13094	292.00	0	2.67
2.13601	278.00	0	2.67
2.14034	266.00	0	2.67
2.14545	266.00	0	2.67
2.15074	260.00	0	2.67
2.15578	252.00	0	2.67
2.16010	258.00	0	2.67
2.16512	252.00	0	2.67
2.17059	260.00	0	2.67
2.17558	261.00	0	2.67
2.18085	275.00	0	2.67
2.18591	337.00	1	2.67
2.19031	370.00	0	2.67
2.19531	429.00	0	2.67
2.20075	462.00	0	2.67
2.20585	477.00	0	2.67
2.21022	481.00	0	2.67
2.21532	482.00	0	2.67
2.22062	492.00	0	2.67
2.22574	485.00	0	2.67
2.23057	485.00	0	2.67
2.23540	484.00	0	2.67
2.24026	463.00	0	2.67
2.24518	393.00	1	2.67
2.25007	328.00	0	2.67
2.25593	292.00	0	2.62
2.26089	283.00	0	2.62
2.26572	275.00	0	2.62
2.27053	278.00	0	2.62
2.27531	268.00	0	2.62
2.28018	264.00	0	2.62
2.28600	268.00	0	2.62
2.29087	264.00	0	2.62
2.29562	275.00	0	2.62
2.30042	272.00	0	2.62
2.30517	283.00	0	2.62
2.31108	335.00	1	2.62
2.31583	362.00	0	2.62
2.32070	410.00	0	2.62
2.32560	437.00	0	2.66
2.33050	450.00	0	2.66
2.33537	461.00	0	2.66
2.34016	459.00	0	2.66
2.34600	469.00	0	2.66
2.35087	468.00	0	2.66
2.35568	469.00	0	2.66
2.36040	471.00	0	2.66
2.36528	464.00	0	2.66
2.37016	444.00	0	2.66
2.37576	348.00	0	2.66
2.38056	306.00	1	2.66
2.38592	282.00	0	2.66
2.39068	266.00	0	2.56
2.39532	269.00	0	2.56
2.40017	260.00	0	2.56
2.40609	254.00	0	2.56
2.41086	258.00	0	2.56
2.41556	250.00	0	2.56
2.42034	261.00	0	2.56
2.42516	258.00	0	2.56
2.43004	267.00	0	2.56
2.43599	313.00	1	2.56
2.44080	354.00	0	2.56
2.44568	410.00	0	2.67
2.45051	446.00	0	2.67
2.45536	470.00	0	2.67
2.46017	480.00	0	2.67
2.46606	483.00	0	2.67
2.47084	490.00	0	2.67
2.47563	486.00	0	2.67
2.48033	486.00	0	2.67
2.48609	488.00	0	2.67
2.49090	474.00	0	2.67
2.49559	432.00	1	2.67
2.50044	345.00	0	2.66
2.50536	309.00	0	2.66
2.51038	288.00	0	2.66
2.51528	273.00	0	2.66
2.52030	281.00	0	2.66
2.52505	270.00	0	2.66
2.53011	266.00	0	2.66
2.53531	266.00	0	2.66
2.54030	261.00	0	2.66
2.54536	272.00	0	2.66
2.55007	270.00	0	2.66
2.55535	275.00	0	2.66
2.56079	306.00	1	2.66
2.56599	340.00	0	2.67
2.57030	382.00	0	2.67
2.57535	422.00	0	2.67
2.58098	443.00	0	2.67
2.58520	456.00	0	2.67
2.59068	458.00	0	2.67
2.59546	468.00	0	2.67
2.60071	466.00	0	2.67
2.60598	467.00	0	2.67
2.61028	471.00	0	2.67
2.61596	467.00	0	2.67
2.62079	457.00	0	2.67
2.62591	384.00	1	2.67
2.63100	322.00	0	2.72
2.63603	295.00	0	2.72
2.64025	272.00	0	2.72
2.64534	273.00	0	2.72
2.65030	260.00	0	2.72
2.65500	261.00	0	2.72
2.66085	259.00	0	2.72
2.66570	252.00	0	2.72
2.67056	480.00	0	2.72
2.67529	254.00	0	2.72
2.68105	261.00	0	2.72
2.68594	281.00	0	2.72
2.69072	322.00	1	2.72
2.69554	380.00	0	2.62
2.70028	421.00	0	2.62
2.70607	462.00	0	2.62
2.71090	478.00	0	2.62
2.71584	479.00	0	2.62
2.72056	489.00	0	2.62
2.72533	485.00	0	2.62
2.73018	485.00	0	2.62
2.73599	487.00	0	2.62
2.74078	476.00	0	2.62
2.74555	457.00	0	2.62
2.75043	363.00	0	2.62
2.75513	320.00	1	2.62
2.76001	295.00	0	2.57
2.76583	274.00	0	2.57
2.77063	281.00	0	2.57
2.77535	272.00	0	2.57
2.78007	269.00	0	2.57
2.78586	268.00	0	2.57
2.79073	261.00	0	2.57
2.79550	272.00	0	2.57
2.80024	269.00	0	2.57
2.80597	274.00	0	2.57
2.81080	291.00	0	2.57
2.81566	323.00	1	2.57
2.82036	370.00	0	2.57
2.82500	401.00	0	2.62
2.83095	440.00	0	2.62
2.83518	452.00	0	2.62
2.84008	456.00	0	2.62
2.84591	467.00	0	2.62
2.85078	465.00	0	2.62
2.85552	468.00	0	2.62
2.86028	472.00	0	2.62
2.86501	466.00	0	2.62
2.87104	461.00	0	2.62
2.87505	415.00	1	2.62
2.88095	321.00	0	2.68
2.88566	299.00	0	2.68
2.89056	274.00	0	2.68
2.89532	273.00	0	2.68
2.90008	263.00	0	2.68
2.90506	262.00	0	2.68
2.91092	261.00	0	2.68
2.91569	251.00	0	2.68
2.92041	259.00	0	2.68
2.92525	255.00	0	2.68
2.93021	261.00	0	2.68
2.93524	271.00	0	2.68
2.94002	296.00	1	2.68
2.94511	363.00	0	2.68
2.95019	403.00	0	2.67
2.95529	454.00	0	2.67
2.96004	474.00	0	2.67
2.96516	479.00	0	2.67
2.97016	488.00	0	2.67
2.97534	485.00	0	2.67
2.98037	487.00	0	2.67
2.98557	486.00	0	2.67
2.99037	478.00	0	2.67
2.99553	470.00	0	2.67
3.00060	384.00	1	2.67
3.00569	326.00	0	2.67
3.01087	298.00	0	2.72
3.01612	276.00	0	2.72
3.02015	282.00	0	2.72
3.02505	274.00	0	2.72
3.03109	267.00	0	2.72
3.03588	268.00	0	2.72
3.04060	260.00	0	2.72
3.04537	270.00	0	2.72
3.05002	267.00	0	2.72
3.05586	273.00	0	2.72
3.06061	283.00	0	2.72
3.06542	313.00	1	2.72
3.07020	359.00	0	2.72
3.07607	402.00	0	2.67
3.08079	435.00	0	2.67
3.08559	452.00	0	2.67
3.09031	454.00	0	2.67
3.09501	468.00	0	2.67
3.10087	465.00	0	2.67
3.10561	467.00	0	2.67
3.11039	471.00	0	2.67
3.11512	466.00	0	2.67
3.12095	464.00	0	2.67
3.12574	405.00	1	2.67
3.13056	336.00	0	2.66
3.13531	302.00	0	2.66
3.14010	275.00	0	2.66
3.14591	272.00	0	2.66
3.15068	263.00	0	2.66
3.15545	262.00	0	2.66
3.16018	260.00	0	2.66
3.16602	251.00	0	2.66
3.17072	260.00	0	2.66
3.17539	255.00	0	2.66
3.18011	262.00	0	2.66
3.18595	279.00	0	2.66
3.19066	316.00	1	2.66
3.19565	379.00	0	2.66
3.20038	417.00	0	2.66
3.20537	460.00	0	2.66
3.21026	478.00	0	2.66
3.21528	480.00	0	2.66
3.22053	488.00	0	2.66
3.22538	485.00	0	2.66
3.23042	488.00	0	2.66
3.23507	486.00	0	2.66
3.24029	477.00	0	2.66
3.24534	455.00	0	2.66
3.25050	360.00	0	2.66
3.25514	320.00	1	2.66
3.26029	294.00	0	2.62
3.26585	275.00	0	2.62
3.27099	280.00	0	2.62
3.27603	272.00	0	2.62
3.28105	266.00	0	2.62
3.28603	268.00	0	2.62
3.29006	262.00	0	2.62
3.29589	272.00	0	2.62
3.30099	271.00	0	2.62
3.30527	275.00	0	2.62
3.31011	288.00	0	2.62
3.31585	329.00	1	2.62
3.32019	374.00	0	2.62
3.32527	412.00	0	2.66
3.33007	443.00	0	2.66
3.33581	455.00	0	2.66
3.34081	456.00	0	2.66
3.34597	467.00	0	2.66
3.35100	464.00	0	2.66
3.35578	468.00	0	2.66
3.36091	473.00	0	2.66
3.36605	465.00	0	2.66
3.37021	462.00	0	2.66
3.37522	199.00	0	2.66
3.38120	320.00	0	2.66
3.38603	295.00	0	2.66
3.39093	271.00	1	2.66
3.39501	274.00	0	2.66
3.40008	261.00	0	2.51
3.40545	261.00	0	2.51
3.41042	259.00	0	2.51
3.41542	252.00	0	2.51
3.42047	260.00	0	2.51
3.42528	255.00	0	2.51
3.43027	262.00	0	2.51
3.43522	277.00	0	2.51
3.44009	317.00	1	2.51
3.44508	378.00	0	2.67
3.45093	430.00	0	2.67
3.45588	464.00	0	2.67
3.46091	478.00	0	2.67
3.46591	479.00	0	2.67
3.47066	489.00	0	2.67
3.47541	484.00	0	2.67
3.48043	486.00	0	2.67
3.48519	484.00	0	2.67
3.49096	475.00	0	2.67
3.49591	456.00	0	2.67
3.50010	380.00	1	2.67
3.50587	319.00	0	2.67
3.51065	296.00	0	2.72
3.51563	276.00	0	2.72
3.52077	282.00	0	2.72
3.52562	272.00	0	2.72
3.53073	268.00	0	2.72
3.53557	268.00	0	2.72
3.54029	263.00	0	2.72
3.54511	271.00	0	2.72
3.55002	268.00	0	2.72
3.55503	276.00	0	2.72
3.56036	288.00	0	2.72
3.56519	322.00	1	2.72
3.57106	376.00	0	2.72
3.57588	413.00	0	2.67
3.58064	441.00	0	2.67
3.58550	453.00	0	2.67
3.59039	456.00	0	2.67
3.59525	467.00	0	2.67
3.60006	463.00	0	2.67
3.60596	469.00	0	2.67
3.61068	472.00	0	2.67
3.61545	467.00	0	2.67
3.62022	468.00	0	2.67
3.62600	398.00	1	2.67
3.63079	331.00	0	2.84
3.63550	300.00	0	2.84
3.64028	275.00	0	2.84
3.64607	272.00	0	2.84
3.65084	262.00	0	2.84
3.65557	261.00	0	2.84
3.66031	258.00	0	2.84
3.66607	253.00	0	2.84
3.67090	260.00	0	2.84
3.67564	256.00	0	2.84
3.68038	263.00	0	2.84
3.68517	277.00	0	2.84
3.69096	330.00	1	2.84
3.69574	390.00	0	2.66
3.70054	431.00	0	2.66
3.70530	465.00	0	2.66
3.71011	477.00	0	2.66
3.71597	479.00	0	2.66
3.72071	489.00	0	2.66
3.72552	485.00	0	2.66
3.73024	488.00	0	2.66
3.73501	486.00	0	2.66
3.74085	473.00	0	2.66
3.74564	452.00	1	2.66
3.75047	360.00	0	2.72
3.75510	319.00	0	2.72
3.76095	291.00	0	2.72
3.76573	271.00	0	2.72
3.77052	282.00	0	2.72
3.77529	272.00	0	2.72
3.78002	269.00	0	2.72
3.78594	267.00	0	2.72
3.79081	262.00	0	2.72
3.79572	272.00	0	2.72
3.80054	268.00	0	2.72
3.80570	276.00	0	2.72
3.81075	153.00	0	2.72
3.81547	337.00	0	2.72
3.82007	384.00	1	2.72
3.82599	426.00	0	2.62
3.83067	447.00	0	2.62
3.83532	456.00	0	2.62
3.84005	458.00	0	2.62
3.84597	468.00	0	2.62
3.85067	466.00	0	2.62
3.85543	470.00	0	2.62
3.86010	470.00	0	2.62
3.86593	467.00	0	2.62
3.87060	454.00	0	2.62
3.87605	361.00	0	2.62
3.88087	313.00	1	2.62
3.88573	288.00	0	2.62
3.89087	267.00	0	2.62
3.89600	268.00	0	2.62
3.90082	260.00	0	2.62
3.90559	259.00	0	2.62
3.91038	257.00	0	2.62
3.91517	252.00	0	2.62
3.92103	261.00	0	2.62
3.92590	260.00	0	2.62
3.93066	268.00	0	2.62
3.93541	297.00	1	2.62
3.94016	346.00	0	2.62
3.94600	413.00	0	2.73
3.95088	451.00	0	2.73
3.95575	473.00	0	2.73
3.96045	480.00	0	2.73
3.96512	482.00	0	2.73
3.97097	490.00	0	2.73
3.97575	485.00	0	2.73
3.98054	486.00	0	2.73
3.98533	484.00	0	2.73
3.99020	470.00	0	2.73
3.99603	393.00	1	2.73
4.00080	329.00	0	2.66
4.00557	299.00	0	2.66
4.01045	282.00	0	2.66
4.01535	274.00	0	2.66
4.02017	280.00	0	2.66
4.02605	268.00	0	2.66
4.03085	264.00	0	2.66
4.03562	266.00	0	2.66
4.04040	264.00	0	2.66
4.04527	274.00	0	2.66
4.05006	271.00	0	2.66
4.05613	292.00	0	2.66
4.06090	336.00	1	2.66
4.06571	368.00	0	2.77
4.07042	416.00	0	2.77
4.07507	436.00	0	2.77
4.08093	454.00	0	2.77
4.08569	463.00	0	2.77
4.09048	462.00	0	2.77
4.09519	471.00	0	2.77
4.10105	465.00	0	2.77
4.10590	470.00	0	2.77
4.11072	469.00	0	2.77
4.11546	453.00	0	2.77
4.12019	393.00	1	2.77
4.12600	317.00	0	2.77
4.13077	288.00	0	2.79
4.13550	274.00	0	2.79
4.14020	266.00	0	2.79
4.14603	266.00	0	2.79
4.15080	257.00	0	2.79
4.15556	256.00	0	2.79
4.16027	256.00	0	2.79
4.16512	254.00	0	2.79
4.17055	263.00	0	2.79
4.17559	264.00	0	2.79
4.18042	295.00	1	2.79
4.18550	352.00	0	2.72
4.19034	397.00	0	2.72
4.19509	450.00	0	2.72
4.20099	470.00	0	2.72
4.20583	481.00	0	2.72
4.21066	486.00	0	2.72
4.21552	485.00	0	2.72
4.22036	488.00	0	2.72
4.22527	482.00	0	2.72
4.23032	484.00	0	2.72
4.23520	472.00	0	2.72
4.24014	393.00	1	2.72
4.24500	333.00	0	2.73
4.25106	146.00	0	2.73
4.25587	280.00	0	2.73
4.26055	279.00	0	2.73
4.26542	271.00	0	2.73
4.27026	271.00	0	2.73
4.27503	262.00	0	2.73
4.28077	264.00	0	2.73
4.28561	270.00	0	2.73
4.29044	267.00	0	2.73
4.29519	286.00	0	2.73
4.30097	298.00	0	2.73
4.30571	338.00	1	2.73
4.31041	375.00	0	2.72
4.31515	411.00	0	2.72
4.32094	447.00	0	2.72
4.32574	450.00	0	2.72
4.33050	461.00	0	2.72
4.33524	463.00	0	2.72
4.34105	465.00	0	2.72
4.34580	472.00	0	2.72
4.35057	466.00	0	2.72
4.35531	468.00	0	2.72
4.36005	450.00	0	2.72
4.36592	355.00	0	2.72
4.37056	315.00	1	2.72
4.37530	283.00	0	2.66
4.38004	273.00	0	2.66
4.38584	269.00	0	2.66
4.39063	258.00	0	2.66
4.39578	262.00	0	2.66
4.40054	253.00	0	2.66
4.40531	256.00	0	2.66
4.41015	258.00	0	2.66
4.41598	256.00	0	2.66
4.42073	273.00	0	2.66
4.42548	300.00	1	2.66
4.43025	358.00	0	2.72
4.43600	415.00	0	2.72
4.44073	451.00	0	2.72
4.44547	477.00	0	2.72
4.45026	477.00	0	2.72
4.45599	485.00	0	2.72
4.46078	488.00	0	2.72
4.46556	485.00	0	2.72
4.47032	488.00	0	2.72
4.47502	478.00	0	2.72
4.48093	458.00	0	2.72
4.48572	371.00	1	2.72
4.49049	319.00	0	2.72
4.49529	298.00	0	2.71
4.50006	276.00	0	2.71
4.50594	277.00	0	2.71
4.51070	277.00	0	2.71
4.51556	264.00	0	2.71
4.52032	269.00	0	2.71
4.52521	261.00	0	2.71
4.53006	135.00	0	2.71
4.53584	274.00	0	2.71
4.54044	272.00	0	2.71
4.54504	290.00	0	2.71
4.55092	332.00	1	2.71
4.55565	375.00	0	2.71
4.56041	416.00	0	2.72
4.56516	440.00	0	2.72
4.57105	458.00	0	2.72
4.57584	459.00	0	2.72
4.58062	465.00	0	2.72
4.58541	468.00	0	2.72
4.59028	466.00	0	2.72
4.59502	474.00	0	2.72
4.60096	466.00	0	2.72
4.60585	448.00	0	2.72
4.61064	372.00	1	2.72
4.61579	313.00	0	2.78
4.62068	291.00	0	2.78
4.62547	269.00	0	2.78
4.63013	270.00	0	2.78
4.63507	264.00	0	2.78
4.64088	256.00	0	2.78
4.64584	260.00	0	2.78
4.65100	254.00	0	2.78
4.65593	256.00	0	2.78
4.66071	261.00	0	2.78
4.66568	264.00	0	2.78
4.67062	291.00	1	2.78
4.67555	345.00	0	2.78
4.68108	400.00	0	2.72
4.68590	448.00	0	2.72
4.69072	467.00	0	2.72
4.69541	483.00	0	2.72
4.70009	481.00	0	2.72
4.70589	487.00	0	2.72
4.71067	488.00	0	2.72
4.71542	483.00	0	2.72
4.72022	486.00	0	2.72
4.72607	464.00	0	2.72
4.73084	389.00	1	2.72
4.73560	332.00	0	2.72
4.74036	299.00	0	2.72
4.74517	286.00	0	2.72
4.75106	276.00	0	2.72
4.75585	276.00	0	2.72
4.76058	270.00	0	2.72
4.76535	263.00	0	2.72
4.77016	269.00	0	2.72
4.77605	265.00	0	2.72
4.78081	271.00	0	2.72
4.78566	277.00	0	2.72
4.79042	280.00	0	2.72
4.79514	323.00	1	2.72
4.80093	361.00	0	2.73
4.80566	405.00	0	2.73
4.81043	437.00	0	2.73
4.81521	447.00	0	2.73
4.82104	464.00	0	2.73
4.82576	460.00	0	2.73
4.83047	466.00	0	2.73
4.83519	467.00	0	2.73
4.84100	465.00	0	2.73
4.84574	472.00	0	2.73
4.85060	450.00	0	2.73
4.85529	395.00	1	2.73
4.86107	322.00	0	2.72
4.86588	287.00	0	2.72
4.87061	277.00	0	2.72
4.87541	265.00	0	2.72
4.88019	266.00	0	2.72
4.88604	262.00	0	2.72
4.89080	254.00	0	2.72
4.89558	258.00	0	2.72
4.90033	253.00	0	2.72
4.90517	260.00	0	2.72
4.91001	262.00	0	2.72
4.91585	281.00	0	2.72
4.92059	345.00	1	2.72
4.92539	385.00	0	2.72
4.93015	441.00	0	2.67
4.93596	471.00	0	2.67
4.94073	476.00	0	2.67
4.94553	487.00	0	2.67
4.95034	483.00	0	2.67
4.95509	489.00	0	2.67
4.96097	485.00	0	2.67
4.96584	480.00	0	2.67
4.97072	476.00	0	2.67
4.97549	409.00	1	2.67
4.98035	340.00	0	2.67
4.98530	305.00	0	2.72
4.99018	281.00	0	2.72
4.99540	282.00	0	2.72
5.00020	274.00	0	2.72
5.00502	274.00	0	2.72
5.01087	268.00	0	2.72
5.01567	261.00	0	2.72
5.02045	270.00	0	2.72
5.02520	267.00	0	2.72
5.03005	275.00	0	2.72
5.03588	283.00	0	2.72
5.04065	314.00	1	2.72
5.04542	360.00	0	2.72
5.05018	391.00	0	2.72
5.05599	438.00	0	2.72
5.06076	452.00	0	2.72
5.06556	458.00	0	2.72
5.07034	467.00	0	2.72
5.07509	461.00	0	2.72
5.08094	469.00	0	2.72
5.08568	471.00	0	2.72
5.09045	467.00	0	2.72
5.09523	467.00	0	2.72
5.10103	404.00	1	2.72
5.10581	337.00	0	2.71
5.11055	301.00	0	2.71
5.11528	277.00	0	2.71
5.12106	273.00	0	2.71
5.12589	262.00	0	2.71
5.13064	263.00	0	2.71
5.13540	258.00	0	2.71
5.14013	254.00	0	2.71
5.14603	260.00	0	2.71
5.15080	255.00	0	2.71
5.15557	260.00	0	2.71
5.16043	275.00	0	2.71
5.16524	317.00	1	2.71
5.17031	379.00	0	2.73
5.17515	417.00	0	2.73
5.18032	463.00	0	2.73
5.18509	475.00	0	2.73
5.19010	480.00	0	2.73
5.19501	487.00	0	2.73
5.20107	483.00	0	2.73
5.20504	488.00	0	2.73
5.21090	483.00	0	2.73
5.21581	475.00	0	2.73
5.22059	453.00	1	2.73
5.22571	363.00	0	2.72
5.23041	319.00	0	2.72
5.23531	295.00	0	2.72
5.24020	277.00	0	2.72
5.24599	282.00	0	2.72
5.25006	271.00	0	2.72
5.25527	270.00	0	2.72
5.26020	264.00	0	2.72
5.26503	264.00	0	2.72
5.27104	272.00	0	2.72
5.27591	270.00	0	2.72
5.28074	276.00	0	2.72
5.28554	295.00	0	2.72
5.29034	331.00	1	2.72
5.29508	377.00	0	2.72
5.30095	421.00	0	2.67
5.30569	446.00	0	2.67
5.31038	452.00	0	2.67
5.31513	458.00	0	2.67
5.32092	469.00	0	2.67
5.32567	463.00	0	2.67
5.33041	472.00	0	2.67
5.33520	470.00	0	2.67
5.34101	463.00	0	2.67
5.34587	455.00	0	2.67
5.35059	374.00	1	2.67
5.35537	322.00	0	2.67
5.36015	290.00	0	2.67
5.36599	269.00	0	2.67
5.37074	272.00	0	2.67
5.37550	258.00	0	2.67
5.38027	261.00	0	2.67
5.38503	255.00	0	2.67
5.39102	252.00	0	2.67
5.39586	261.00	0	2.67
5.40073	257.00	0	2.67
5.40577	267.00	0	2.67
5.41013	287.00	0	2.67
5.41513	344.00	1	2.67
5.42055	407.00	0	2.67
5.42565	448.00	0	2.67
5.43075	472.00	0	2.67
5.43500	479.00	0	2.67
5.44110	478.00	0	2.67
5.44504	489.00	0	2.67
5.45040	484.00	0	2.67
5.45536	488.00	0	2.67
5.46071	485.00	0	2.67
5.46576	468.00	0	2.67
5.47001	436.00	1	2.67
5.47502	344.00	0	2.67
5.48009	310.00	0	2.67
5.48524	286.00	0	2.67
5.49060	275.00	0	2.67
5.49559	280.00	0	2.67
5.50062	268.00	0	2.67
5.50578	267.00	0	2.67
5.51010	265.00	0	2.67
5.51528	263.00	0	2.67
5.52063	274.00	0	2.67
5.52557	270.00	0	2.67
5.53072	279.00	0	2.67
5.53567	318.00	1	2.67
5.54097	351.00	0	2.67
5.54603	403.00	0	2.72
5.55040	428.00	0	2.72
5.55539	450.00	0	2.72
5.56067	457.00	0	2.72
5.56568	459.00	0	2.72
5.57105	469.00	0	2.72
5.57595	466.00	0	2.72
5.58017	471.00	0	2.72
5.58522	470.00	0	2.72
5.59088	463.00	0	2.72
5.59595	443.00	0	2.72
5.60037	363.00	1	2.72
5.60545	315.00	0	2.72
5.61072	287.00	0	2.67
5.61574	270.00	0	2.67
5.62007	272.00	0	2.67
5.62509	259.00	0	2.67
5.63047	260.00	0	2.67
5.63551	257.00	0	2.67
5.64078	252.00	0	2.67
5.64581	261.00	0	2.67
5.65004	256.00	0	2.67
5.65506	256.00	0	2.67
5.66040	297.00	1	2.67
5.66542	351.00	0	2.72
5.67064	409.00	0	2.72
5.67568	448.00	0	2.72
5.68098	473.00	0	2.72
5.68596	483.00	0	2.72
5.69012	485.00	0	2.72
5.69516	491.00	0	2.72
5.70047	485.00	0	2.72
5.70553	486.00	0	2.72
5.71081	485.00	0	2.72
5.71575	473.00	0	2.72
5.72103	428.00	1	2.72
5.72586	342.00	0	2.66
5.73072	307.00	0	2.66
5.73564	285.00	0	2.66
5.74044	275.00	0	2.66
5.74540	280.00	0	2.66
5.75035	272.00	0	2.66
5.75545	268.00	0	2.66
5.76050	265.00	0	2.66
5.76550	263.00	0	2.66
5.77072	274.00	0	2.66
5.77571	270.00	0	2.66
5.78052	282.00	0	2.66
5.78553	317.00	1	2.66
5.79068	353.00	0	2.67
5.79559	402.00	0	2.67
5.80077	430.00	0	2.67
5.80593	450.00	0	2.67
5.81080	458.00	0	2.67
5.81560	460.00	0	2.67
5.82031	470.00	0	2.67
5.82508	464.00	0	2.67
5.83095	470.00	0	2.67
5.83575	469.00	0	2.67
5.84044	463.00	0	2.67
5.84525	435.00	1	2.67
5.85001	348.00	0	2.67
5.85589	301.00	0	2.72
5.86067	279.00	0	2.72
5.86550	268.00	0	2.72
5.87026	268.00	0	2.72
5.87510	257.00	0	2.72
5.88000	261.00	0	2.72
5.88587	256.00	0	2.72
5.89067	255.00	0	2.72
5.89541	261.00	0	2.72
5.90027	258.00	0	2.72
5.90504	276.00	0	2.72
5.91104	331.00	1	2.72
5.91541	370.00	0	2.72
5.92040	428.00	0	2.66
5.92519	456.00	0	2.66
5.93011	478.00	0	2.66
5.93536	482.00	0	2.66
5.94020	486.00	0	2.66
5.94515	491.00	0	2.66
5.95014	485.00	0	2.66
5.95505	488.00	0	2.66
5.96081	481.00	0	2.66
5.96571	449.00	1	2.66
5.97081	360.00	0	2.66
5.97574	311.00	0	2.72
5.98049	292.00	0	2.72
5.98572	280.00	0	2.72
5.99014	276.00	0	2.72
5.99517	276.00	0	2.72
6.00105	263.00	0	2.72
6.00586	266.00	0	2.72
6.01071	266.00	0	2.72
6.01549	267.00	0	2.72
6.02036	277.00	0	2.72
6.02520	273.00	0	2.72
6.03010	301.00	1	2.72
6.03597	347.00	0	2.72
6.04079	381.00	0	2.73
6.04566	431.00	0	2.73
6.05048	441.00	0	2.73
6.05532	456.00	0	2.73
6.06009	460.00	0	2.73
6.06596	463.00	0	2.73
6.07078	472.00	0	2.73
6.07561	466.00	0	2.73
6.08041	471.00	0	2.73
6.08538	466.00	0	2.73
6.09031	442.00	0	2.73
6.09511	363.00	1	2.73
6.10089	305.00	0	2.67
6.10598	283.00	0	2.67
6.11001	271.00	0	2.67
6.11591	263.00	0	2.67
6.12078	264.00	0	2.67
6.12567	255.00	0	2.67
6.13051	257.00	0	2.67
6.13535	255.00	0	2.67
6.14016	256.00	0	2.67
6.14512	263.00	0	2.67
6.15030	265.00	0	2.67
6.15513	300.00	1	2.67
6.16034	351.00	0	2.67
6.16541	401.00	0	2.73
6.17046	454.00	0	2.73
6.17550	466.00	0	2.73
6.18064	482.00	0	2.73
6.18641	487.00	0	2.73
6.19094	484.00	0	2.73
6.19607	490.00	0	2.73
6.20066	482.00	0	2.73
6.20582	482.00	0	2.73
6.21012	470.00	0	2.73
6.21552	379.00	0	2.73
6.22088	327.00	1	2.73
6.22529	295.00	0	2.73
6.23052	280.00	0	2.61
6.23594	280.00	0	2.61
6.24030	275.00	0	2.61
6.24517	274.00	0	2.61
6.25012	263.00	0	2.61
6.25598	266.00	0	2.61
6.26084	268.00	0	2.61
6.26580	269.00	0	2.61
6.27065	277.00	0	2.61
6.27558	277.00	0	2.61
6.28047	322.00	1	2.61
6.28543	357.00	0	2.66
6.29036	397.00	0	2.66
6.29537	437.00	0	2.66
6.30026	445.00	0	2.66
6.30514	462.00	0	2.66
6.31104	464.00	0	2.66
6.31595	464.00	0	2.66
6.32075	474.00	0	2.66
6.32564	465.00	0	2.66
6.33055	472.00	0	2.66
6.33542	461.00	0	2.66
6.34032	427.00	1	2.66
6.34526	348.00	0	2.66
6.35016	302.00	0	2.72
6.35506	285.00	0	2.72
6.36109	271.00	0	2.72
6.36598	263.00	0	2.72
6.37085	265.00	0	2.72
6.37569	254.00	0	2.72
6.38048	259.00	0	2.72
6.38529	254.00	0	2.72
6.39006	257.00	0	2.72
6.39600	265.00	0	2.72
6.40089	268.00	0	2.72
6.40577	311.00	1	2.72
6.41057	360.00	0	2.72
6.41537	406.00	0	2.72
6.42026	456.00	0	2.66
6.42505	471.00	0	2.66
6.43098	484.00	0	2.66
6.43586	486.00	0	2.66
6.44077	487.00	0	2.66
6.44556	491.00	0	2.66
6.45046	483.00	0	2.66
6.45538	485.00	0	2.66
6.46021	468.00	0	2.66
6.46517	395.00	1	2.66
6.47106	327.00	0	2.66
6.47595	292.00	0	2.73
6.48092	281.00	0	2.73
6.48577	278.00	0	2.73
6.49062	274.00	0	2.73
6.49544	274.00	0	2.73
6.50021	262.00	0	2.73
6.50508	268.00	0	2.73
6.51102	267.00	0	2.73
6.51591	268.00	0	2.73
6.52084	278.00	0	2.73
6.52567	274.00	0	2.73
6.53045	320.00	1	2.73
6.53522	351.00	0	2.73
6.54009	393.00	0	2.67
6.54593	441.00	0	2.67
6.55077	448.00	0	2.67
6.55569	461.00	0	2.67
6.56053	462.00	0	2.67
6.56537	466.00	0	2.67
6.57030	472.00	0	2.67
6.57518	466.00	0	2.67
6.58007	472.00	0	2.67
6.58602	463.00	0	2.67
6.59095	415.00	1	2.67
6.59584	342.00	0	2.66
6.60063	301.00	0	2.66
6.60538	283.00	0	2.66
6.61050	270.00	0	2.66
6.61563	264.00	0	2.66
6.62099	265.00	0	2.66
6.62581	254.00	0	2.66
6.63068	257.00	0	2.66
6.63543	254.00	0	2.66
6.64016	256.00	0	2.66
6.64595	265.00	0	2.66
6.65077	266.00	0	2.66
6.65555	308.00	1	2.66
6.66048	358.00	0	2.67
6.66537	407.00	0	2.67
6.67026	456.00	0	2.67
6.67510	469.00	0	2.67
6.68101	485.00	0	2.67
6.68582	488.00	0	2.67
6.69054	487.00	0	2.67
6.69534	492.00	0	2.67
6.70006	483.00	0	2.67
6.70598	484.00	0	2.67
6.71011	469.00	0	2.67
6.71544	388.00	1	2.67
6.72041	330.00	0	2.67
6.72580	294.00	0	2.66
6.73075	281.00	0	2.66
6.73500	278.00	0	2.66
6.74005	275.00	0	2.66
6.74540	274.00	0	2.66
6.75050	262.00	0	2.66
6.75575	265.00	0	2.66
6.76073	268.00	0	2.66
6.76603	259.00	0	2.66
6.77104	279.00	0	2.66
6.77532	278.00	0	2.66
6.78035	324.00	1	2.66
6.78559	360.00	0	2.66
6.79050	400.00	0	2.67
6.79523	439.00	0	2.67
6.80106	448.00	0	2.67
6.80580	461.00	0	2.67
6.81066	462.00	0	2.67
6.81544	467.00	0	2.67
6.82023	470.00	0	2.67
6.82512	467.00	0	2.67
6.83100	470.00	0	2.67
6.83579	460.00	0	2.67
6.84050	415.00	1	2.67
6.84531	342.00	0	2.67
6.85007	301.00	0	2.67
6.85596	279.00	0	2.67
6.86071	269.00	0	2.67
6.86556	264.00	0	2.67
6.87030	265.00	0	2.67
6.87504	254.00	0	2.67
6.88091	257.00	0	2.67
6.88578	257.00	0	2.67
6.89087	255.00	0	2.67
6.89587	266.00	0	2.67
6.90097	272.00	0	2.67
6.90602	326.00	1	2.67
6.91102	377.00	0	2.66
6.91600	422.00	0	2.66
6.92105	466.00	0	2.66
6.92500	472.00	0	2.66
6.93001	485.00	0	2.66
6.93504	484.00	0	2.66
6.94012	489.00	0	2.66
6.94521	489.00	0	2.66
6.95023	483.00	0	2.66
6.95529	484.00	0	2.66
6.96028	465.00	0	2.66
6.96536	384.00	1	2.66
6.97045	328.00	0	2.66
6.97555	293.00	0	2.67
6.98059	283.00	0	2.67
6.98575	279.00	0	2.67
6.99055	275.00	0	2.67
6.99530	272.00	0	2.67
7.00008	262.00	0	2.67
7.00594	267.00	0	2.67
7.01091	257.00	0	2.67
7.01597	270.00	0	2.67
7.02072	278.00	0	2.67
7.02562	284.00	0	2.67
7.03070	334.00	1	2.67
7.03547	369.00	0	2.67
7.04074	414.00	0	2.66
7.04552	443.00	0	2.66
7.05054	450.00	0	2.66
7.05530	464.00	0	2.66
7.06024	461.00	0	2.66
7.06529	466.00	0	2.66
7.07012	470.00	0	2.66
7.07598	468.00	0	2.66
7.08085	474.00	0	2.66
7.08584	456.00	0	2.66
7.09075	393.00	1	2.66
7.09558	331.00	0	2.66
7.10105	288.00	0	2.66
7.10524	279.00	0	2.66
7.11039	269.00	0	2.66
7.11574	262.00	0	2.66
7.12051	264.00	0	2.66
7.12604	252.00	0	2.66
7.13076	258.00	0	2.66
7.13577	257.00	0	2.66
7.14059	258.00	0	2.66
7.14538	268.00	0	2.66
7.15021	276.00	0	2.66
7.15605	345.00	1	2.66
7.16084	390.00	0	2.67
7.16557	438.00	0	2.67
7.17041	469.00	0	2.67
7.17522	474.00	0	2.67
7.18005	487.00	0	2.67
7.18584	487.00	0	2.67
7.19075	486.00	0	2.67
7.19556	490.00	0	2.67
7.20027	481.00	0	2.67
7.20516	484.00	0	2.67
7.21105	437.00	1	2.67
7.21582	352.00	0	2.71
7.22063	316.00	0	2.71
7.22549	286.00	0	2.71
7.23020	282.00	0	2.71
7.23501	276.00	0	2.71
7.24082	271.00	0	2.71
7.24564	270.00	0	2.71
7.25045	262.00	0	2.71
7.25515	269.00	0	2.71
7.26094	271.00	0	2.71
7.26573	272.00	0	2.71
7.27051	279.00	0	2.71
7.27526	298.00	0	2.71
7.28012	345.00	1	2.71
7.28602	389.00	0	2.71
7.29078	427.00	0	2.67
7.29557	451.00	0	2.67
7.30032	451.00	0	2.67
7.30507	466.00	0	2.67
7.31100	465.00	0	2.67
7.31573	465.00	0	2.67
7.32050	471.00	0	2.67
7.32528	465.00	0	2.67
7.33005	472.00	0	2.67
7.33592	448.00	0	2.67
7.34066	370.00	1	2.67
7.34549	321.00	0	2.67
7.35023	286.00	0	2.67
7.35607	274.00	0	2.67
7.36082	267.00	0	2.67
7.36567	261.00	0	2.67
7.37069	263.00	0	2.67
7.37549	253.00	0	2.67
7.38037	258.00	0	2.67
7.38515	255.00	0	2.67
7.39106	258.00	0	2.67
7.39583	271.00	0	2.67
7.40061	288.00	0	2.67
7.40536	353.00	1	2.67
7.41022	395.00	0	2.67
7.41504	444.00	0	2.67
7.42088	473.00	0	2.67
7.42567	479.00	0	2.67
7.43047	488.00	0	2.67
7.43543	488.00	0	2.67
7.44071	487.00	0	2.67
7.44583	490.00	0	2.67
7.45030	483.00	0	2.67
7.45534	481.00	0	2.67
7.46068	433.00	1	2.67
7.46580	341.00	0	2.67
7.47098	310.00	0	2.67
7.47600	281.00	0	2.67
7.48029	282.00	0	2.67
7.48539	277.00	0	2.67
7.49079	271.00	0	2.67
7.49576	270.00	0	2.67
7.50105	261.00	0	2.67
7.50603	266.00	0	2.67
7.51054	269.00	0	2.67
7.51539	272.00	0	2.67
7.52014	278.00	0	2.67
7.52593	306.00	1	2.67
7.53068	351.00	0	2.71
7.53547	383.00	0	2.71
7.54027	425.00	0	2.71
7.54502	447.00	0	2.71
7.55086	452.00	0	2.71
7.55558	465.00	0	2.71
7.56040	465.00	0	2.71
7.56510	469.00	0	2.71
7.57102	472.00	0	2.71
7.57576	468.00	0	2.71
7.58053	472.00	0	2.71
7.58530	454.00	0	2.71
7.59001	389.00	1	2.71
7.59592	320.00	0	2.67
7.60068	286.00	0	2.67
7.60549	276.00	0	2.67
7.61022	267.00	0	2.67
7.61502	263.00	0	2.67
7.62083	262.00	0	2.67
7.62565	252.00	0	2.67
7.63043	259.00	0	2.67
7.63515	255.00	0	2.67
7.64092	258.00	0	2.67
7.64569	270.00	0	2.67
7.65049	289.00	1	2.67
7.65522	350.00	0	2.67
7.66101	401.00	0	2.72
7.66580	446.00	0	2.72
7.67060	471.00	0	2.72
7.67530	475.00	0	2.72
7.68008	488.00	0	2.72
7.68594	488.00	0	2.72
7.69071	487.00	0	2.72
7.69546	488.00	0	2.72
7.70020	482.00	0	2.72
7.70501	483.00	0	2.72
7.71098	426.00	1	2.72
7.71574	343.00	0	2.66
7.72053	309.00	0	2.66
7.72535	454.00	0	2.66
7.73003	282.00	0	2.66
7.73580	276.00	0	2.66
7.74051	270.00	0	2.66
7.74528	267.00	0	2.66
7.75012	263.00	0	2.66
7.75595	268.00	0	2.66
7.76072	269.00	0	2.66
7.76552	273.00	0	2.66
7.77026	280.00	0	2.66
7.77604	309.00	1	2.66
7.78084	354.00	0	2.67
7.78563	387.00	0	2.67
7.79040	427.00	0	2.67
7.79509	446.00	0	2.67
7.80095	453.00	0	2.67
7.80575	466.00	0	2.67
7.81060	464.00	0	2.67
7.81533	468.00	0	2.67
7.82009	471.00	0	2.67
7.82595	466.00	0	2.67
7.83066	470.00	0	2.67
7.83547	441.00	0	2.67
7.84019	361.00	1	2.67
7.84606	309.00	0	2.66
7.85082	280.00	0	2.66
7.85558	275.00	0	2.66
7.86033	265.00	0	2.66
7.86507	263.00	0	2.66
7.87096	262.00	0	2.66
7.87573	253.00	0	2.66
7.88059	258.00	0	2.66
7.88539	256.00	0	2.66
7.89020	259.00	0	2.66
7.89603	274.00	0	2.66
7.90082	294.00	1	2.66
7.90564	357.00	0	2.66
7.91051	397.00	0	2.66
7.91521	447.00	0	2.66
7.92000	470.00	0	2.66
7.92581	476.00	0	2.66
7.93063	489.00	0	2.66
7.93539	485.00	0	2.66
7.94014	488.00	0	2.66
7.94602	489.00	0	2.66
7.95081	481.00	0	2.66
7.95570	475.00	0	2.66
7.96048	409.00	1	2.66
7.96544	337.00	0	2.67
7.97027	304.00	0	2.67
7.97511	279.00	0	2.67
7.98096	280.00	0	2.67
7.98576	276.00	0	2.67
7.99055	270.00	0	2.67
7.99533	269.00	0	2.67
8.00012	262.00	0	2.67
8.00596	270.00	0	2.67
8.01075	270.00	0	2.67
8.01556	272.00	0	2.67
8.02037	281.00	0	2.67
8.02522	307.00	1	2.67
8.03001	353.00	0	2.68
8.03579	393.00	0	2.68
8.04057	431.00	0	2.68
8.04547	450.00	0	2.68
8.05024	455.00	0	2.68
8.05517	467.00	0	2.68
8.06102	465.00	0	2.68
8.06584	467.00	0	2.68
8.07069	473.00	0	2.68
8.07545	467.00	0	2.68
8.08020	470.00	0	2.68
8.08505	434.00	1	2.68
8.09090	344.00	0	2.68
8.09558	308.00	0	2.72
8.10029	279.00	0	2.72
8.10506	275.00	0	2.72
8.11093	266.00	0	2.72
8.11571	261.00	0	2.72
8.12049	261.00	0	2.72
8.12528	252.00	0	2.72
8.13006	259.00	0	2.72
8.13580	257.00	0	2.72
8.14065	259.00	0	2.72
8.14543	272.00	0	2.72
8.15027	294.00	1	2.72
8.15605	367.00	0	2.72
8.16083	409.00	0	2.67
8.16555	454.00	0	2.67
8.17033	474.00	0	2.67
8.17510	480.00	0	2.67
8.18087	489.00	0	2.67
8.18565	487.00	0	2.67
8.19046	486.00	0	2.67
8.19523	489.00	0	2.67
8.20104	478.00	0	2.67
8.20593	465.00	0	2.67
8.21073	379.00	1	2.67
8.21545	328.00	0	2.66
8.22011	300.00	0	2.66
8.22599	276.00	0	2.66
8.23075	280.00	0	2.66
8.23559	274.00	0	2.66
8.24058	269.00	0	2.66
8.24538	268.00	0	2.66
8.25038	262.00	0	2.66
8.25530	271.00	0	2.66
8.26012	269.00	0	2.66
8.26501	274.00	0	2.66
8.27093	287.00	0	2.66
8.27568	318.00	1	2.66
8.28047	362.00	0	2.66
8.28526	396.00	0	2.66
8.29006	435.00	0	2.66
8.29592	454.00	0	2.66
8.30069	455.00	0	2.66
8.30552	468.00	0	2.66
8.31027	462.00	0	2.66
8.31508	469.00	0	2.66
8.32097	473.00	0	2.66
8.32593	463.00	0	2.66
8.33075	465.00	0	2.66
8.33546	416.00	1	2.66
8.34025	343.00	0	2.66
8.34506	305.00	0	2.66
8.35098	275.00	0	2.66
8.35569	274.00	0	2.66
8.36043	264.00	0	2.66
8.36516	262.00	0	2.66
8.37101	261.00	0	2.66
8.37589	253.00	0	2.66
8.38069	259.00	0	2.66
8.38549	255.00	0	2.66
8.39021	262.00	0	2.66
8.39605	275.00	0	2.66
8.40095	309.00	1	2.66
8.40584	371.00	0	2.66
8.41062	410.00	0	2.66
8.41545	456.00	0	2.66
8.42028	474.00	0	2.66
8.42511	632.00	0	2.66
8.43086	488.00	0	2.66
8.43563	485.00	0	2.66
8.44048	487.00	0	2.66
8.44528	487.00	0	2.66
8.45008	479.00	0	2.66
8.45591	463.00	0	2.66
8.46074	377.00	1	2.66
8.46554	326.00	0	2.66
8.47034	301.00	0	2.67
8.47506	279.00	0	2.67
8.48096	280.00	0	2.67
8.48575	274.00	0	2.67
8.49055	270.00	0	2.67
8.49528	267.00	0	2.67
8.50011	262.00	0	2.67
8.50594	270.00	0	2.67
8.51080	272.00	0	2.67
8.51567	273.00	0	2.67
8.52038	282.00	0	2.67
8.52522	314.00	1	2.67
8.53106	368.00	0	2.67
8.53582	403.00	0	2.67
8.54125	438.00	0	2.67
8.54510	452.00	0	2.67
8.55096	456.00	0	2.67
8.55593	466.00	0	2.67
8.56083	465.00	0	2.67
8.56564	468.00	0	2.67
8.57045	473.00	0	2.67
8.57521	466.00	0	2.67
8.58106	464.00	0	2.67
8.58587	406.00	1	2.67
8.59076	338.00	0	2.66
8.59556	301.00	0	2.66
8.60032	276.00	0	2.66
8.60513	274.00	0	2.66
8.61105	578.00	0	2.66
8.61576	261.00	0	2.66
8.62046	260.00	0	2.66
8.62529	252.00	0	2.66
8.63004	259.00	0	2.66
8.63592	257.00	0	2.66
8.64078	262.00	0	2.66
8.64567	279.00	0	2.66
8.65040	320.00	1	2.66
8.65533	379.00	0	2.67
8.66014	419.00	0	2.67
8.66606	465.00	0	2.67
8.67077	478.00	0	2.67
8.67546	480.00	0	2.67
8.68028	489.00	0	2.67
8.68509	485.00	0	2.67
8.69100	485.00	0	2.67
8.69575	485.00	0	2.67
8.70058	477.00	0	2.67
8.70533	460.00	0	2.67
8.71017	372.00	1	2.67
8.71506	322.00	0	2.67
8.72089	294.00	0	2.67
8.72576	277.00	0	2.67
8.73064	281.00	0	2.67
8.73540	273.00	0	2.67
8.74021	269.00	0	2.67
8.74508	267.00	0	2.67
8.75095	262.00	0	2.67
8.75585	272.00	0	2.67
8.76059	270.00	0	2.67
8.76544	276.00	0	2.67
8.77028	294.00	0	2.67
8.77508	330.00	1	2.67
8.78114	388.00	0	2.67
8.78526	420.00	0	2.67
8.79070	446.00	0	2.67
8.79565	459.00	0	2.67
8.80108	458.00	0	2.67
8.80506	468.00	0	2.67
8.81040	465.00	0	2.67
8.81549	468.00	0	2.67
8.82075	472.00	0	2.67
8.82589	464.00	0	2.67
8.83030	457.00	0	2.67
8.83530	374.00	1	2.67
8.84068	318.00	0	2.67
8.84574	291.00	0	2.67
8.85011	271.00	0	2.67
8.85509	272.00	0	2.67
8.86046	262.00	0	2.67
8.86567	257.00	0	2.67
8.87012	257.00	0	2.67
8.87508	252.00	0	2.67
8.88048	261.00	0	2.67
8.88554	260.00	0	2.67
8.89091	267.00	0	2.67
8.89587	306.00	1	2.67
8.90013	346.00	0	2.67
8.90523	407.00	0	2.72
8.91063	450.00	0	2.72
8.91567	471.00	0	2.72
8.92101	484.00	0	2.72
8.92601	484.00	0	2.72
8.93033	489.00	0	2.72
8.93540	486.00	0	2.72
8.94063	486.00	0	2.72
8.94577	486.00	0	2.72
8.95011	475.00	0	2.72
8.95510	429.00	1	2.72
8.96050	340.00	0	2.72
8.96545	303.00	0	2.72
8.97078	287.00	0	2.72
8.97571	276.00	0	2.72
8.98067	281.00	0	2.72
8.98544	268.00	0	2.72
8.99024	267.00	0	2.72
8.99505	265.00	0	2.72
9.00017	264.00	0	2.72
9.00501	275.00	0	2.72
9.01042	271.00	0	2.72
9.01519	281.00	0	2.72
9.02095	326.00	1	2.72
9.02585	357.00	0	2.71
9.03062	407.00	0	2.71
9.03535	430.00	0	2.71
9.04016	452.00	0	2.71
9.04600	461.00	0	2.71
9.05078	460.00	0	2.71
9.05564	471.00	0	2.71
9.06044	466.00	0	2.71
9.06531	470.00	0	2.71
9.07012	470.00	0	2.71
9.07595	229.00	0	2.71
9.08067	415.00	0	2.71
9.08534	336.00	1	2.71
9.09019	301.00	0	2.67
9.09600	279.00	0	2.67
9.10073	267.00	0	2.67
9.10551	268.00	0	2.67
9.11029	258.00	0	2.67
9.11511	259.00	0	2.67
9.12005	257.00	0	2.67
9.12597	253.00	0	2.67
9.13076	262.00	0	2.67
9.13555	261.00	0	2.67
9.14032	281.00	0	2.67
9.14510	332.00	1	2.67
9.15097	386.00	0	2.67
9.15578	443.00	0	2.67
9.16051	466.00	0	2.67
9.16528	479.00	0	2.67
9.17038	487.00	0	2.67
9.17550	484.00	0	2.67
9.18055	492.00	0	2.67
9.18552	487.00	0	2.67
9.19045	488.00	0	2.67
9.19522	481.00	0	2.67
9.20005	448.00	1	2.67
9.20594	350.00	0	2.67
9.21082	308.00	0	2.72
9.21594	285.00	0	2.72
9.22101	282.00	0	2.72
9.22538	276.00	0	2.72
9.23045	276.00	0	2.72
9.23608	265.00	0	2.72
9.24076	264.00	0	2.72
9.24579	269.00	0	2.72
9.25071	268.00	0	2.72
9.25552	278.00	0	2.72
9.26027	277.00	0	2.72
9.26504	318.00	1	2.72
9.27094	366.00	0	2.72
9.27605	401.00	0	2.73
9.28089	441.00	0	2.73
9.28566	449.00	0	2.73
9.29043	459.00	0	2.73
9.29549	466.00	0	2.73
9.30027	464.00	0	2.73
9.30512	473.00	0	2.73
9.31012	467.00	0	2.73
9.31514	473.00	0	2.73
9.32106	465.00	0	2.73
9.32597	407.00	1	2.73
9.33069	339.00	0	2.77
9.33570	296.00	0	2.77
9.34065	277.00	0	2.77
9.34568	273.00	0	2.77
9.35067	262.00	0	2.77
9.35558	266.00	0	2.77
9.36048	254.00	0	2.77
9.36533	256.00	0	2.77
9.37010	257.00	0	2.77
9.37522	257.00	0	2.77
9.38016	270.00	0	2.77
9.38516	279.00	0	2.77
9.39007	341.00	1	2.77
9.39504	391.00	0	2.77
9.40096	444.00	0	2.72
9.40576	474.00	0	2.72
9.41057	477.00	0	2.72
9.41549	488.00	0	2.72
9.42080	490.00	0	2.72
9.42570	486.00	0	2.72
9.43056	493.00	0	2.72
9.43532	481.00	0	2.72
9.44010	479.00	0	2.72
9.44501	425.00	1	2.72
9.45090	330.00	0	2.72
9.45558	304.00	0	2.72
9.46035	279.00	0	2.72
9.46509	280.00	0	2.72
9.47090	279.00	0	2.72
9.47569	267.00	0	2.72
9.48046	271.00	0	2.72
9.48525	262.00	0	2.72
9.49002	270.00	0	2.72
9.49589	275.00	0	2.72
9.50076	272.00	0	2.72
9.50560	296.00	0	2.72
9.51038	330.00	1	2.72
9.51552	376.00	0	2.72
9.52042	419.00	0	2.72
9.52526	439.00	0	2.72
9.53009	457.00	0	2.72
9.53583	459.00	0	2.72
9.54070	466.00	0	2.72
9.54553	470.00	0	2.72
9.55031	468.00	0	2.72
9.55521	474.00	0	2.72
9.56004	467.00	0	2.72
9.56594	444.00	0	2.72
9.57063	365.00	1	2.72
9.57535	313.00	0	2.72
9.58009	291.00	0	2.72
9.58604	270.00	0	2.72
9.59010	269.00	0	2.72
9.59601	265.00	0	2.72
9.60074	256.00	0	2.72
9.60556	260.00	0	2.72
9.61037	253.00	0	2.72
9.61508	260.00	0	2.72
9.62100	265.00	0	2.72
9.62580	270.00	0	2.72
9.63063	316.00	1	2.72
9.63542	360.00	0	2.72
9.64018	412.00	0	2.77
9.64603	463.00	0	2.77
9.65091	473.00	0	2.77
9.65578	486.00	0	2.77
9.66049	484.00	0	2.77
9.66531	489.00	0	2.77
9.67012	488.00	0	2.77
9.67601	484.00	0	2.77
9.68099	485.00	0	2.77
9.68593	450.00	1	2.77
9.69082	360.00	0	2.77
9.69560	317.00	0	2.77
9.70035	289.00	0	2.77
9.70517	286.00	0	2.77
9.71031	276.00	0	2.77
9.71543	276.00	0	2.77
9.72052	270.00	0	2.77
9.72594	263.00	0	2.77
9.73002	269.00	0	2.77
9.73514	267.00	0	2.77
9.74004	276.00	0	2.77
9.74522	278.00	0	2.77
9.75028	301.00	0	2.77
9.75608	178.00	0	2.77
9.76101	393.00	0	2.77
9.76582	390.00	0	2.77
9.77082	226.00	0	2.77
9.77549	451.00	0	2.77
9.78034	467.00	0	2.77
9.78552	464.00	0	2.77
9.79058	469.00	0	2.77
9.79545	471.00	0	2.77
9.80061	468.00	0	2.77
9.80567	466.00	0	2.77
9.81041	409.00	0	2.77
9.81532	338.00	0	2.77
9.82004	300.00	0	2.77
9.82513	275.00	0	2.77
9.83029	274.00	0	2.77
9.83603	263.00	0	2.77
9.84092	262.00	0	2.77
9.84610	259.00	0	2.77
9.85022	253.00	0	2.77
9.85561	262.00	0	2.77
9.86045	256.00	0	2.77
9.86580	266.00	0	2.77
9.87006	280.00	0	2.77
9.87607	342.00	1	2.77
9.88107	401.00	0	1.82
9.88512	436.00	0	1.82
9.89024	470.00	0	1.82
9.89561	482.00	0	1.82
9.90071	484.00	0	1.82
9.90587	491.00	0	1.82
9.91079	485.00	0	1.82
9.91545	487.00	0	1.82
9.92066	484.00	0	1.82
9.92540	472.00	0	1.82
9.93066	426.00	1	1.82
9.93545	346.00	0	1.82
9.94038	313.00	0	1.82
9.94523	293.00	0	1.85
9.95022	278.00	0	1.85
9.95506	284.00	0	1.85
9.96004	272.00	0	1.85
9.96594	269.00	0	1.85
9.97090	268.00	0	1.85
9.97576	261.00	0	1.85
9.98053	272.00	0	1.85
9.98523	266.00	0	1.85
9.99034	274.00	0	1.85
9.99507	277.00	0	1.85
10.00019	286.00	0	1.85
