2.00234	472.00	0	0.00
2.00369	473.00	0	0.00
2.00507	471.00	0	0.00
2.00635	473.00	0	0.00
2.00761	474.00	0	0.00
2.00886	475.00	0	0.00
2.01014	475.00	0	0.00
2.01147	474.00	0	0.00
2.01282	475.00	0	0.00
2.01409	474.00	0	0.00
2.01535	474.00	0	0.00
2.01664	470.00	0	0.00
2.01797	466.00	0	0.00
2.01930	462.00	0	0.00
2.02060	460.00	0	0.00
2.02190	458.00	0	0.00
2.02322	461.00	0	0.00
2.02455	464.00	0	0.00
2.02581	474.00	0	0.00
2.02710	484.00	0	0.00
2.02842	497.00	1	0.00
2.02977	511.00	0	0.00
2.03106	529.00	0	0.00
2.03235	547.00	0	0.00
2.03368	563.00	0	0.00
2.03504	578.00	0	0.00
2.03631	588.00	0	0.00
2.03760	598.00	0	0.00
2.03895	611.00	0	0.00
2.04033	619.00	0	0.00
2.04159	626.00	0	0.00
2.04291	633.00	0	0.00
2.04423	639.00	0	0.00
2.04555	644.00	0	0.00
2.04682	648.00	0	0.00
2.04811	654.00	0	0.00
2.04945	658.00	0	0.00
2.05090	663.00	0	0.00
2.05220	667.00	0	0.00
2.05349	665.00	0	0.00
2.05485	668.00	0	0.00
2.05618	672.00	0	0.00
2.05745	673.00	0	0.00
2.05875	675.00	0	0.00
2.06008	678.00	0	0.00
2.06141	678.00	0	0.00
2.06267	680.00	0	0.00
2.06400	676.00	0	0.00
2.06533	674.00	0	0.00
2.06665	672.00	0	0.00
2.06791	673.00	0	0.00
2.06918	670.00	0	0.00
2.07054	661.00	0	0.00
2.07188	653.00	0	0.00
2.07314	644.00	0	0.00
2.07440	630.00	1	0.00
2.07570	614.00	0	0.00
2.07704	598.00	0	0.00
2.07845	580.00	0	0.00
2.07980	566.00	0	0.00
2.08118	557.00	0	0.00
2.08255	543.00	0	0.00
2.08396	534.00	0	0.00
2.08530	522.00	0	0.00
2.08661	512.00	0	0.00
2.08810	503.00	0	0.00
2.08960	495.00	0	0.00
2.09095	488.00	0	0.00
2.09226	483.00	0	0.00
2.09361	475.00	0	0.00
2.09503	472.00	0	0.00
2.09639	471.00	0	0.00
2.09783	466.00	0	0.00
2.09917	466.00	0	0.00
2.10050	465.00	0	0.00
2.10177	465.00	0	0.00
2.10310	460.00	0	0.00
2.10459	467.00	0	0.00
2.10598	468.00	0	0.00
2.10729	470.00	0	0.00
2.10859	471.00	0	0.00
2.11002	474.00	0	0.00
2.11142	479.00	0	0.00
2.11274	482.00	0	0.00
2.11403	488.00	0	0.00
2.11552	491.00	0	0.00
2.11701	499.00	0	0.00
2.11835	506.00	0	0.00
2.11965	520.00	0	0.00
2.12100	533.00	1	0.00
2.12258	549.00	0	0.00
2.12399	562.00	0	0.00
2.12538	578.00	0	0.00
2.12673	592.00	0	0.00
2.12810	609.00	0	0.00
2.12956	622.00	0	0.00
2.13097	628.00	0	0.00
2.13231	639.00	0	0.00
2.13364	640.00	0	0.00
2.13493	646.00	0	0.00
2.13623	653.00	0	0.00
2.13757	654.00	0	0.00
2.14017	661.00	0	0.00
2.14278	667.00	0	0.00
2.14536	671.00	0	0.00
2.14784	676.00	0	0.00
2.15041	684.00	0	0.00
2.15288	681.00	0	0.00
2.15537	686.00	0	0.00
2.15793	687.00	0	0.00
2.16045	684.00	0	0.00
2.16313	672.00	1	0.00
2.16560	647.00	0	0.00
2.16808	612.00	0	0.00
2.17067	570.00	0	0.00
2.17325	540.00	0	0.00
2.17578	517.00	0	0.00
2.17848	504.00	0	0.00
2.18101	489.00	0	0.00
2.18346	480.00	0	0.00
2.18610	475.00	0	0.00
2.18865	473.00	0	0.00
2.19125	473.00	0	0.00
2.19382	476.00	0	0.00
2.19638	477.00	0	0.00
2.19904	477.00	0	0.00
2.20157	473.00	0	0.00
2.20415	467.00	0	0.00
2.20676	459.00	0	0.00
2.20931	462.00	0	0.00
2.21177	471.00	0	0.00
2.21416	489.00	1	0.00
2.21668	517.00	0	0.00
2.21919	550.00	0	0.00
2.22178	580.00	0	0.00
2.22430	601.00	0	0.00
2.22693	620.00	0	0.00
2.22954	634.00	0	0.00
2.23211	645.00	0	0.00
2.23462	655.00	0	0.00
2.23728	663.00	0	0.00
2.23986	667.00	0	0.00
2.24243	672.00	0	0.00
2.24491	675.00	0	0.00
2.24740	677.00	0	0.00
2.24997	683.00	0	0.00
2.25244	678.00	0	0.00
2.25499	670.00	0	0.00
2.25759	658.00	1	0.00
2.26028	636.00	0	0.00
2.26276	607.00	0	0.00
2.26532	576.00	0	0.00
2.26784	553.00	0	0.00
2.27029	533.00	0	0.00
2.27292	514.00	0	0.00
2.27546	500.00	0	0.00
2.27794	485.00	0	0.00
2.28049	476.00	0	0.00
2.28299	470.00	0	0.00
2.28548	466.00	0	0.00
2.28835	468.00	0	0.00
2.29112	467.00	0	0.00
2.29391	470.00	0	0.00
2.29663	477.00	0	0.00
2.29952	484.00	0	0.00
2.30221	495.00	1	0.00
2.30526	516.00	0	0.00
2.30808	541.00	0	5.52
2.31084	572.00	0	5.52
2.31371	604.00	0	5.52
2.31645	626.00	0	5.52
2.31937	642.00	0	5.52
2.32212	653.00	0	5.52
2.32485	661.00	0	5.52
2.32764	663.00	0	5.52
2.33044	669.00	0	5.52
2.33313	676.00	0	5.52
2.33615	680.00	0	5.52
2.33893	682.00	0	5.52
2.34173	686.00	0	5.52
2.34464	688.00	0	5.52
2.34741	680.00	0	5.52
2.35046	664.00	1	5.52
2.35314	629.00	0	5.52
2.35615	584.00	0	5.52
2.35885	548.00	0	5.52
2.36140	525.00	0	5.52
2.36404	508.00	0	5.52
2.36719	491.00	0	5.52
2.36976	482.00	0	5.52
2.37262	477.00	0	5.52
2.37543	474.00	0	5.52
2.37810	474.00	0	5.52
2.38097	475.00	0	5.52
2.38351	478.00	0	5.52
2.38657	476.00	0	5.52
2.38934	471.00	0	5.52
2.39238	465.00	0	5.52
2.39513	460.00	0	5.52
2.39782	469.00	0	5.52
2.40031	488.00	1	5.52
2.40303	516.00	0	5.52
2.40561	545.00	0	5.52
2.40863	579.00	0	5.37
2.41121	603.00	0	5.37
2.41409	622.00	0	5.37
2.41672	637.00	0	5.37
2.41935	646.00	0	5.37
2.42209	658.00	0	5.37
2.42482	663.00	0	5.37
2.42750	668.00	0	5.37
2.43006	673.00	0	5.37
2.43267	678.00	0	5.37
2.43536	677.00	0	5.37
2.43797	678.00	0	5.37
2.44058	674.00	0	5.37
2.44326	669.00	0	5.37
2.44598	650.00	1	5.37
2.44857	622.00	0	5.37
2.45136	588.00	0	5.37
2.45401	560.00	0	5.37
2.45665	539.00	0	5.37
2.45957	517.00	0	5.37
2.46230	500.00	0	5.37
2.46489	487.00	0	5.37
2.46776	476.00	0	5.37
2.47032	471.00	0	5.37
2.47303	467.00	0	5.37
2.47566	470.00	0	5.37
2.47859	468.00	0	5.37
2.48119	472.00	0	5.37
2.48423	479.00	0	5.37
2.48685	484.00	0	5.37
2.48993	496.00	1	5.37
2.49248	511.00	0	5.37
2.49552	539.00	0	5.37
2.49822	568.00	0	5.37
2.50122	600.00	0	5.37
2.50396	623.00	0	5.37
2.50693	641.00	0	5.37
2.50950	651.00	0	5.33
2.51233	659.00	0	5.33
2.51481	668.00	0	5.33
2.51759	669.00	0	5.33
2.52028	675.00	0	5.33
2.52311	679.00	0	5.33
2.52574	685.00	0	5.33
2.52860	687.00	0	5.33
2.53139	687.00	0	5.33
2.53398	683.00	0	5.33
2.53681	677.00	0	5.33
2.53957	648.00	1	5.33
2.54225	610.00	0	5.33
2.54494	568.00	0	5.33
2.54752	534.00	0	5.33
2.55055	513.00	0	5.33
2.55315	504.00	0	5.33
2.55589	489.00	0	5.33
2.55864	479.00	0	5.33
2.56123	473.00	0	5.33
2.56428	473.00	0	5.33
2.56685	475.00	0	5.33
2.56939	476.00	0	5.33
2.57247	477.00	0	5.33
2.57661	473.00	0	5.33
2.58164	464.00	0	5.33
2.58691	471.00	0	5.33
2.59146	511.00	1	5.33
2.59657	572.00	0	5.33
2.60158	616.00	0	5.33
2.60632	641.00	0	5.33
2.61153	660.00	0	5.33
2.61696	671.00	0	5.23
2.62213	681.00	0	5.23
2.62686	681.00	0	5.23
2.63158	670.00	0	5.23
2.63546	637.00	1	5.23
2.63966	586.00	0	5.23
2.64370	549.00	0	5.23
2.64800	516.00	0	5.23
2.65209	495.00	0	5.23
2.65607	477.00	0	5.23
2.66002	468.00	0	5.23
2.66404	465.00	0	5.23
2.66801	467.00	0	5.23
2.67189	476.00	0	5.23
2.67528	482.00	0	5.23
2.67785	490.00	0	5.23
2.68035	505.00	1	5.23
2.68296	521.00	0	5.23
2.68550	551.00	0	5.23
2.68811	577.00	0	5.23
2.69113	611.00	0	5.23
2.69362	632.00	0	5.23
2.69708	649.00	0	5.23
2.69969	656.00	0	5.23
2.70313	665.00	0	5.23
2.70574	668.00	0	5.23
2.70834	675.00	0	5.23
2.71095	679.00	0	5.23
2.71352	683.00	0	5.23
2.71618	685.00	0	5.25
2.71873	690.00	0	5.25
2.72130	689.00	0	5.25
2.72389	570.00	0	5.25
2.72531	676.00	0	5.25
2.72676	666.00	0	5.25
2.72931	638.00	1	5.25
2.73178	600.00	0	5.25
2.73433	562.00	0	5.25
2.73687	533.00	0	5.25
2.73942	516.00	0	5.25
2.74213	503.00	0	5.25
2.74470	491.00	0	5.25
2.74731	484.00	0	5.25
2.74986	479.00	0	5.25
2.75239	476.00	0	5.25
2.75497	475.00	0	5.25
2.75750	478.00	0	5.25
2.76005	475.00	0	5.25
2.76259	474.00	0	5.25
2.76515	475.00	0	5.25
2.76774	470.00	0	5.25
2.77027	464.00	0	5.25
2.77279	462.00	0	5.25
2.77536	466.00	0	5.25
2.77802	483.00	0	5.25
2.78061	509.00	1	5.25
2.78316	542.00	0	5.25
2.78568	573.00	0	5.25
2.78830	597.00	0	5.25
2.79113	616.00	0	5.25
2.79367	632.00	0	5.25
2.79627	645.00	0	5.25
2.79882	653.00	0	5.25
2.80134	662.00	0	5.25
2.80388	667.00	0	5.25
2.80632	675.00	0	5.25
2.80886	675.00	0	5.25
2.81140	678.00	0	5.25
2.81389	678.00	0	5.25
2.81648	678.00	0	5.29
2.81904	674.00	0	5.29
2.82161	659.00	0	5.29
2.82419	638.00	1	5.29
2.82678	608.00	0	5.29
2.82937	579.00	0	5.29
2.83187	556.00	0	5.29
2.83441	534.00	0	5.29
2.83695	518.00	0	5.29
2.83962	504.00	0	5.29
2.84218	490.00	0	5.29
2.84471	477.00	0	5.29
2.84732	470.00	0	5.29
2.84991	469.00	0	5.29
2.85245	470.00	0	5.29
2.85500	466.00	0	5.29
2.85758	467.00	0	5.29
2.86018	474.00	0	5.29
2.86272	479.00	0	5.29
2.86518	485.00	0	5.29
2.86774	495.00	0	5.29
2.87030	509.00	1	5.29
2.87281	530.00	0	5.29
2.87526	554.00	0	5.29
2.87779	587.00	0	5.29
2.88035	611.00	0	5.29
2.88311	634.00	0	5.29
2.88564	646.00	0	5.29
2.88817	654.00	0	5.29
2.89072	660.00	0	5.29
2.89334	667.00	0	5.29
2.89593	671.00	0	5.29
2.89847	678.00	0	5.29
2.90102	680.00	0	5.29
2.90356	686.00	0	5.29
2.90612	689.00	0	5.29
2.90864	689.00	0	5.29
2.91124	687.00	0	5.29
2.91375	677.00	0	5.29
2.91619	659.00	1	5.29
2.91876	625.00	0	5.35
2.92130	587.00	0	5.35
2.92387	553.00	0	5.35
2.92640	528.00	0	5.35
2.92890	512.00	0	5.35
2.93147	501.00	0	5.35
2.93403	489.00	0	5.35
2.93655	479.00	0	5.35
2.93909	476.00	0	5.35
2.94164	479.00	0	5.35
2.94422	473.00	0	5.35
2.94687	474.00	0	5.35
2.94942	475.00	0	5.35
2.95193	476.00	0	5.35
2.95460	473.00	0	5.35
2.95712	469.00	0	5.35
2.95966	464.00	0	5.35
2.96226	460.00	0	5.35
2.96483	470.00	0	5.35
2.96746	491.00	1	5.35
2.97003	521.00	0	5.35
2.97256	554.00	0	5.35
2.97516	583.00	0	5.35
2.97770	605.00	0	5.35
2.98025	622.00	0	5.35
2.98300	638.00	0	5.35
2.98554	649.00	0	5.35
2.98807	657.00	0	5.35
2.99067	665.00	0	5.35
2.99321	668.00	0	5.35
2.99588	675.00	0	5.35
2.99841	677.00	0	5.35
3.00103	677.00	0	5.35
3.00365	680.00	0	5.35
3.00623	675.00	0	5.35
3.00878	666.00	0	5.35
3.01127	647.00	1	5.35
3.01384	624.00	0	5.35
3.01639	591.00	0	5.35
3.01915	565.00	0	5.35
3.02169	544.00	0	5.35
3.02420	523.00	0	5.35
3.02677	509.00	0	5.35
3.02931	496.00	0	5.35
3.03186	484.00	0	5.35
3.03426	474.00	0	5.35
3.03676	469.00	0	5.35
3.03936	467.00	0	5.35
3.04187	469.00	0	5.35
3.04444	468.00	0	5.35
3.04702	470.00	0	5.35
3.04956	474.00	0	5.35
3.05209	482.00	0	5.35
3.05467	491.00	0	5.35
3.05724	502.00	1	5.35
3.05979	524.00	0	5.35
3.06235	554.00	0	5.35
3.06489	579.00	0	5.35
3.06738	608.00	0	5.35
3.06995	634.00	0	5.35
3.07246	641.00	0	5.35
3.07503	653.00	0	5.35
3.07758	661.00	0	5.35
3.08017	667.00	0	5.35
3.08275	670.00	0	5.35
3.08530	676.00	0	5.35
3.08792	680.00	0	5.35
3.09047	684.00	0	5.35
3.09356	688.00	0	5.35
3.09613	688.00	0	5.35
3.09866	687.00	0	5.35
3.10121	680.00	0	5.35
3.10374	663.00	0	5.35
3.10630	633.00	1	5.35
3.10895	595.00	0	5.35
3.11153	554.00	0	5.35
3.11409	531.00	0	5.35
3.11661	514.00	0	5.35
3.11919	502.00	0	5.26
3.12178	490.00	0	5.26
3.12437	478.00	0	5.26
3.12696	479.00	0	5.26
3.12952	474.00	0	5.26
3.13211	474.00	0	5.26
3.13458	475.00	0	5.26
3.13717	478.00	0	5.26
3.13972	476.00	0	5.26
3.14231	475.00	0	5.26
3.14482	826.00	0	5.26
3.14615	464.00	0	5.26
3.14750	463.00	0	5.26
3.15001	461.00	0	5.26
3.15253	472.00	0	5.26
3.15517	493.00	1	5.26
3.15769	524.00	0	5.26
3.16021	556.00	0	5.26
3.16277	585.00	0	5.26
3.16531	601.00	0	5.26
3.16791	624.00	0	5.26
3.17042	636.00	0	5.26
3.17296	645.00	0	5.26
3.17553	656.00	0	5.26
3.17808	662.00	0	5.26
3.18067	669.00	0	5.26
3.18327	679.00	0	5.26
3.18577	676.00	0	5.26
3.18836	678.00	0	5.26
3.19091	679.00	0	5.26
3.19341	675.00	0	5.26
3.19599	673.00	0	5.26
3.19854	641.00	1	5.26
3.20109	641.00	0	5.26
3.20370	609.00	0	5.26
3.20623	580.00	0	5.26
3.20876	558.00	0	5.26
3.21133	537.00	0	5.26
3.21389	517.00	0	5.26
3.21644	503.00	0	5.26
3.21903	488.00	0	5.26
3.22161	478.00	0	5.34
3.22422	473.00	0	5.34
3.22677	467.00	0	5.34
3.22932	468.00	0	5.34
3.23189	470.00	0	5.34
3.23444	471.00	0	5.34
3.23700	473.00	0	5.34
3.23959	484.00	0	5.34
3.24214	489.00	0	5.34
3.24463	493.00	0	5.34
3.24724	516.00	1	5.34
3.24976	544.00	0	5.34
3.25232	572.00	0	5.34
3.25496	599.00	0	5.34
3.25754	622.00	0	5.34
3.26014	637.00	0	5.34
3.26265	650.00	0	5.34
3.26518	660.00	0	5.34
3.26806	664.00	0	5.34
3.27114	672.00	0	5.34
3.27370	674.00	0	5.34
3.27626	680.00	0	5.34
3.27887	683.00	0	5.34
3.28142	688.00	0	5.34
3.28396	692.00	0	5.34
3.28648	689.00	0	5.34
3.28902	685.00	0	5.34
3.29159	675.00	0	5.34
3.29420	653.00	1	5.34
3.29676	619.00	0	5.34
3.29932	583.00	0	5.34
3.30185	546.00	0	5.34
3.30427	527.00	0	5.34
3.30677	510.00	0	5.34
3.30933	498.00	0	5.34
3.31191	487.00	0	5.34
3.31445	480.00	0	5.34
3.31697	477.00	0	5.34
3.31952	475.00	0	5.34
3.32214	475.00	0	5.32
3.32464	477.00	0	5.32
3.32724	479.00	0	5.32
3.32977	477.00	0	5.32
3.33226	477.00	0	5.32
3.33485	469.00	0	5.32
3.33735	463.00	0	5.32
3.33991	463.00	0	5.32
3.34248	475.00	0	5.32
3.34503	497.00	1	5.32
3.34763	529.00	0	5.32
3.35019	561.00	0	5.32
3.35273	585.00	0	5.32
3.35521	611.00	0	5.32
3.35785	627.00	0	5.32
3.36045	641.00	0	5.32
3.36309	651.00	0	5.32
3.36561	658.00	0	5.32
3.36812	664.00	0	5.32
3.37064	669.00	0	5.32
3.37316	674.00	0	5.32
3.37568	680.00	0	5.32
3.37816	678.00	0	5.32
3.38073	683.00	0	5.32
3.38323	679.00	0	5.32
3.38573	674.00	0	5.32
3.38833	663.00	0	5.32
3.39093	641.00	1	5.32
3.39346	612.00	0	5.32
3.39606	582.00	0	5.32
3.39863	555.00	0	5.32
3.40153	532.00	0	5.32
3.40415	515.00	0	5.32
3.40676	502.00	0	5.32
3.40930	490.00	0	5.32
3.41191	476.00	0	5.32
3.41446	472.00	0	5.32
3.41697	468.00	0	5.32
3.41952	469.00	0	5.32
3.42216	470.00	0	5.20
3.42469	472.00	0	5.20
3.42721	477.00	0	5.20
3.42972	481.00	0	5.20
3.43230	494.00	0	5.20
3.43480	504.00	1	5.20
3.43726	525.00	0	5.20
3.43982	550.00	0	5.20
3.44241	575.00	0	5.20
3.44493	604.00	0	5.20
3.44754	626.00	0	5.20
3.45013	639.00	0	5.20
3.45267	653.00	0	5.20
3.45533	660.00	0	5.20
3.45786	666.00	0	5.20
3.46034	670.00	0	5.20
3.46295	676.00	0	5.20
3.46553	682.00	0	5.20
3.46810	684.00	0	5.20
3.47067	689.00	0	5.20
3.47322	690.00	0	5.20
3.47580	692.00	0	5.20
3.47832	688.00	0	5.20
3.48080	680.00	0	5.20
3.48337	656.00	1	5.20
3.48590	623.00	0	5.20
3.48846	585.00	0	5.20
3.49102	550.00	0	5.20
3.49352	525.00	0	5.20
3.49612	510.00	0	5.20
3.49866	497.00	0	5.20
3.50113	487.00	0	5.20
3.50367	481.00	0	5.20
3.50616	477.00	0	5.20
3.50871	478.00	0	5.20
3.51126	475.00	0	5.20
3.51383	478.00	0	5.20
3.51637	480.00	0	5.20
3.51885	477.00	0	5.20
3.52137	473.00	0	5.20
3.52405	467.00	0	5.29
3.52656	460.00	0	5.29
3.52913	465.00	0	5.29
3.53170	476.00	0	5.29
3.53422	499.00	1	5.29
3.53676	530.00	0	5.29
3.53934	562.00	0	5.29
3.54184	585.00	0	5.29
3.54428	606.00	0	5.29
3.54686	623.00	0	5.29
3.54936	640.00	0	5.29
3.55192	649.00	0	5.29
3.55445	656.00	0	5.29
3.55698	662.00	0	5.29
3.55953	671.00	0	5.29
3.56211	675.00	0	5.29
3.56461	678.00	0	5.29
3.56720	682.00	0	5.29
3.56975	679.00	0	5.29
3.57235	676.00	0	5.29
3.57490	674.00	0	5.29
3.57739	659.00	0	5.29
3.57997	638.00	1	5.29
3.58251	609.00	0	5.29
3.58500	579.00	0	5.29
3.58761	550.00	0	5.29
3.59017	535.00	0	5.29
3.59272	516.00	0	5.29
3.59520	503.00	0	5.29
3.59772	491.00	0	5.29
3.60027	479.00	0	5.29
3.60281	476.00	0	5.29
3.60534	471.00	0	5.29
3.60790	470.00	0	5.29
3.61043	471.00	0	5.29
3.61294	472.00	0	5.29
3.61552	478.00	0	5.29
3.61809	484.00	0	5.29
3.62062	494.00	0	5.29
3.62316	505.00	1	5.29
3.62578	521.00	0	5.31
3.62833	547.00	0	5.31
3.63084	572.00	0	5.31
3.63341	599.00	0	5.31
3.63594	622.00	0	5.31
3.63843	638.00	0	5.31
3.64103	649.00	0	5.31
3.64358	658.00	0	5.31
3.64659	665.00	0	5.31
3.64916	669.00	0	5.31
3.65183	676.00	0	5.31
3.65449	680.00	0	5.31
3.65712	685.00	0	5.31
3.65971	689.00	0	5.31
3.66228	690.00	0	5.31
3.66490	690.00	0	5.31
3.66744	689.00	0	5.31
3.67000	678.00	0	5.31
3.67256	657.00	1	5.31
3.67517	620.00	0	5.31
3.67773	580.00	0	5.31
3.68035	545.00	0	5.31
3.68293	524.00	0	5.31
3.68549	510.00	0	5.31
3.68804	493.00	0	5.31
3.69109	484.00	0	5.31
3.69373	480.00	0	5.31
3.69629	477.00	0	5.31
3.69884	476.00	0	5.31
3.70140	478.00	0	5.31
3.70396	480.00	0	5.31
3.70652	479.00	0	5.31
3.70909	476.00	0	5.31
3.71167	472.00	0	5.31
3.71424	464.00	0	5.31
3.71676	464.00	0	5.31
3.71924	469.00	0	5.31
3.72172	489.00	0	5.31
3.72431	511.00	1	5.31
3.72696	544.00	0	5.26
3.72954	574.00	0	5.26
3.73220	599.00	0	5.26
3.73470	616.00	0	5.26
3.73723	632.00	0	5.26
3.73989	646.00	0	5.26
3.74253	654.00	0	5.26
3.74519	665.00	0	5.26
3.74793	670.00	0	5.26
3.75073	673.00	0	5.26
3.75330	680.00	0	5.26
3.75607	680.00	0	5.26
3.75874	682.00	0	5.26
3.76138	679.00	0	5.26
3.76413	672.00	0	5.26
3.76671	656.00	0	5.26
3.76930	637.00	1	5.26
3.77185	609.00	0	5.26
3.77434	579.00	0	5.26
3.77695	556.00	0	5.26
3.77951	533.00	0	5.26
3.78202	517.00	0	5.26
3.78454	498.00	0	5.26
3.78709	489.00	0	5.26
3.78968	480.00	0	5.26
3.79227	473.00	0	5.26
3.79488	470.00	0	5.26
3.79757	471.00	0	5.26
3.80029	470.00	0	5.26
3.80295	473.00	0	5.26
3.80556	477.00	0	5.26
3.80819	485.00	0	5.26
3.81080	493.00	0	5.26
3.81361	507.00	1	5.26
3.81632	525.00	0	5.26
3.81901	552.00	0	5.26
3.82165	578.00	0	5.26
3.82431	606.00	0	5.26
3.82699	629.00	0	5.25
3.82957	642.00	0	5.25
3.83220	655.00	0	5.25
3.83471	331.00	0	5.25
3.83610	663.00	0	5.25
3.83744	667.00	0	5.25
3.84000	672.00	0	5.25
3.84255	677.00	0	5.25
3.84513	683.00	0	5.25
3.84766	683.00	0	5.25
3.85018	689.00	0	5.25
3.85270	689.00	0	5.25
3.85516	691.00	0	5.25
3.85773	687.00	0	5.25
3.86028	672.00	0	5.25
3.86285	647.00	1	5.25
3.86537	613.00	0	5.25
3.86792	572.00	0	5.25
3.87047	541.00	0	5.25
3.87303	520.00	0	5.25
3.87560	507.00	0	5.25
3.87814	495.00	0	5.25
3.88066	486.00	0	5.25
3.88321	477.00	0	5.25
3.88585	477.00	0	5.25
3.88841	477.00	0	5.25
3.89101	477.00	0	5.25
3.89351	479.00	0	5.25
3.89606	479.00	0	5.25
3.89865	482.00	0	5.25
3.90121	471.00	0	5.25
3.90373	468.00	0	5.25
3.90619	461.00	0	5.25
3.90916	466.00	0	5.25
3.91175	484.00	0	5.25
3.91424	508.00	1	5.25
3.91679	539.00	0	5.25
3.91931	572.00	0	5.25
3.92185	595.00	0	5.25
3.92436	612.00	0	5.25
3.92697	630.00	0	5.27
3.92955	644.00	0	5.27
3.93217	654.00	0	5.27
3.93475	659.00	0	5.27
3.93731	667.00	0	5.27
3.93993	670.00	0	5.27
3.94250	676.00	0	5.27
3.94507	678.00	0	5.27
3.94764	683.00	0	5.27
3.95019	683.00	0	5.27
3.95270	679.00	0	5.27
3.95529	669.00	0	5.27
3.95785	650.00	1	5.27
3.96087	616.00	0	5.27
3.96342	585.00	0	5.27
3.96598	564.00	0	5.27
3.96938	535.00	0	5.27
3.97198	520.00	0	5.27
3.97454	500.00	0	5.27
3.97793	485.00	0	5.27
3.98050	479.00	0	5.27
3.98368	473.00	0	5.27
3.98623	466.00	0	5.27
3.98927	470.00	0	5.27
3.99194	471.00	0	5.27
3.99559	479.00	0	5.27
4.00032	490.00	0	5.27
4.00507	514.00	1	5.27
4.01092	569.00	0	5.27
4.01568	616.00	0	5.27
4.02041	646.00	0	5.27
4.02511	664.00	0	5.27
4.03092	676.00	0	5.22
4.03560	683.00	0	5.22
4.04034	689.00	0	5.22
4.04513	172.00	0	5.22
4.05085	668.00	0	5.22
4.05542	609.00	1	5.22
4.06003	547.00	0	5.22
4.06578	507.00	0	5.22
4.07044	488.00	0	5.22
4.07515	477.00	0	5.22
4.08091	477.00	0	5.22
4.08565	478.00	0	5.22
4.09037	475.00	0	5.22
4.09501	466.00	0	5.22
4.10077	468.00	0	5.22
4.10548	509.00	1	5.22
4.11013	568.00	0	5.22
4.11587	617.00	0	5.22
4.12048	643.00	0	5.22
4.12520	658.00	0	5.22
4.13097	670.00	0	5.23
4.13565	681.00	0	5.23
4.14030	682.00	0	5.23
4.14607	666.00	0	5.23
4.15081	624.00	1	5.23
4.15548	572.00	0	5.23
4.16009	535.00	0	5.23
4.16591	501.00	0	5.23
4.17053	480.00	0	5.23
4.17507	470.00	0	5.23
4.18085	469.00	0	5.23
4.18558	474.00	0	5.23
4.19030	488.00	0	5.23
4.19600	515.00	1	5.23
4.20065	560.00	0	5.23
4.20538	613.00	0	5.23
4.21003	647.00	0	5.23
4.21574	663.00	0	5.23
4.22042	671.00	0	5.23
4.22506	680.00	0	5.23
4.23089	687.00	0	5.24
4.23555	689.00	0	5.24
4.24024	674.00	0	5.24
4.24601	606.00	1	5.24
4.25071	545.00	0	5.24
4.25542	511.00	0	5.24
4.26006	493.00	0	5.24
4.26583	478.00	0	5.24
4.27049	478.00	0	5.24
4.27510	480.00	0	5.24
4.28083	478.00	0	5.24
4.28555	465.00	0	5.24
4.29024	470.00	0	5.24
4.29599	527.00	1	5.24
4.30068	582.00	0	5.24
4.30539	620.00	0	5.24
4.31005	642.00	0	5.24
4.31580	665.00	0	5.24
4.32039	676.00	0	5.24
4.32605	682.00	0	5.24
4.33072	680.00	0	5.25
4.33533	665.00	0	5.25
4.34001	620.00	1	5.25
4.34573	560.00	0	5.25
4.35044	526.00	0	5.25
4.35509	498.00	0	5.25
4.36078	477.00	0	5.25
4.36542	469.00	0	5.25
4.37014	473.00	0	5.25
4.37591	478.00	0	5.25
4.38055	493.00	0	5.25
4.38530	519.00	1	5.25
4.39004	566.00	0	5.25
4.39576	627.00	0	5.25
4.40040	650.00	0	5.25
4.40511	662.00	0	5.25
4.41086	675.00	0	5.25
4.41549	686.00	0	5.25
4.42016	690.00	0	5.25
4.42592	690.00	0	5.25
4.43063	664.00	0	5.28
4.43530	602.00	1	5.28
4.44099	535.00	0	5.28
4.44568	508.00	0	5.28
4.45039	486.00	0	5.28
4.45502	477.00	0	5.28
4.46074	477.00	0	5.28
4.46586	508.00	0	5.28
4.47056	474.00	0	5.28
4.47532	462.00	0	5.28
4.48108	488.00	0	5.28
4.48577	542.00	1	5.28
4.49044	594.00	0	5.28
4.49514	628.00	0	5.28
4.50092	658.00	0	5.28
4.50561	669.00	0	5.28
4.51032	676.00	0	5.28
4.51503	682.00	0	5.28
4.52082	677.00	0	5.28
4.52556	657.00	0	5.28
4.53031	605.00	1	5.28
4.53501	560.00	0	5.25
4.54065	518.00	0	5.25
4.54532	492.00	0	5.25
4.55101	475.00	0	5.25
4.55569	469.00	0	5.25
4.56032	473.00	0	5.25
4.56607	481.00	0	5.25
4.57076	503.00	1	5.25
4.57550	541.00	0	5.25
4.58019	595.00	0	5.25
4.58595	640.00	0	5.25
4.59064	658.00	0	5.25
4.59527	671.00	0	5.25
4.60103	681.00	0	5.25
4.60570	686.00	0	5.25
4.61044	693.00	0	5.25
4.61514	687.00	0	5.25
4.62090	650.00	1	5.25
4.62564	580.00	0	5.25
4.63038	530.00	0	5.25
4.63508	503.00	0	5.39
4.64081	482.00	0	5.39
4.64553	478.00	0	5.39
4.65025	480.00	0	5.39
4.65596	479.00	0	5.39
4.66064	472.00	0	5.39
4.66541	466.00	0	5.39
4.67007	494.00	0	5.39
4.67586	566.00	1	5.39
4.68060	609.00	0	5.39
4.68537	638.00	0	5.39
4.69032	659.00	0	5.39
4.69554	671.00	0	5.39
4.70045	676.00	0	5.39
4.70548	681.00	0	5.39
4.71054	675.00	0	5.39
4.71559	649.00	0	5.39
4.72062	590.00	1	5.39
4.72588	541.00	0	5.39
4.73071	512.00	0	5.39
4.73602	482.00	0	5.25
4.74091	472.00	0	5.25
4.74510	471.00	0	5.25
4.75011	474.00	0	5.25
4.75534	487.00	0	5.25
4.76028	511.00	1	5.25
4.76551	558.00	0	5.25
4.77043	611.00	0	5.25
4.77583	645.00	0	5.25
4.78071	665.00	0	5.25
4.78590	671.00	0	5.25
4.79077	682.00	0	5.25
4.79602	690.00	0	5.25
4.80083	679.00	0	5.25
4.80606	682.00	0	5.25
4.81096	627.00	1	5.25
4.81506	567.00	0	5.25
4.82108	515.00	0	5.25
4.82533	494.00	0	5.25
4.83085	480.00	0	5.25
4.83596	476.00	0	5.26
4.84040	478.00	0	5.26
4.84586	477.00	0	5.26
4.85081	464.00	0	5.26
4.85597	470.00	0	5.26
4.86066	513.00	1	5.26
4.86555	573.00	0	5.26
4.87038	617.00	0	5.26
4.87513	642.00	0	5.26
4.88099	660.00	0	5.26
4.88571	672.00	0	5.26
4.89066	677.00	0	5.26
4.89536	681.00	0	5.26
4.90109	670.00	0	5.26
4.90603	633.00	1	5.26
4.91069	574.00	0	5.26
4.91553	536.00	0	5.26
4.92025	505.00	0	5.26
4.92519	480.00	0	5.26
4.93098	473.00	0	5.26
4.93597	471.00	0	5.39
4.94072	479.00	0	5.39
4.94550	509.00	1	5.39
4.95016	516.00	0	5.39
4.95597	572.00	0	5.39
4.96066	620.00	0	5.39
4.96541	650.00	0	5.39
4.97009	664.00	0	5.39
4.97590	671.00	0	5.39
4.98060	680.00	0	5.39
4.98534	685.00	0	5.39
4.99007	691.00	0	5.39
4.99580	671.00	0	5.39
5.00048	610.00	1	5.39
5.00521	545.00	0	5.39
5.01101	503.00	0	5.39
5.01570	484.00	0	5.39
5.02039	477.00	0	5.39
5.02509	478.00	0	5.39
5.03090	479.00	0	5.39
5.03564	473.00	0	5.28
5.04034	464.00	0	5.28
5.04506	478.00	0	5.28
5.05082	537.00	1	5.28
5.05554	590.00	0	5.28
5.06024	627.00	0	5.28
5.06517	651.00	0	5.28
5.07043	666.00	0	5.28
5.07535	671.00	0	5.28
5.08055	684.00	0	5.28
5.08545	680.00	0	5.28
5.09046	664.00	0	5.28
5.09552	609.00	1	5.28
5.10050	557.00	0	5.28
5.10554	520.00	0	5.28
5.11060	490.00	0	5.28
5.11559	474.00	0	5.28
5.12055	470.00	0	5.28
5.12558	463.00	0	5.28
5.13059	482.00	0	5.28
5.13566	498.00	0	5.28
5.14093	534.00	1	5.28
5.14584	590.00	0	5.28
5.15099	669.00	0	5.28
5.15571	651.00	0	5.28
5.16045	667.00	0	5.28
5.16513	676.00	0	5.28
5.17090	684.00	0	5.28
5.17558	688.00	0	5.28
5.18036	86.00	0	5.28
5.18602	648.00	0	5.28
5.19061	580.00	1	5.28
5.19525	525.00	0	5.28
5.20104	498.00	0	5.28
5.20576	480.00	0	5.28
5.21045	475.00	0	5.28
5.21513	477.00	0	5.28
5.22093	476.00	0	5.28
5.22568	468.00	0	5.28
5.23037	462.00	0	5.28
5.23506	484.00	0	5.26
5.24079	550.00	1	5.26
5.24550	592.00	0	5.26
5.25019	629.00	0	5.26
5.25591	656.00	0	5.26
5.26053	665.00	0	5.26
5.26527	677.00	0	5.26
5.27107	678.00	0	5.26
5.27573	677.00	0	5.26
5.28039	655.00	0	5.26
5.28511	606.00	1	5.26
5.29088	550.00	0	5.26
5.29554	516.00	0	5.26
5.30010	490.00	0	5.26
5.30587	473.00	0	5.26
5.31052	470.00	0	5.26
5.31518	470.00	0	5.26
5.32095	481.00	0	5.26
5.32574	498.00	0	5.26
5.33046	530.00	1	5.26
5.33512	578.00	0	5.28
5.34083	630.00	0	5.28
5.34555	656.00	0	5.28
5.35029	664.00	0	5.28
5.35604	677.00	0	5.28
5.36075	685.00	0	5.28
5.36547	689.00	0	5.28
5.37012	687.00	0	5.28
5.37590	649.00	1	5.28
5.38064	577.00	0	5.28
5.38540	524.00	0	5.28
5.39008	500.00	0	5.28
5.39578	481.00	0	5.28
5.40051	479.00	0	5.28
5.40523	479.00	0	5.28
5.41100	479.00	0	5.28
5.41562	470.00	0	5.28
5.42035	462.00	0	5.28
5.42511	487.00	0	5.28
5.43090	555.00	1	5.28
5.43558	601.00	0	5.26
5.44024	635.00	0	5.26
5.44601	655.00	0	5.26
5.45070	671.00	0	5.26
5.45544	676.00	0	5.26
5.46007	680.00	0	5.26
5.46585	673.00	0	5.26
5.47053	643.00	0	5.26
5.47516	588.00	1	5.26
5.48089	539.00	0	5.26
5.48560	509.00	0	5.26
5.49032	484.00	0	5.26
5.49501	473.00	0	5.26
5.50078	469.00	0	5.26
5.50542	473.00	0	5.26
5.51106	488.00	0	5.26
5.51570	506.00	1	5.26
5.52038	549.00	0	5.26
5.52509	601.00	0	5.26
5.53085	641.00	0	5.26
5.53561	660.00	0	5.40
5.54006	669.00	0	5.40
5.54582	683.00	0	5.40
5.55057	686.00	0	5.40
5.55534	691.00	0	5.40
5.56003	675.00	0	5.40
5.56576	605.00	1	5.40
5.57049	544.00	0	5.40
5.57514	510.00	0	5.40
5.58099	485.00	0	5.40
5.58582	477.00	0	5.40
5.59061	478.00	0	5.40
5.59533	477.00	0	5.40
5.60011	476.00	0	5.40
5.60601	449.00	0	5.40
5.61012	472.00	0	5.40
5.61538	527.00	1	5.40
5.62012	584.00	0	5.40
5.62593	627.00	0	5.40
5.63062	648.00	0	5.40
5.63535	668.00	0	5.40
5.64018	674.00	0	5.42
5.64599	679.00	0	5.42
5.65068	677.00	0	5.42
5.65539	658.00	0	5.42
5.66009	615.00	1	5.42
5.66594	557.00	0	5.42
5.67071	519.00	0	5.42
5.67540	493.00	0	5.42
5.68009	478.00	0	5.42
5.68591	470.00	0	5.42
5.69065	471.00	0	5.42
5.69508	479.00	0	5.42
5.70101	491.00	0	5.42
5.70526	528.00	1	5.42
5.71041	585.00	0	5.42
5.71512	631.00	0	5.42
5.72001	654.00	0	5.42
5.72576	668.00	0	5.42
5.73051	678.00	0	5.42
5.73560	685.00	0	5.42
5.74058	690.00	0	5.28
5.74573	684.00	0	5.28
5.75078	642.00	1	5.28
5.75584	574.00	0	5.28
5.76017	527.00	0	5.28
5.76518	496.00	0	5.28
5.77013	481.00	0	5.28
5.77500	475.00	0	5.28
5.78103	478.00	0	5.28
5.78584	478.00	0	5.28
5.79079	467.00	0	5.28
5.79562	462.00	0	5.28
5.80041	493.00	0	5.28
5.80542	554.00	1	5.28
5.81030	602.00	0	5.28
5.81523	634.00	0	5.28
5.82107	657.00	0	5.28
5.82598	669.00	0	5.28
5.83069	678.00	0	5.28
5.83558	683.00	0	5.28
5.84035	676.00	0	5.26
5.84521	651.00	0	5.26
5.85012	596.00	1	5.26
5.85506	553.00	0	5.26
5.86014	514.00	0	5.26
5.86606	482.00	0	5.26
5.87075	474.00	0	5.26
5.87577	469.00	0	5.26
5.88062	473.00	0	5.26
5.88560	485.00	0	5.26
5.89051	504.00	1	5.26
5.89540	545.00	0	5.26
5.90020	596.00	0	5.26
5.90601	643.00	0	5.26
5.91079	661.00	0	5.26
5.91548	668.00	0	5.26
5.92034	681.00	0	5.26
5.92506	689.00	0	5.26
5.93013	693.00	0	5.26
5.93509	686.00	0	5.26
5.94003	651.00	1	5.40
5.94587	565.00	0	5.40
5.95077	521.00	0	5.40
5.95547	496.00	0	5.40
5.96013	484.00	0	5.40
5.96602	479.00	0	5.40
5.97088	480.00	0	5.40
5.97558	479.00	0	5.40
5.98035	468.00	0	5.40
5.98515	464.00	0	5.40
5.99018	501.00	0	5.40
5.99507	561.00	1	5.40
6.00108	614.00	0	5.40
6.00599	643.00	0	5.40
6.01104	660.00	0	5.40
6.01589	672.00	0	5.40
6.02074	679.00	0	5.40
6.02570	682.00	0	5.40
6.03080	674.00	0	5.40
6.03565	651.00	0	5.40
6.04043	598.00	1	5.27
6.04538	550.00	0	5.27
6.05026	518.00	0	5.27
6.05518	489.00	0	5.27
6.06001	477.00	0	5.27
6.06601	511.00	0	5.27
6.07089	473.00	0	5.27
6.07597	488.00	0	5.27
6.08099	507.00	0	5.27
6.08601	551.00	1	5.27
6.09105	606.00	0	5.27
6.09585	641.00	0	5.27
6.10073	658.00	0	5.27
6.10561	672.00	0	5.27
6.11042	679.00	0	5.27
6.11541	685.00	0	5.27
6.12024	692.00	0	5.27
6.12513	689.00	0	5.27
6.13104	640.00	1	5.27
6.13589	571.00	0	5.27
6.14058	524.00	0	5.24
6.14545	498.00	0	5.24
6.15021	483.00	0	5.24
6.15523	476.00	0	5.24
6.16010	477.00	0	5.24
6.16595	480.00	0	5.24
6.17076	471.00	0	5.24
6.17567	462.00	0	5.24
6.18062	496.00	0	5.24
6.18543	554.00	1	5.24
6.19025	602.00	0	5.24
6.19517	634.00	0	5.24
6.20096	656.00	0	5.24
6.20574	669.00	0	5.24
6.21052	679.00	0	5.24
6.21527	681.00	0	5.24
6.22004	679.00	0	5.24
6.22594	649.00	0	5.24
6.23098	591.00	1	5.24
6.23500	552.00	0	5.24
6.24087	514.00	0	5.25
6.24567	488.00	0	5.25
6.25044	474.00	0	5.25
6.25514	476.00	0	5.25
6.26104	474.00	0	5.25
6.26581	488.00	0	5.25
6.27054	505.00	0	5.25
6.27526	542.00	1	5.25
6.28001	594.00	0	5.25
6.28582	637.00	0	5.25
6.29059	657.00	0	5.25
6.29538	669.00	0	5.25
6.30010	683.00	0	5.25
6.30600	688.00	0	5.25
6.31081	689.00	0	5.25
6.31555	673.00	0	5.25
6.32026	646.00	1	5.25
6.32511	576.00	0	5.25
6.33104	516.00	0	5.25
6.33580	494.00	0	5.25
6.34051	481.00	0	5.25
6.34525	477.00	0	5.28
6.35105	482.00	0	5.28
6.35579	478.00	0	5.28
6.36048	465.00	0	5.28
6.36519	465.00	0	5.28
6.37098	510.00	0	5.28
6.37565	564.00	1	5.28
6.38043	610.00	0	5.28
6.38514	635.00	0	5.28
6.39089	659.00	0	5.28
6.39557	670.00	0	5.28
6.40073	678.00	0	5.28
6.40545	683.00	0	5.28
6.41015	678.00	0	5.28
6.41599	648.00	0	5.28
6.42094	590.00	1	5.28
6.42593	543.00	0	5.28
6.43096	511.00	0	5.28
6.43567	485.00	0	5.28
6.44043	473.00	0	5.28
6.44501	470.00	0	5.26
6.45090	474.00	0	5.26
6.45572	483.00	0	5.26
6.46059	500.00	0	5.26
6.46558	540.00	1	5.26
6.47030	588.00	0	5.26
6.47516	632.00	0	5.26
6.48010	656.00	0	5.26
6.48503	670.00	0	5.26
6.49091	676.00	0	5.26
6.49554	685.00	0	5.26
6.50040	691.00	0	5.26
6.50527	688.00	0	5.26
6.51100	649.00	1	5.26
6.51582	574.00	0	5.26
6.52053	526.00	0	5.26
6.52532	498.00	0	5.26
6.53019	482.00	0	5.26
6.53598	475.00	0	5.26
6.54074	479.00	0	5.26
6.54586	477.00	0	5.24
6.55066	469.00	0	5.24
6.55540	230.00	0	5.24
6.56001	479.00	0	5.24
6.56558	546.00	1	5.24
6.57050	596.00	0	5.24
6.57537	631.00	0	5.24
6.58079	652.00	0	5.24
6.58582	667.00	0	5.24
6.59001	677.00	0	5.24
6.59602	683.00	0	5.24
6.60093	678.00	0	5.24
6.60584	656.00	0	5.24
6.61070	602.00	1	5.24
6.61544	556.00	0	5.24
6.62035	521.00	0	5.24
6.62605	488.00	0	5.24
6.63079	474.00	0	5.24
6.63547	470.00	0	5.24
6.64039	471.00	0	5.24
6.64508	478.00	0	5.27
6.65107	497.00	0	5.27
6.65599	529.00	1	5.27
6.66090	581.00	0	5.27
6.66572	626.00	0	5.27
6.67053	652.00	0	5.27
6.67533	664.00	0	5.27
6.68106	677.00	0	5.27
6.68589	687.00	0	5.27
6.69057	692.00	0	5.27
6.69541	688.00	0	5.27
6.70027	663.00	0	5.27
6.70514	595.00	1	5.27
6.71108	526.00	0	5.27
6.71595	500.00	0	5.27
6.72061	485.00	0	5.27
6.72557	477.00	0	5.27
6.73031	478.00	0	5.27
6.73513	478.00	0	5.27
6.74093	473.00	0	5.27
6.74594	463.00	0	5.15
6.75066	479.00	0	5.15
6.75550	529.00	1	5.15
6.76013	587.00	0	5.15
6.76605	633.00	0	5.15
6.77097	650.00	0	5.15
6.77589	665.00	0	5.15
6.78073	676.00	0	5.15
6.78544	681.00	0	5.15
6.79027	701.00	0	5.15
6.79598	662.00	0	5.15
6.80094	609.00	1	5.15
6.80590	559.00	0	5.15
6.81080	524.00	0	5.15
6.81555	495.00	0	5.15
6.82046	477.00	0	5.15
6.82519	470.00	0	5.15
6.83099	471.00	0	5.15
6.83596	479.00	0	5.15
6.84090	492.00	0	5.15
6.84584	522.00	1	5.15
6.85067	572.00	0	5.27
6.85546	620.00	0	5.27
6.86014	649.00	0	5.27
6.86605	666.00	0	5.27
6.87089	675.00	0	5.27
6.87592	683.00	0	5.27
6.88074	692.00	0	5.27
6.88549	688.00	0	5.27
6.89053	665.00	0	5.27
6.89550	598.00	1	5.27
6.90043	536.00	0	5.27
6.90519	506.00	0	5.27
6.91009	487.00	0	5.27
6.91590	475.00	0	5.27
6.92079	476.00	0	5.27
6.92559	479.00	0	5.27
6.93030	474.00	0	5.27
6.93606	462.00	0	5.27
6.94081	479.00	0	5.27
6.94558	530.00	1	5.27
6.95034	586.00	0	5.26
6.95503	622.00	0	5.26
6.96083	649.00	0	5.26
6.96558	664.00	0	5.26
6.97043	673.00	0	5.26
6.97512	679.00	0	5.26
6.98002	677.00	0	5.26
6.98586	652.00	0	5.26
6.99083	603.00	1	5.26
6.99582	558.00	0	5.26
7.00075	521.00	0	5.26
7.00601	491.00	0	5.26
7.01082	474.00	0	5.26
7.01586	469.00	0	5.26
7.02073	468.00	0	5.26
7.02583	478.00	0	5.26
7.03066	494.00	0	5.26
7.03566	524.00	1	5.26
7.04050	580.00	0	5.26
7.04517	621.00	0	5.26
7.05111	655.00	0	5.27
7.05585	666.00	0	5.27
7.06089	678.00	0	5.27
7.06577	684.00	0	5.27
7.07057	691.00	0	5.27
7.07565	687.00	0	5.27
7.08056	658.00	0	5.27
7.08548	590.00	1	5.27
7.09029	532.00	0	5.27
7.09603	498.00	0	5.27
7.10091	483.00	0	5.27
7.10577	477.00	0	5.27
7.11047	478.00	0	5.27
7.11508	480.00	0	5.27
7.12096	470.00	0	5.27
7.12591	464.00	0	5.27
7.13101	497.00	0	5.27
7.13592	558.00	1	5.27
7.14089	608.00	0	5.27
7.14593	637.00	0	5.27
7.15065	654.00	0	5.25
7.15559	669.00	0	5.25
7.16021	669.00	0	5.25
7.16503	681.00	0	5.25
7.17094	676.00	0	5.25
7.17570	652.00	0	5.25
7.18061	597.00	1	5.25
7.18561	549.00	0	5.25
7.19032	516.00	0	5.25
7.19524	490.00	0	5.25
7.20022	473.00	0	5.25
7.20521	468.00	0	5.25
7.21007	470.00	0	5.25
7.21594	508.00	1	5.25
7.22076	500.00	0	5.25
7.22546	538.00	0	5.25
7.23046	593.00	0	5.25
7.23541	636.00	0	5.25
7.24010	656.00	0	5.25
7.24589	668.00	0	5.25
7.25089	680.00	0	5.55
7.25569	685.00	0	5.55
7.26036	693.00	0	5.55
7.26515	689.00	0	5.55
7.27002	658.00	0	5.55
7.27595	571.00	1	5.55
7.28057	528.00	0	5.55
7.28550	498.00	0	5.55
7.29021	482.00	0	5.55
7.29597	476.00	0	5.55
7.30075	478.00	0	5.55
7.30552	478.00	0	5.55
7.31025	470.00	0	5.55
7.31603	467.00	0	5.55
7.32081	504.00	0	5.55
7.32562	552.00	1	5.55
7.33034	607.00	0	5.55
7.33508	638.00	0	5.55
7.34086	658.00	0	5.55
7.34566	672.00	0	5.55
7.35049	679.00	0	5.55
7.35525	681.00	0	5.27
7.36001	679.00	0	5.27
7.36579	655.00	0	5.27
7.37055	602.00	1	5.27
7.37533	554.00	0	5.27
7.38002	518.00	0	5.27
7.38588	487.00	0	5.27
7.39062	471.00	0	5.27
7.39532	474.00	0	5.27
7.40108	473.00	0	5.27
7.40587	485.00	0	5.27
7.41074	504.00	0	5.27
7.41546	544.00	1	5.27
7.42021	598.00	0	5.27
7.42502	635.00	0	5.27
7.43084	658.00	0	5.27
7.43557	669.00	0	5.27
7.44038	679.00	0	5.27
7.44511	688.00	0	5.27
7.45084	684.00	0	5.27
7.45563	682.00	0	5.01
7.46037	643.00	1	5.01
7.46522	570.00	0	5.01
7.47005	522.00	0	5.01
7.47590	492.00	0	5.01
7.48065	479.00	0	5.01
7.48546	479.00	0	5.01
7.49017	478.00	0	5.01
7.49595	477.00	0	5.01
7.50063	466.00	0	5.01
7.50533	467.00	0	5.01
7.51007	498.00	0	5.01
7.51584	573.00	1	5.01
7.52057	612.00	0	5.01
7.52532	640.00	0	5.01
7.53014	658.00	0	5.01
7.53593	671.00	0	5.01
7.54061	678.00	0	5.01
7.54536	684.00	0	5.01
7.55011	678.00	0	5.01
7.55602	645.00	0	5.26
7.56069	587.00	1	5.26
7.56549	539.00	0	5.26
7.57016	511.00	0	5.26
7.57585	483.00	0	5.26
7.58063	472.00	0	5.26
7.58572	470.00	0	5.26
7.59062	476.00	0	5.26
7.59536	489.00	0	5.26
7.60011	510.00	1	5.26
7.60593	562.00	0	5.26
7.61083	612.00	0	5.26
7.61551	644.00	0	5.26
7.62029	660.00	0	5.26
7.62516	668.00	0	5.26
7.63015	682.00	0	5.26
7.63605	692.00	0	5.26
7.64084	690.00	0	5.26
7.64582	681.00	0	5.26
7.65046	634.00	1	5.26
7.65538	563.00	0	5.26
7.66014	519.00	0	5.26
7.66540	494.00	0	5.26
7.67042	480.00	0	5.26
7.67575	478.00	0	5.26
7.68093	479.00	0	5.26
7.68602	475.00	0	5.26
7.69105	464.00	0	5.26
7.69584	473.00	0	5.26
7.70064	517.00	1	5.26
7.70533	572.00	0	5.26
7.71013	306.00	0	5.26
7.71604	645.00	0	5.26
7.72085	662.00	0	5.26
7.72551	675.00	0	5.26
7.73015	680.00	0	5.26
7.73582	684.00	0	5.26
7.74052	672.00	0	5.26
7.74527	638.00	1	5.26
7.75106	572.00	0	5.26
7.75582	532.00	0	5.42
7.76057	504.00	0	5.42
7.76520	481.00	0	5.42
7.77091	471.00	0	5.42
7.77550	473.00	0	5.42
7.78100	479.00	0	5.42
7.78541	491.00	0	5.42
7.79091	518.00	1	5.42
7.79527	559.00	0	5.42
7.80083	618.00	0	5.42
7.80528	644.00	0	5.42
7.81091	663.00	0	5.42
7.81536	672.00	0	5.42
7.82080	684.00	0	5.42
7.82526	690.00	0	5.42
7.83085	689.00	0	5.42
7.83530	678.00	0	5.42
7.84070	607.00	1	5.42
7.84522	542.00	0	5.42
7.85081	505.00	0	5.42
7.85522	488.00	0	5.42
7.86081	477.00	0	5.26
7.86531	477.00	0	5.26
7.87092	481.00	0	5.26
7.87549	476.00	0	5.26
7.88091	464.00	0	5.26
7.88521	476.00	0	5.26
7.89056	531.00	1	5.26
7.89601	592.00	0	5.26
7.90050	624.00	0	5.26
7.90597	651.00	0	5.26
7.91033	665.00	0	5.26
7.91577	676.00	0	5.26
7.92021	682.00	0	5.26
7.92567	679.00	0	5.26
7.93007	670.00	0	5.26
7.93546	613.00	1	5.26
7.94093	557.00	0	5.26
7.94527	524.00	0	5.26
7.95077	491.00	0	5.26
7.95513	477.00	0	5.26
7.96061	469.00	0	5.26
7.96605	470.00	0	5.26
7.97036	479.00	0	5.26
7.97582	495.00	0	5.26
7.98017	524.00	1	5.26
7.98567	581.00	0	5.26
7.99001	626.00	0	5.26
7.99539	650.00	0	5.26
8.00080	668.00	0	5.26
