0.00	295.00	0.00	0.00
0.00	301.00	0.00	0.00
0.01	311.00	0.00	0.00
0.01	308.00	0.00	0.00
0.02	299.00	0.00	0.00
0.02	316.00	0.00	0.00
0.03	303.00	0.00	0.00
0.03	325.00	0.00	0.00
0.04	354.00	1.00	0.00
0.04	364.00	0.00	0.00
0.05	403.00	0.00	0.00
0.05	399.00	0.00	0.00
0.06	427.00	0.00	0.00
0.06	446.00	0.00	0.00
0.07	453.00	0.00	0.00
0.07	469.00	0.00	0.00
0.08	469.00	0.00	0.00
0.08	481.00	0.00	0.00
0.09	484.00	0.00	0.00
0.09	483.00	0.00	0.00
0.10	499.00	0.00	0.00
0.10	491.00	0.00	0.00
0.11	496.00	0.00	0.00
0.11	497.00	0.00	0.00
0.12	492.00	0.00	0.00
0.12	501.00	0.00	0.00
0.13	483.00	0.00	0.00
0.13	485.00	0.00	0.00
0.14	473.00	0.00	0.00
0.14	403.00	1.00	0.00
0.15	355.00	0.00	0.00
0.15	318.00	0.00	0.00
0.16	308.00	0.00	0.00
0.16	309.00	0.00	0.00
0.17	294.00	0.00	0.00
0.17	307.00	0.00	0.00
0.18	291.00	0.00	0.00
0.18	302.00	0.00	0.00
0.19	304.00	0.00	0.00
0.19	292.00	0.00	0.00
0.20	306.00	0.00	0.00
0.20	295.00	0.00	0.00
0.21	306.00	0.00	0.00
0.21	310.00	0.00	0.00
0.22	354.00	1.00	0.00
0.22	414.00	0.00	0.00
0.23	441.00	0.00	0.00
0.23	466.00	0.00	0.00
0.24	473.00	0.00	0.00
0.24	476.00	0.00	0.00
0.25	491.00	0.00	0.00
0.25	483.00	0.00	0.00
0.26	490.00	0.00	0.00
0.26	491.00	0.00	0.00
0.27	483.00	0.00	0.00
0.27	496.00	0.00	0.00
0.28	474.00	0.00	0.00
0.28	400.00	1.00	0.00
0.29	343.00	0.00	0.00
0.29	308.00	0.00	0.00
0.30	310.00	0.00	0.00
0.30	295.00	0.00	0.00
0.31	309.00	0.00	0.00
0.31	307.00	0.00	0.00
0.32	294.00	0.00	0.00
0.32	306.00	0.00	0.00
0.33	291.00	0.00	0.00
0.33	302.00	0.00	0.00
0.34	305.00	0.00	0.00
0.34	303.00	0.00	0.00
0.35	375.00	1.00	0.00
0.35	405.00	0.00	0.00
0.36	442.00	0.00	3.23
0.36	459.00	0.00	3.23
0.37	469.00	0.00	3.23
0.37	486.00	0.00	3.23
0.38	483.00	0.00	3.23
0.38	491.00	0.00	3.23
0.39	493.00	0.00	3.23
0.39	486.00	0.00	3.23
0.40	488.00	0.00	3.23
0.40	452.00	1.00	3.23
0.41	368.00	0.00	3.84
0.41	329.00	0.00	3.84
0.42	304.00	0.00	3.84
0.42	313.00	0.00	3.84
0.43	295.00	0.00	3.84
0.43	297.00	0.00	3.84
0.44	301.00	0.00	3.84
0.44	292.00	0.00	3.84
0.45	303.00	0.00	3.84
0.45	296.00	0.00	3.84
0.46	304.00	0.00	3.84
0.46	317.00	0.00	3.84
0.47	375.00	1.00	3.84
0.47	432.00	0.00	3.84
0.48	447.00	0.00	3.84
0.48	469.00	0.00	4.00
0.49	479.00	0.00	4.00
0.49	477.00	0.00	4.00
0.50	493.00	0.00	4.00
0.50	481.00	0.00	4.00
0.51	489.00	0.00	4.00
0.51	491.00	0.00	4.00
0.52	484.00	0.00	4.00
0.52	466.00	0.00	4.00
0.53	359.00	0.00	4.00
0.53	327.00	1.00	4.00
0.54	307.00	0.00	4.00
0.54	294.00	0.00	4.01
0.55	313.00	0.00	4.01
0.55	296.00	0.00	4.01
0.56	302.00	0.00	4.01
0.56	302.00	0.00	4.01
0.57	292.00	0.00	4.01
0.57	307.00	0.00	4.01
0.58	293.00	0.00	4.01
0.58	314.00	0.00	4.01
0.59	382.00	1.00	4.01
0.59	405.00	0.00	4.01
0.60	449.00	0.00	4.15
0.60	460.00	0.00	4.15
0.61	474.00	0.00	4.15
0.61	483.00	0.00	4.15
0.62	482.00	0.00	4.15
0.62	498.00	0.00	4.15
0.63	487.00	0.00	4.15
0.63	484.00	0.00	4.15
0.64	481.00	0.00	4.15
0.64	440.00	1.00	4.15
0.65	367.00	0.00	4.16
0.65	321.00	0.00	4.16
0.66	307.00	0.00	4.16
0.66	310.00	0.00	4.16
0.67	292.00	0.00	4.16
0.67	304.00	0.00	4.16
0.68	294.00	0.00	4.16
0.68	302.00	0.00	4.16
0.69	304.00	0.00	4.16
0.69	292.00	0.00	4.16
0.70	312.00	0.00	4.16
0.70	317.00	0.00	4.16
0.71	378.00	1.00	4.16
0.71	421.00	0.00	4.17
0.72	448.00	0.00	4.17
0.72	474.00	0.00	4.17
0.73	473.00	0.00	4.17
0.73	484.00	0.00	4.17
0.74	489.00	0.00	4.17
0.74	481.00	0.00	4.17
0.75	498.00	0.00	4.17
0.75	484.00	0.00	4.17
0.76	490.00	0.00	4.17
0.76	482.00	0.00	4.17
0.77	373.00	0.00	4.17
0.77	340.00	1.00	4.17
0.78	302.00	0.00	4.16
0.78	299.00	0.00	4.16
0.79	308.00	0.00	4.16
0.79	299.00	0.00	4.16
0.80	312.00	0.00	4.16
0.80	295.00	0.00	4.16
0.81	299.00	0.00	4.16
0.81	304.00	0.00	4.16
0.82	292.00	0.00	4.16
0.82	311.00	0.00	4.16
0.83	347.00	1.00	4.16
0.83	392.00	0.00	4.16
0.84	430.00	0.00	4.16
0.84	449.00	0.00	4.17
0.85	475.00	0.00	4.17
0.85	473.00	0.00	4.17
0.86	485.00	0.00	4.17
0.86	489.00	0.00	4.17
0.87	489.00	0.00	4.17
0.87	495.00	0.00	4.17
0.88	481.00	0.00	4.17
0.88	481.00	0.00	4.17
0.89	396.00	1.00	4.17
0.89	337.00	0.00	4.08
0.90	326.00	0.00	4.08
0.90	303.00	0.00	4.08
0.91	300.00	0.00	4.08
0.91	303.00	0.00	4.08
0.92	290.00	0.00	4.08
0.92	308.00	0.00	4.08
0.93	292.00	0.00	4.08
0.93	296.00	0.00	4.08
0.94	307.00	0.00	4.08
0.94	297.00	0.00	4.08
0.95	327.00	1.00	4.08
0.95	376.00	0.00	4.08
0.96	422.00	0.00	4.18
0.96	454.00	0.00	4.18
0.97	462.00	0.00	4.18
0.97	485.00	0.00	4.18
0.98	477.00	0.00	4.18
0.98	486.00	0.00	4.18
0.99	491.00	0.00	4.18
0.99	487.00	0.00	4.18
1.00	496.00	0.00	4.18
1.00	483.00	0.00	4.18
1.01	483.00	0.00	4.18
1.01	401.00	1.00	4.18
1.02	331.00	0.00	4.16
1.02	320.00	0.00	4.16
1.03	299.00	0.00	4.16
1.03	302.00	0.00	4.16
1.04	307.00	0.00	4.16
1.04	294.00	0.00	4.16
1.05	309.00	0.00	4.16
1.05	290.00	0.00	4.16
1.06	293.00	0.00	4.16
1.06	305.00	0.00	4.16
1.07	293.00	0.00	4.16
1.07	328.00	1.00	4.16
1.08	368.00	0.00	4.16
1.08	411.00	0.00	4.08
1.09	450.00	0.00	4.08
1.09	456.00	0.00	4.08
1.10	477.00	0.00	4.08
1.10	480.00	0.00	4.08
1.11	486.00	0.00	4.08
1.11	493.00	0.00	4.08
1.12	484.00	0.00	4.08
1.12	493.00	0.00	4.08
1.13	477.00	0.00	4.08
1.13	436.00	1.00	4.08
1.14	360.00	0.00	4.08
1.14	317.00	0.00	4.08
1.15	318.00	0.00	4.08
1.15	301.00	0.00	4.08
1.16	299.00	0.00	4.08
1.16	299.00	0.00	4.08
1.17	402.00	0.00	4.08
1.17	308.00	0.00	4.08
1.18	290.00	0.00	4.08
1.18	298.00	0.00	4.08
1.19	309.00	0.00	4.08
1.19	306.00	0.00	4.08
1.20	389.00	1.00	4.08
1.20	414.00	0.00	4.08
1.21	456.00	0.00	3.99
1.21	472.00	0.00	3.99
1.22	470.00	0.00	3.99
1.22	488.00	0.00	3.99
1.23	484.00	0.00	3.99
1.23	487.00	0.00	3.99
1.24	491.00	0.00	3.99
1.24	480.00	0.00	3.99
1.25	492.00	0.00	3.99
1.25	439.00	1.00	3.99
1.26	350.00	0.00	3.99
1.26	322.00	0.00	4.16
1.27	293.00	0.00	4.16
1.27	311.00	0.00	4.16
1.28	299.00	0.00	4.16
1.28	295.00	0.00	4.16
1.29	307.00	0.00	4.16
1.29	290.00	0.00	4.16
1.30	303.00	0.00	4.16
1.30	297.00	0.00	4.16
1.31	301.00	0.00	4.16
1.31	333.00	0.00	4.16
1.32	370.00	1.00	4.16
1.32	423.00	0.00	4.09
1.33	441.00	0.00	4.09
1.33	465.00	0.00	4.09
1.34	478.00	0.00	4.09
1.34	479.00	0.00	4.09
1.35	492.00	0.00	4.09
1.35	489.00	0.00	4.09
1.36	489.00	0.00	4.09
1.36	485.00	0.00	4.09
1.37	464.00	0.00	4.09
1.37	382.00	1.00	4.09
1.38	325.00	0.00	4.18
1.38	308.00	0.00	4.18
1.39	309.00	0.00	4.18
1.39	293.00	0.00	4.18
1.40	303.00	0.00	4.18
1.40	297.00	0.00	4.18
1.41	300.00	0.00	4.18
1.41	305.00	0.00	4.18
1.42	291.00	0.00	4.18
1.42	311.00	0.00	4.18
1.43	317.00	0.00	4.18
1.43	379.00	1.00	4.18
1.44	423.00	0.00	4.18
1.44	451.00	0.00	4.26
1.45	476.00	0.00	4.26
1.45	476.00	0.00	4.26
1.46	483.00	0.00	4.26
1.46	493.00	0.00	4.26
1.47	481.00	0.00	4.26
1.47	496.00	0.00	4.26
1.48	486.00	0.00	4.26
1.48	479.00	0.00	4.26
1.49	414.00	1.00	4.26
1.49	323.00	0.00	4.27
1.50	315.00	0.00	4.27
1.50	297.00	0.00	4.27
1.51	299.00	0.00	4.27
1.51	313.00	0.00	4.27
1.52	295.00	0.00	4.27
1.52	304.00	0.00	4.27
1.53	296.00	0.00	4.27
1.53	295.00	0.00	4.27
1.54	305.00	0.00	4.27
1.54	296.00	0.00	4.27
1.55	361.00	1.00	4.27
1.55	389.00	0.00	4.27
1.56	434.00	0.00	4.35
1.56	461.00	0.00	4.35
1.57	465.00	0.00	4.35
1.57	484.00	0.00	4.35
1.58	484.00	0.00	4.35
1.58	491.00	0.00	4.35
1.59	494.00	0.00	4.35
1.59	481.00	0.00	4.35
1.60	486.00	0.00	4.35
1.60	403.00	1.00	4.35
1.61	344.00	0.00	4.33
1.61	323.00	0.00	4.33
1.62	458.00	0.00	4.33
1.62	309.00	0.00	4.33
1.63	295.00	0.00	4.33
1.63	294.00	0.00	4.33
1.64	306.00	0.00	4.33
1.64	290.00	0.00	4.33
1.65	305.00	0.00	4.33
1.65	298.00	0.00	4.33
1.66	305.00	0.00	4.33
1.66	365.00	1.00	4.33
1.67	395.00	0.00	4.33
1.67	449.00	0.00	4.34
1.68	461.00	0.00	4.34
1.68	473.00	0.00	4.34
1.69	482.00	0.00	4.34
1.69	479.00	0.00	4.34
1.70	492.00	0.00	4.34
1.70	484.00	0.00	4.34
1.71	490.00	0.00	4.34
1.71	498.00	0.00	4.34
1.72	461.00	0.00	4.34
1.72	378.00	1.00	4.34
1.73	321.00	0.00	4.26
1.73	301.00	0.00	4.26
1.74	307.00	0.00	4.26
1.74	294.00	0.00	4.26
1.75	310.00	0.00	4.26
1.75	296.00	0.00	4.26
1.76	293.00	0.00	4.26
1.76	301.00	0.00	4.26
1.77	290.00	0.00	4.26
1.77	304.00	0.00	4.26
1.78	305.00	0.00	4.26
1.78	363.00	1.00	4.26
1.79	419.00	0.00	4.27
1.79	436.00	0.00	4.27
1.80	466.00	0.00	4.27
1.80	473.00	0.00	4.27
1.81	481.00	0.00	4.27
1.81	492.00	0.00	4.27
1.82	487.00	0.00	4.27
1.82	497.00	0.00	4.27
1.83	483.00	0.00	4.27
1.83	475.00	0.00	4.27
1.84	425.00	1.00	4.27
1.84	336.00	0.00	4.27
1.85	323.00	0.00	4.27
1.85	303.00	0.00	4.27
1.86	297.00	0.00	4.27
1.86	308.00	0.00	4.27
1.87	288.00	0.00	4.27
1.87	303.00	0.00	4.27
1.88	297.00	0.00	4.27
1.88	296.00	0.00	4.27
1.89	309.00	0.00	4.27
1.89	296.00	0.00	4.27
1.90	337.00	1.00	4.27
1.90	396.00	0.00	4.27
1.91	434.00	0.00	4.27
1.91	463.00	0.00	4.27
1.92	468.00	0.00	4.27
1.92	486.00	0.00	4.27
1.93	480.00	0.00	4.27
1.93	482.00	0.00	4.27
1.94	493.00	0.00	4.27
1.94	482.00	0.00	4.27
1.95	493.00	0.00	4.27
1.95	481.00	0.00	4.27
1.96	435.00	1.00	4.27
1.96	349.00	0.00	4.27
1.97	306.00	0.00	4.25
1.97	310.00	0.00	4.25
1.98	302.00	0.00	4.25
1.98	301.00	0.00	4.25
1.99	308.00	0.00	4.25
1.99	292.00	0.00	4.25
2.00	305.00	0.00	4.25
2.00	291.00	0.00	4.25
2.01	294.00	0.00	4.25
2.01	308.00	0.00	4.25
2.02	313.00	0.00	4.25
2.02	390.00	1.00	4.25
2.03	420.00	0.00	4.16
2.03	447.00	0.00	4.16
2.04	470.00	0.00	4.16
2.04	472.00	0.00	4.16
2.05	488.00	0.00	4.16
2.05	487.00	0.00	4.16
2.06	491.00	0.00	4.16
2.06	495.00	0.00	4.16
2.07	479.00	0.00	4.16
2.07	486.00	0.00	4.16
2.08	394.00	0.00	4.16
2.08	339.00	1.00	4.16
2.09	322.00	0.00	4.16
2.09	299.00	0.00	4.08
2.10	306.00	0.00	4.08
2.10	296.00	0.00	4.08
2.11	296.00	0.00	4.08
2.11	306.00	0.00	4.08
2.12	289.00	0.00	4.08
2.12	308.00	0.00	4.08
2.13	298.00	0.00	4.08
2.13	302.00	0.00	4.08
2.14	360.00	1.00	4.08
2.14	390.00	0.00	4.08
2.15	452.00	0.00	4.16
2.15	461.00	0.00	4.16
2.16	473.00	0.00	4.16
2.16	486.00	0.00	4.16
2.17	478.00	0.00	4.16
2.17	490.00	0.00	4.16
2.18	487.00	0.00	4.16
2.18	486.00	0.00	4.16
2.19	490.00	0.00	4.16
2.19	474.00	0.00	4.16
2.20	437.00	1.00	4.16
2.20	339.00	0.00	4.16
2.21	307.00	0.00	4.16
2.21	309.00	0.00	4.16
2.22	295.00	0.00	4.16
2.22	306.00	0.00	4.16
2.23	300.00	0.00	4.16
2.23	294.00	0.00	4.16
2.24	304.00	0.00	4.16
2.24	288.00	0.00	4.16
2.25	304.00	0.00	4.16
2.25	299.00	0.00	4.16
2.26	322.00	1.00	4.16
2.26	396.00	0.00	4.26
2.27	417.00	0.00	4.26
2.27	454.00	0.00	4.26
2.28	466.00	0.00	4.26
2.28	473.00	0.00	4.26
2.29	487.00	0.00	4.26
2.29	483.00	0.00	4.26
2.30	496.00	0.00	4.26
2.30	487.00	0.00	4.26
2.31	483.00	0.00	4.26
2.31	485.00	0.00	4.26
2.32	425.00	1.00	4.26
2.32	348.00	0.00	4.26
2.33	316.00	0.00	4.26
2.33	305.00	0.00	4.26
2.34	310.00	0.00	4.26
2.34	290.00	0.00	4.26
2.35	303.00	0.00	4.26
2.35	303.00	0.00	4.26
2.36	294.00	0.00	4.26
2.36	309.00	0.00	4.26
2.37	294.00	0.00	4.26
2.37	310.00	0.00	4.26
2.38	333.00	0.00	4.26
2.38	389.00	1.00	4.26
2.39	438.00	0.00	4.08
2.39	451.00	0.00	4.08
2.40	476.00	0.00	4.08
2.40	477.00	0.00	4.08
2.41	482.00	0.00	4.08
2.41	493.00	0.00	4.08
2.42	481.00	0.00	4.08
2.42	495.00	0.00	4.08
2.43	490.00	0.00	4.08
2.43	483.00	0.00	4.08
2.44	470.00	0.00	4.08
2.44	349.00	0.00	4.08
2.45	327.00	1.00	4.08
2.45	300.00	0.00	4.00
2.46	297.00	0.00	4.00
2.46	312.00	0.00	4.00
2.47	295.00	0.00	4.00
2.47	306.00	0.00	4.00
2.48	296.00	0.00	4.00
2.48	287.00	0.00	4.00
2.49	308.00	0.00	4.00
2.49	292.00	0.00	4.00
2.50	313.00	0.00	4.00
2.50	368.00	1.00	4.00
2.51	400.00	0.00	4.00
2.51	441.00	0.00	4.07
2.52	453.00	0.00	4.07
2.52	474.00	0.00	4.07
2.53	480.00	0.00	4.07
2.53	484.00	0.00	4.07
2.54	495.00	0.00	4.07
2.54	487.00	0.00	4.07
2.55	494.00	0.00	4.07
2.55	483.00	0.00	4.07
2.56	468.00	0.00	4.07
2.56	378.00	0.00	4.07
2.57	325.00	1.00	4.07
2.57	320.00	0.00	4.07
2.58	306.00	0.00	3.99
2.58	295.00	0.00	3.99
2.59	305.00	0.00	3.99
2.59	293.00	0.00	3.99
2.60	306.00	0.00	3.99
2.60	295.00	0.00	3.99
2.61	293.00	0.00	3.99
2.61	312.00	0.00	3.99
2.62	299.00	0.00	3.99
2.62	363.00	1.00	3.99
2.63	401.00	0.00	4.16
2.63	439.00	0.00	4.16
2.64	470.00	0.00	4.16
2.64	467.00	0.00	4.16
2.65	488.00	0.00	4.16
2.65	484.00	0.00	4.16
2.66	485.00	0.00	4.16
2.66	494.00	0.00	4.16
2.67	483.00	0.00	4.16
2.67	494.00	0.00	4.16
2.68	476.00	0.00	4.16
2.68	428.00	1.00	4.16
2.69	356.00	0.00	4.16
2.69	310.00	0.00	4.25
2.70	305.00	0.00	4.25
2.70	302.00	0.00	4.25
2.71	301.00	0.00	4.25
2.71	313.00	0.00	4.25
2.72	293.00	0.00	4.25
2.72	305.00	0.00	4.25
2.73	298.00	0.00	4.25
2.73	293.00	0.00	4.25
2.74	306.00	0.00	4.25
2.74	301.00	0.00	4.25
2.75	368.00	1.00	4.25
2.75	394.00	0.00	4.25
2.76	434.00	0.00	4.08
2.76	463.00	0.00	4.08
2.77	463.00	0.00	4.08
2.77	480.00	0.00	4.08
2.78	487.00	0.00	4.08
2.78	487.00	0.00	4.08
2.79	499.00	0.00	4.08
2.79	484.00	0.00	4.08
2.80	490.00	0.00	4.08
2.80	472.00	0.00	4.08
2.81	374.00	0.00	4.08
2.81	344.00	1.00	4.08
2.82	306.00	0.00	4.08
2.82	311.00	0.00	4.08
2.83	304.00	0.00	4.08
2.83	292.00	0.00	4.08
2.84	306.00	0.00	4.08
2.84	292.00	0.00	4.08
2.85	300.00	0.00	4.08
2.85	297.00	0.00	4.08
2.86	295.00	0.00	4.08
2.86	313.00	0.00	4.08
2.87	321.00	0.00	4.08
2.87	398.00	1.00	4.08
2.88	434.00	0.00	4.08
2.88	456.00	0.00	4.00
2.89	477.00	0.00	4.00
2.89	472.00	0.00	4.00
2.90	487.00	0.00	4.00
2.90	487.00	0.00	4.00
2.91	484.00	0.00	4.00
2.91	494.00	0.00	4.00
2.92	483.00	0.00	4.00
2.92	492.00	0.00	4.00
2.93	451.00	1.00	4.00
2.93	351.00	0.00	4.08
2.94	328.00	0.00	4.08
2.94	297.00	0.00	4.08
2.95	306.00	0.00	4.08
2.95	303.00	0.00	4.08
2.96	298.00	0.00	4.08
2.96	313.00	0.00	4.08
2.97	291.00	0.00	4.08
2.97	293.00	0.00	4.08
2.98	297.00	0.00	4.08
2.98	295.00	0.00	4.08
2.99	312.00	0.00	4.08
2.99	334.00	1.00	4.08
3.00	389.00	0.00	4.08
3.00	440.00	0.00	4.08
3.01	448.00	0.00	4.08
3.01	470.00	0.00	4.08
3.02	473.00	0.00	4.08
3.02	494.00	0.00	4.08
3.03	487.00	0.00	4.08
3.03	489.00	0.00	4.08
3.04	495.00	0.00	4.08
3.04	481.00	0.00	4.08
3.05	477.00	0.00	4.08
3.05	390.00	1.00	4.08
3.06	326.00	0.00	4.17
3.06	323.00	0.00	4.17
3.07	298.00	0.00	4.17
3.07	301.00	0.00	4.17
3.08	299.00	0.00	4.17
3.08	293.00	0.00	4.17
3.09	308.00	0.00	4.17
3.09	290.00	0.00	4.17
3.10	304.00	0.00	4.17
3.10	306.00	0.00	4.17
3.11	299.00	0.00	4.17
3.11	331.00	0.00	4.17
3.12	382.00	1.00	4.17
3.12	434.00	0.00	4.08
3.13	454.00	0.00	4.08
3.13	467.00	0.00	4.08
3.14	484.00	0.00	4.08
3.14	477.00	0.00	4.08
3.15	488.00	0.00	4.08
3.15	489.00	0.00	4.08
3.16	487.00	0.00	4.08
3.16	496.00	0.00	4.08
3.17	479.00	0.00	4.08
3.17	468.00	0.00	4.08
3.18	356.00	0.00	4.08
3.18	315.00	1.00	4.08
3.19	312.00	0.00	3.93
3.19	294.00	0.00	3.93
3.20	309.00	0.00	3.93
3.20	309.00	0.00	3.93
3.21	296.00	0.00	3.93
3.21	307.00	0.00	3.93
3.22	291.00	0.00	3.93
3.22	300.00	0.00	3.93
3.23	299.00	0.00	3.93
3.23	296.00	0.00	3.93
3.24	357.00	1.00	3.93
3.24	379.00	0.00	3.93
3.25	430.00	0.00	4.08
3.25	454.00	0.00	4.08
3.26	464.00	0.00	4.08
3.26	485.00	0.00	4.08
3.27	480.00	0.00	4.08
3.27	489.00	0.00	4.08
3.28	495.00	0.00	4.08
3.28	486.00	0.00	4.08
3.29	489.00	0.00	4.08
3.29	467.00	0.00	4.08
3.30	377.00	0.00	4.08
3.30	338.00	1.00	4.08
3.31	308.00	0.00	4.08
3.31	316.00	0.00	4.00
3.32	293.00	0.00	4.00
3.32	303.00	0.00	4.00
3.33	302.00	0.00	4.00
3.33	293.00	0.00	4.00
3.34	307.00	0.00	4.00
3.34	295.00	0.00	4.00
3.35	302.00	0.00	4.00
3.35	306.00	0.00	4.00
3.36	327.00	0.00	4.00
3.36	402.00	1.00	4.00
3.37	421.00	0.00	4.00
3.37	460.00	0.00	4.08
3.38	474.00	0.00	4.08
3.38	473.00	0.00	4.08
3.39	489.00	0.00	4.08
3.39	482.00	0.00	4.08
3.40	490.00	0.00	4.08
3.40	489.00	0.00	4.08
3.41	482.00	0.00	4.08
3.41	494.00	0.00	4.08
3.42	454.00	1.00	4.08
3.42	356.00	0.00	4.08
3.43	323.00	0.00	4.26
3.43	304.00	0.00	4.26
3.44	310.00	0.00	4.26
3.44	295.00	0.00	4.26
3.45	309.00	0.00	4.26
3.45	306.00	0.00	4.26
3.46	294.00	0.00	4.26
3.46	307.00	0.00	4.26
3.47	290.00	0.00	4.26
3.47	304.00	0.00	4.26
3.48	302.00	0.00	4.26
3.48	345.00	1.00	4.26
3.49	404.00	0.00	4.26
3.49	424.00	0.00	4.07
3.50	456.00	0.00	4.07
3.50	471.00	0.00	4.07
3.51	476.00	0.00	4.07
3.51	493.00	0.00	4.07
3.52	484.00	0.00	4.07
3.52	496.00	0.00	4.07
3.53	492.00	0.00	4.07
3.53	482.00	0.00	4.07
3.54	483.00	0.00	4.07
3.54	381.00	0.00	4.07
3.55	342.00	1.00	4.07
3.55	316.00	0.00	4.08
3.56	299.00	0.00	4.08
3.56	311.00	0.00	4.08
3.57	290.00	0.00	4.08
3.57	297.00	0.00	4.08
3.58	303.00	0.00	4.08
3.58	290.00	0.00	4.08
3.59	307.00	0.00	4.08
3.59	292.00	0.00	4.08
3.60	303.00	0.00	4.08
3.60	326.00	0.00	4.08
3.61	375.00	1.00	4.08
3.61	437.00	0.00	4.08
3.62	451.00	0.00	4.09
3.62	471.00	0.00	4.09
3.63	482.00	0.00	4.09
3.63	479.00	0.00	4.09
3.64	493.00	0.00	4.09
3.64	485.00	0.00	4.09
3.65	492.00	0.00	4.09
3.65	488.00	0.00	4.09
3.66	480.00	0.00	4.09
3.66	480.00	0.00	4.09
3.67	381.00	0.00	4.09
3.67	328.00	1.00	4.09
3.68	309.00	0.00	3.91
3.68	296.00	0.00	3.91
3.69	312.00	0.00	3.91
3.69	297.00	0.00	3.91
3.70	300.00	0.00	3.91
3.70	304.00	0.00	3.91
3.71	291.00	0.00	3.91
3.71	303.00	0.00	3.91
3.72	293.00	0.00	3.91
3.72	305.00	0.00	3.91
3.73	350.00	1.00	3.91
3.73	381.00	0.00	4.08
3.74	431.00	0.00	4.08
3.74	443.00	0.00	4.08
3.75	468.00	0.00	4.08
3.75	477.00	0.00	4.08
3.76	482.00	0.00	4.08
3.76	495.00	0.00	4.08
3.77	486.00	0.00	4.08
3.77	495.00	0.00	4.08
3.78	488.00	0.00	4.08
3.78	475.00	0.00	4.08
3.79	439.00	1.00	4.08
3.79	350.00	0.00	4.16
3.80	327.00	0.00	4.16
3.80	315.00	0.00	4.16
3.81	297.00	0.00	4.16
3.81	309.00	0.00	4.16
3.82	292.00	0.00	4.16
3.82	302.00	0.00	4.16
3.83	301.00	0.00	4.16
3.83	292.00	0.00	4.16
3.84	310.00	0.00	4.16
3.84	295.00	0.00	4.16
3.85	312.00	0.00	4.16
3.85	370.00	1.00	4.16
3.86	405.00	0.00	4.08
3.86	459.00	0.00	4.08
3.87	458.00	0.00	4.08
3.87	477.00	0.00	4.08
3.88	486.00	0.00	4.08
3.88	482.00	0.00	4.08
3.89	494.00	0.00	4.08
3.89	483.00	0.00	4.08
3.90	493.00	0.00	4.08
3.90	493.00	0.00	4.08
3.91	477.00	0.00	4.08
3.91	437.00	1.00	4.08
3.92	336.00	0.00	4.18
3.92	314.00	0.00	4.18
3.93	303.00	0.00	4.18
3.93	296.00	0.00	4.18
3.94	312.00	0.00	4.18
3.94	296.00	0.00	4.18
3.95	300.00	0.00	4.18
3.95	299.00	0.00	4.18
3.96	289.00	0.00	4.18
3.96	308.00	0.00	4.18
3.97	293.00	0.00	4.18
3.97	323.00	1.00	4.18
3.98	383.00	0.00	4.18
3.98	407.00	0.00	4.08
3.99	452.00	0.00	4.08
3.99	457.00	0.00	4.08
4.00	477.00	0.00	4.08
4.00	485.00	0.00	4.08
4.01	483.00	0.00	4.08
4.01	496.00	0.00	4.08
4.02	487.00	0.00	4.08
4.02	493.00	0.00	4.08
4.03	484.00	0.00	4.08
4.03	463.00	0.00	4.08
4.04	383.00	1.00	4.08
4.04	328.00	0.00	4.01
4.05	313.00	0.00	4.01
4.05	308.00	0.00	4.01
4.06	293.00	0.00	4.01
4.06	305.00	0.00	4.01
4.07	290.00	0.00	4.01
4.07	298.00	0.00	4.01
4.08	302.00	0.00	4.01
4.08	293.00	0.00	4.01
4.09	310.00	0.00	4.01
4.09	299.00	0.00	4.01
4.10	333.00	1.00	4.01
4.10	403.00	0.00	4.01
4.11	430.00	0.00	4.09
4.11	467.00	0.00	4.09
4.12	465.00	0.00	4.09
4.12	479.00	0.00	4.09
4.13	486.00	0.00	4.09
4.13	481.00	0.00	4.09
4.14	495.00	0.00	4.09
4.14	487.00	0.00	4.09
4.15	488.00	0.00	4.09
4.15	491.00	0.00	4.09
4.16	470.00	0.00	4.09
4.16	403.00	1.00	4.09
4.17	331.00	0.00	4.09
4.17	317.00	0.00	3.99
4.18	306.00	0.00	3.99
4.18	295.00	0.00	3.99
4.19	313.00	0.00	3.99
4.19	300.00	0.00	3.99
4.20	301.00	0.00	3.99
4.20	298.00	0.00	3.99
4.21	288.00	0.00	3.99
4.21	309.00	0.00	3.99
4.22	297.00	0.00	3.99
4.22	310.00	0.00	3.99
4.23	369.00	1.00	3.99
4.23	401.00	0.00	3.99
4.24	447.00	0.00	3.93
4.24	452.00	0.00	3.93
4.25	471.00	0.00	3.93
4.25	480.00	0.00	3.93
4.26	483.00	0.00	3.93
4.26	497.00	0.00	3.93
4.27	487.00	0.00	3.93
4.27	490.00	0.00	3.93
4.28	488.00	0.00	3.93
4.28	475.00	0.00	3.93
4.29	400.00	1.00	3.93
4.29	341.00	0.00	3.93
4.30	318.00	0.00	3.99
4.30	309.00	0.00	3.99
4.31	295.00	0.00	3.99
4.31	307.00	0.00	3.99
4.32	288.00	0.00	3.99
4.32	298.00	0.00	3.99
4.33	305.00	0.00	3.99
4.33	290.00	0.00	3.99
4.34	309.00	0.00	3.99
4.34	301.00	0.00	3.99
4.35	312.00	0.00	3.99
4.35	377.00	1.00	3.99
4.36	404.00	0.00	3.91
4.36	458.00	0.00	3.91
4.37	463.00	0.00	3.91
4.37	477.00	0.00	3.91
4.38	484.00	0.00	3.91
4.38	478.00	0.00	3.91
4.39	495.00	0.00	3.91
4.39	486.00	0.00	3.91
4.40	490.00	0.00	3.91
4.40	492.00	0.00	3.91
4.41	477.00	0.00	3.91
4.41	458.00	0.00	3.91
4.42	346.00	0.00	3.91
4.42	313.00	1.00	3.91
4.43	308.00	0.00	3.84
4.43	294.00	0.00	3.84
4.44	312.00	0.00	3.84
4.44	301.00	0.00	3.84
4.45	303.00	0.00	3.84
4.45	305.00	0.00	3.84
4.46	288.00	0.00	3.84
4.46	308.00	0.00	3.84
4.47	296.00	0.00	3.84
4.47	304.00	0.00	3.84
4.48	362.00	1.00	3.84
4.48	389.00	0.00	4.00
4.49	443.00	0.00	4.00
4.49	451.00	0.00	4.00
4.50	470.00	0.00	4.00
4.50	483.00	0.00	4.00
4.51	480.00	0.00	4.00
4.51	495.00	0.00	4.00
4.52	490.00	0.00	4.00
4.52	490.00	0.00	4.00
4.53	487.00	0.00	4.00
4.53	468.00	0.00	4.00
4.54	396.00	1.00	4.00
4.54	337.00	0.00	4.00
4.55	311.00	0.00	4.01
4.55	311.00	0.00	4.01
4.56	295.00	0.00	4.01
4.56	305.00	0.00	4.01
4.57	292.00	0.00	4.01
4.57	301.00	0.00	4.01
4.58	305.00	0.00	4.01
4.58	291.00	0.00	4.01
4.59	310.00	0.00	4.01
4.59	301.00	0.00	4.01
4.60	318.00	0.00	4.01
4.60	380.00	1.00	4.01
4.61	417.00	0.00	4.01
4.61	462.00	0.00	4.01
4.62	459.00	0.00	4.01
4.62	476.00	0.00	4.01
4.63	485.00	0.00	4.01
4.63	482.00	0.00	4.01
4.64	494.00	0.00	4.01
4.64	486.00	0.00	4.01
4.65	487.00	0.00	4.01
4.65	491.00	0.00	4.01
4.66	472.00	0.00	4.01
4.66	381.00	0.00	4.01
4.67	326.00	1.00	4.01
4.67	309.00	0.00	4.08
4.68	309.00	0.00	4.08
4.68	295.00	0.00	4.08
4.69	314.00	0.00	4.08
4.69	302.00	0.00	4.08
4.70	300.00	0.00	4.08
4.70	299.00	0.00	4.08
4.71	288.00	0.00	4.08
4.71	308.00	0.00	4.08
4.72	293.00	0.00	4.08
4.72	311.00	0.00	4.08
4.73	372.00	1.00	4.08
4.73	402.00	0.00	4.00
4.74	446.00	0.00	4.00
4.74	453.00	0.00	4.00
4.75	470.00	0.00	4.00
4.75	485.00	0.00	4.00
4.76	481.00	0.00	4.00
4.76	498.00	0.00	4.00
4.77	490.00	0.00	4.00
4.77	489.00	0.00	4.00
4.78	486.00	0.00	4.00
4.78	464.00	0.00	4.00
4.79	369.00	0.00	4.00
4.79	327.00	1.00	4.00
4.80	312.00	0.00	3.92
4.80	312.00	0.00	3.92
4.81	293.00	0.00	3.92
4.81	307.00	0.00	3.92
4.82	299.00	0.00	3.92
4.82	299.00	0.00	3.92
4.83	301.00	0.00	3.92
4.83	291.00	0.00	3.92
4.84	310.00	0.00	3.92
4.84	298.00	0.00	3.92
4.85	326.00	1.00	3.92
4.85	392.00	0.00	3.92
4.86	423.00	0.00	4.07
4.86	465.00	0.00	4.07
4.87	464.00	0.00	4.07
4.87	476.00	0.00	4.07
4.88	487.00	0.00	4.07
4.88	481.00	0.00	4.07
4.89	494.00	0.00	4.07
4.89	486.00	0.00	4.07
4.90	489.00	0.00	4.07
4.90	495.00	0.00	4.07
4.91	465.00	0.00	4.07
4.91	387.00	1.00	4.07
4.92	324.00	0.00	4.07
4.92	304.00	0.00	4.09
4.93	306.00	0.00	4.09
4.93	295.00	0.00	4.09
4.94	313.00	0.00	4.09
4.94	303.00	0.00	4.09
4.95	296.00	0.00	4.09
4.95	302.00	0.00	4.09
4.96	288.00	0.00	4.09
4.96	307.00	0.00	4.09
4.97	295.00	0.00	4.09
4.97	314.00	0.00	4.09
4.98	381.00	1.00	4.09
4.98	402.00	0.00	4.00
4.99	450.00	0.00	4.00
4.99	458.00	0.00	4.00
5.00	473.00	0.00	4.00
5.00	485.00	0.00	4.00
5.01	481.00	0.00	4.00
5.01	496.00	0.00	4.00
5.02	490.00	0.00	4.00
5.02	491.00	0.00	4.00
5.03	486.00	0.00	4.00
5.03	456.00	1.00	4.00
5.04	378.00	0.00	4.17
5.04	328.00	0.00	4.17
5.05	310.00	0.00	4.17
5.05	309.00	0.00	4.17
5.06	292.00	0.00	4.17
5.06	306.00	0.00	4.17
5.07	291.00	0.00	4.17
5.07	297.00	0.00	4.17
5.08	304.00	0.00	4.17
5.08	291.00	0.00	4.17
5.09	307.00	0.00	4.17
5.09	586.00	0.00	4.17
5.10	327.00	0.00	4.17
5.10	395.00	1.00	4.17
5.11	421.00	0.00	3.92
5.11	466.00	0.00	3.92
5.12	467.00	0.00	3.92
5.12	476.00	0.00	3.92
5.13	489.00	0.00	3.92
5.13	479.00	0.00	3.92
5.14	493.00	0.00	3.92
5.14	488.00	0.00	3.92
5.15	486.00	0.00	3.92
5.15	492.00	0.00	3.92
5.16	463.00	0.00	3.92
5.16	384.00	1.00	3.92
5.17	327.00	0.00	3.92
5.17	308.00	0.00	4.00
5.18	308.00	0.00	4.00
5.18	294.00	0.00	4.00
5.19	309.00	0.00	4.00
5.19	297.00	0.00	4.00
5.20	295.00	0.00	4.00
5.20	306.00	0.00	4.00
5.21	288.00	0.00	4.00
5.21	306.00	0.00	4.00
5.22	299.00	0.00	4.00
5.22	309.00	0.00	4.00
5.23	385.00	1.00	4.00
5.23	403.00	0.00	4.00
5.24	449.00	0.00	3.99
5.24	463.00	0.00	3.99
5.25	471.00	0.00	3.99
5.25	483.00	0.00	3.99
5.26	482.00	0.00	3.99
5.26	496.00	0.00	3.99
5.27	489.00	0.00	3.99
5.27	490.00	0.00	3.99
5.28	486.00	0.00	3.99
5.28	458.00	0.00	3.99
5.29	378.00	1.00	3.99
5.29	332.00	0.00	3.99
5.30	306.00	0.00	3.92
5.30	314.00	0.00	3.92
5.31	292.00	0.00	3.92
5.31	305.00	0.00	3.92
5.32	298.00	0.00	3.92
5.32	297.00	0.00	3.92
5.33	304.00	0.00	3.92
5.33	292.00	0.00	3.92
5.34	308.00	0.00	3.92
5.34	300.00	0.00	3.92
5.35	333.00	1.00	3.92
5.35	399.00	0.00	4.07
5.36	424.00	0.00	4.07
5.36	464.00	0.00	4.07
5.37	467.00	0.00	4.07
5.37	477.00	0.00	4.07
5.38	485.00	0.00	4.07
5.38	480.00	0.00	4.07
5.39	495.00	0.00	4.07
5.39	485.00	0.00	4.07
5.40	485.00	0.00	4.07
5.40	492.00	0.00	4.07
5.41	462.00	0.00	4.07
5.41	367.00	0.00	4.07
5.42	324.00	1.00	4.07
5.42	305.00	0.00	4.07
5.43	310.00	0.00	3.92
5.43	296.00	0.00	3.92
5.44	313.00	0.00	3.92
5.44	302.00	0.00	3.92
5.45	296.00	0.00	3.92
5.45	303.00	0.00	3.92
5.46	289.00	0.00	3.92
5.46	307.00	0.00	3.92
5.47	297.00	0.00	3.92
5.47	344.00	1.00	3.92
5.48	398.00	0.00	4.08
5.48	420.00	0.00	4.08
5.49	459.00	0.00	4.08
5.49	465.00	0.00	4.08
5.50	474.00	0.00	4.08
5.50	491.00	0.00	4.08
5.51	483.00	0.00	4.08
5.51	496.00	0.00	4.08
5.52	490.00	0.00	4.08
5.52	483.00	0.00	4.08
5.53	482.00	0.00	4.08
5.53	391.00	0.00	4.08
5.54	351.00	1.00	4.08
5.54	315.00	0.00	4.01
5.55	304.00	0.00	4.01
5.55	310.00	0.00	4.01
5.56	291.00	0.00	4.01
5.56	303.00	0.00	4.01
5.57	297.00	0.00	4.01
5.57	294.00	0.00	4.01
5.58	305.00	0.00	4.01
5.58	293.00	0.00	4.01
5.59	309.00	0.00	4.01
5.59	322.00	0.00	4.01
5.60	388.00	1.00	4.01
5.60	442.00	0.00	4.00
5.61	453.00	0.00	4.00
5.61	473.00	0.00	4.00
5.62	476.00	0.00	4.00
5.62	484.00	0.00	4.00
5.63	494.00	0.00	4.00
5.63	483.00	0.00	4.00
5.64	495.00	0.00	4.00
5.64	490.00	0.00	4.00
5.65	483.00	0.00	4.00
5.65	478.00	0.00	4.00
5.66	363.00	0.00	4.00
5.66	334.00	1.00	4.00
5.67	303.00	0.00	4.08
5.67	296.00	0.00	4.08
5.68	311.00	0.00	4.08
5.68	296.00	0.00	4.08
5.69	306.00	0.00	4.08
5.69	298.00	0.00	4.08
5.70	294.00	0.00	4.08
5.70	307.00	0.00	4.08
5.71	291.00	0.00	4.08
5.71	309.00	0.00	4.08
5.72	350.00	1.00	4.08
5.72	388.00	0.00	4.08
5.73	431.00	0.00	4.08
5.73	448.00	0.00	4.08
5.74	473.00	0.00	4.08
5.74	475.00	0.00	4.08
5.75	484.00	0.00	4.08
5.75	494.00	0.00	4.08
5.76	488.00	0.00	4.08
5.76	495.00	0.00	4.08
5.77	488.00	0.00	4.08
5.77	482.00	0.00	4.08
5.78	436.00	1.00	4.08
5.78	348.00	0.00	4.16
5.79	333.00	0.00	4.16
5.79	309.00	0.00	4.16
5.80	300.00	0.00	4.16
5.80	305.00	0.00	4.16
5.81	287.00	0.00	4.16
5.81	307.00	0.00	4.16
5.82	295.00	0.00	4.16
5.82	293.00	0.00	4.16
5.83	306.00	0.00	4.16
5.83	295.00	0.00	4.16
5.84	315.00	0.00	4.16
5.84	360.00	1.00	4.16
5.85	408.00	0.00	4.16
5.85	455.00	0.00	4.10
5.86	457.00	0.00	4.10
5.86	481.00	0.00	4.10
5.87	477.00	0.00	4.10
5.87	481.00	0.00	4.10
5.88	495.00	0.00	4.10
5.88	483.00	0.00	4.10
5.89	491.00	0.00	4.10
5.89	490.00	0.00	4.10
5.90	485.00	0.00	4.10
5.90	459.00	0.00	4.10
5.91	353.00	0.00	4.10
5.91	331.00	1.00	4.10
5.92	304.00	0.00	4.01
5.92	298.00	0.00	4.01
5.93	313.00	0.00	4.01
5.93	295.00	0.00	4.01
5.94	310.00	0.00	4.01
5.94	294.00	0.00	4.01
5.95	290.00	0.00	4.01
5.95	305.00	0.00	4.01
5.96	292.00	0.00	4.01
5.96	311.00	0.00	4.01
5.97	336.00	0.00	4.01
5.97	387.00	1.00	4.01
5.98	433.00	0.00	3.92
5.98	443.00	0.00	3.92
5.99	468.00	0.00	3.92
5.99	476.00	0.00	3.92
6.00	480.00	0.00	3.92
6.00	493.00	0.00	3.92
6.01	487.00	0.00	3.92
6.01	498.00	0.00	3.92
6.02	488.00	0.00	3.92
6.02	477.00	0.00	3.92
6.03	472.00	0.00	3.92
6.03	358.00	0.00	3.92
6.04	338.00	0.00	3.92
6.04	314.00	1.00	3.92
6.05	299.00	0.00	3.92
6.05	308.00	0.00	3.77
6.06	289.00	0.00	3.77
6.06	305.00	0.00	3.77
6.07	297.00	0.00	3.77
6.07	291.00	0.00	3.77
6.08	308.00	0.00	3.77
6.08	293.00	0.00	3.77
6.09	309.00	0.00	3.77
6.09	331.00	0.00	3.77
6.10	385.00	1.00	3.77
6.10	440.00	0.00	3.92
6.11	449.00	0.00	3.92
6.11	473.00	0.00	3.92
6.12	478.00	0.00	3.92
6.12	480.00	0.00	3.92
6.13	491.00	0.00	3.92
6.13	481.00	0.00	3.92
6.14	495.00	0.00	3.92
6.14	491.00	0.00	3.92
6.15	484.00	0.00	3.92
6.15	488.00	0.00	3.92
6.16	409.00	1.00	3.92
6.16	347.00	0.00	3.92
6.17	313.00	0.00	4.07
6.17	293.00	0.00	4.07
6.18	310.00	0.00	4.07
6.18	294.00	0.00	4.07
6.19	305.00	0.00	4.07
6.19	302.00	0.00	4.07
6.20	295.00	0.00	4.07
6.20	306.00	0.00	4.07
6.21	288.00	0.00	4.07
6.21	306.00	0.00	4.07
6.22	303.00	0.00	4.07
6.22	324.00	1.00	4.07
6.23	396.00	0.00	4.01
6.23	412.00	0.00	4.01
6.24	450.00	0.00	4.01
6.24	465.00	0.00	4.01
6.25	472.00	0.00	4.01
6.25	484.00	0.00	4.01
6.26	483.00	0.00	4.01
6.26	495.00	0.00	4.01
6.27	491.00	0.00	4.01
6.27	485.00	0.00	4.01
6.28	492.00	0.00	4.01
6.28	468.00	0.00	4.01
6.29	391.00	1.00	4.01
6.29	341.00	0.00	4.09
6.30	308.00	0.00	4.09
6.30	315.00	0.00	4.09
6.31	294.00	0.00	4.09
6.31	306.00	0.00	4.09
6.32	297.00	0.00	4.09
6.32	296.00	0.00	4.09
6.33	308.00	0.00	4.09
6.33	290.00	0.00	4.09
6.34	303.00	0.00	4.09
6.34	302.00	0.00	4.09
6.35	301.00	0.00	4.09
6.35	357.00	1.00	4.09
6.36	384.00	0.00	3.91
6.36	441.00	0.00	3.91
6.37	461.00	0.00	3.91
6.37	469.00	0.00	3.91
6.38	490.00	0.00	3.91
6.38	478.00	0.00	3.91
6.39	492.00	0.00	3.91
6.39	486.00	0.00	3.91
6.40	487.00	0.00	3.91
6.40	494.00	0.00	3.91
6.41	482.00	0.00	3.91
6.41	480.00	0.00	3.91
6.42	396.00	1.00	3.91
6.42	325.00	0.00	3.91
6.43	317.00	0.00	3.86
6.43	291.00	0.00	3.86
6.44	305.00	0.00	3.86
6.44	305.00	0.00	3.86
6.45	301.00	0.00	3.86
6.45	310.00	0.00	3.86
6.46	289.00	0.00	3.86
6.46	303.00	0.00	3.86
6.47	298.00	0.00	3.86
6.47	295.00	0.00	3.86
6.48	312.00	0.00	3.86
6.48	330.00	0.00	3.86
6.49	390.00	1.00	3.86
6.49	427.00	0.00	3.77
6.50	443.00	0.00	3.77
6.50	470.00	0.00	3.77
6.51	472.00	0.00	3.77
6.51	484.00	0.00	3.77
6.52	487.00	0.00	3.77
6.52	489.00	0.00	3.77
6.53	498.00	0.00	3.77
6.53	485.00	0.00	3.77
6.54	484.00	0.00	3.77
6.54	469.00	0.00	3.77
6.55	378.00	0.00	3.77
6.55	341.00	1.00	3.77
6.56	305.00	0.00	3.77
6.56	309.00	0.00	3.77
6.57	304.00	0.00	3.77
6.57	294.00	0.00	3.77
6.58	304.00	0.00	3.77
6.58	294.00	0.00	3.77
6.59	304.00	0.00	3.77
6.59	296.00	0.00	3.77
6.60	293.00	0.00	3.77
6.60	311.00	0.00	3.77
6.61	297.00	0.00	3.77
6.61	349.00	1.00	3.77
6.62	391.00	0.00	3.84
6.62	430.00	0.00	3.84
6.63	467.00	0.00	3.84
6.63	461.00	0.00	3.84
6.64	480.00	0.00	3.84
6.64	482.00	0.00	3.84
6.65	483.00	0.00	3.84
6.65	495.00	0.00	3.84
6.66	482.00	0.00	3.84
6.66	494.00	0.00	3.84
6.67	491.00	0.00	3.84
6.67	480.00	0.00	3.84
6.68	447.00	1.00	3.84
6.68	339.00	0.00	3.85
6.69	320.00	0.00	3.85
6.69	301.00	0.00	3.85
6.70	295.00	0.00	3.85
6.70	312.00	0.00	3.85
6.71	297.00	0.00	3.85
6.71	305.00	0.00	3.85
6.72	300.00	0.00	3.85
6.72	289.00	0.00	3.85
6.73	305.00	0.00	3.85
6.73	291.00	0.00	3.85
6.74	300.00	0.00	3.85
6.74	310.00	0.00	3.85
6.75	351.00	1.00	3.85
6.75	411.00	0.00	3.84
6.76	429.00	0.00	3.84
6.76	457.00	0.00	3.84
6.77	474.00	0.00	3.84
6.77	476.00	0.00	3.84
6.78	492.00	0.00	3.84
6.78	485.00	0.00	3.84
6.79	495.00	0.00	3.84
6.79	493.00	0.00	3.84
6.80	485.00	0.00	3.84
6.80	487.00	0.00	3.84
6.81	456.00	1.00	3.84
6.81	364.00	0.00	3.84
6.82	330.00	0.00	3.94
6.82	304.00	0.00	3.94
6.83	315.00	0.00	3.94
6.83	293.00	0.00	3.94
6.84	298.00	0.00	3.94
6.84	297.00	0.00	3.94
6.85	295.00	0.00	3.94
6.85	307.00	0.00	3.94
6.86	290.00	0.00	3.94
6.86	307.00	0.00	3.94
6.87	306.00	0.00	3.94
6.87	303.00	0.00	3.94
6.88	377.00	1.00	3.94
6.88	396.00	0.00	3.94
6.89	445.00	0.00	3.94
6.89	467.00	0.00	3.77
6.90	469.00	0.00	3.77
6.90	485.00	0.00	3.77
6.91	479.00	0.00	3.77
6.91	489.00	0.00	3.77
6.92	488.00	0.00	3.77
6.92	485.00	0.00	3.77
6.93	496.00	0.00	3.77
6.93	481.00	0.00	3.77
6.94	471.00	0.00	3.77
6.94	390.00	1.00	3.77
6.95	333.00	0.00	3.77
6.95	317.00	0.00	3.76
6.96	295.00	0.00	3.76
6.96	304.00	0.00	3.76
6.97	307.00	0.00	3.76
6.97	296.00	0.00	3.76
6.98	312.00	0.00	3.76
6.98	292.00	0.00	3.76
6.99	299.00	0.00	3.76
6.99	295.00	0.00	3.76
7.00	293.00	0.00	3.76
7.00	310.00	0.00	3.76
7.01	304.00	0.00	3.76
7.01	379.00	1.00	3.76
7.02	411.00	0.00	3.77
7.02	438.00	0.00	3.77
7.03	466.00	0.00	3.77
7.03	465.00	0.00	3.77
7.04	480.00	0.00	3.77
7.04	488.00	0.00	3.77
7.05	488.00	0.00	3.77
7.05	501.00	0.00	3.77
7.06	487.00	0.00	3.77
7.06	490.00	0.00	3.77
7.07	482.00	0.00	3.77
7.07	440.00	1.00	3.77
7.08	366.00	0.00	3.77
7.08	318.00	0.00	3.77
7.09	314.00	0.00	3.77
7.09	308.00	0.00	3.77
7.10	294.00	0.00	3.77
7.10	306.00	0.00	3.77
7.11	293.00	0.00	3.77
7.11	302.00	0.00	3.77
7.12	298.00	0.00	3.77
7.12	290.00	0.00	3.77
7.13	310.00	0.00	3.77
7.13	296.00	0.00	3.77
7.14	313.00	0.00	3.77
7.14	374.00	1.00	3.77
7.15	403.00	0.00	3.77
7.15	458.00	0.00	3.78
7.16	459.00	0.00	3.78
7.16	477.00	0.00	3.78
7.17	485.00	0.00	3.78
7.17	481.00	0.00	3.78
7.18	495.00	0.00	3.78
7.18	482.00	0.00	3.78
7.19	491.00	0.00	3.78
7.19	488.00	0.00	3.78
7.20	482.00	0.00	3.78
7.20	481.00	0.00	3.78
7.21	376.00	0.00	3.78
7.21	336.00	1.00	3.78
7.22	311.00	0.00	3.78
7.22	294.00	0.00	3.71
7.23	311.00	0.00	3.71
7.23	296.00	0.00	3.71
7.24	302.00	0.00	3.71
7.24	304.00	0.00	3.71
7.25	294.00	0.00	3.71
7.25	306.00	0.00	3.71
7.26	291.00	0.00	3.71
7.26	306.00	0.00	3.71
7.27	309.00	0.00	3.71
7.27	335.00	1.00	3.71
7.28	403.00	0.00	3.85
7.28	422.00	0.00	3.85
7.29	452.00	0.00	3.85
7.29	468.00	0.00	3.85
7.30	474.00	0.00	3.85
7.30	488.00	0.00	3.85
7.31	484.00	0.00	3.85
7.31	493.00	0.00	3.85
7.32	492.00	0.00	3.85
7.32	486.00	0.00	3.85
7.33	487.00	0.00	3.85
7.33	467.00	0.00	3.85
7.34	399.00	1.00	3.85
7.34	343.00	0.00	3.78
7.35	309.00	0.00	3.78
7.35	316.00	0.00	3.78
7.36	296.00	0.00	3.78
7.36	302.00	0.00	3.78
7.37	296.00	0.00	3.78
7.37	293.00	0.00	3.78
7.38	308.00	0.00	3.78
7.38	289.00	0.00	3.78
7.39	298.00	0.00	3.78
7.39	306.00	0.00	3.78
7.40	301.00	0.00	3.78
7.40	359.00	1.00	3.78
7.41	401.00	0.00	3.78
7.41	443.00	0.00	3.85
7.42	464.00	0.00	3.85
7.42	468.00	0.00	3.85
7.43	486.00	0.00	3.85
7.43	478.00	0.00	3.85
7.44	486.00	0.00	3.85
7.44	491.00	0.00	3.85
7.45	486.00	0.00	3.85
7.45	495.00	0.00	3.85
7.46	482.00	0.00	3.85
7.46	490.00	0.00	3.85
7.47	437.00	1.00	3.85
7.47	346.00	0.00	3.85
7.48	321.00	0.00	3.92
7.48	296.00	0.00	3.92
7.49	305.00	0.00	3.92
7.49	309.00	0.00	3.92
7.50	296.00	0.00	3.92
7.50	313.00	0.00	3.92
7.51	294.00	0.00	3.92
7.51	294.00	0.00	3.92
7.52	298.00	0.00	3.92
7.52	292.00	0.00	3.92
7.53	309.00	0.00	3.92
7.53	308.00	0.00	3.92
7.54	379.00	1.00	3.92
7.54	414.00	0.00	3.92
7.55	436.00	0.00	3.92
7.55	467.00	0.00	3.77
7.56	467.00	0.00	3.77
7.56	482.00	0.00	3.77
7.57	491.00	0.00	3.77
7.57	486.00	0.00	3.77
7.58	498.00	0.00	3.77
7.58	486.00	0.00	3.77
7.59	493.00	0.00	3.77
7.59	485.00	0.00	3.77
7.60	450.00	1.00	3.77
7.60	374.00	0.00	3.84
7.61	323.00	0.00	3.84
7.61	313.00	0.00	3.84
7.62	307.00	0.00	3.84
7.62	293.00	0.00	3.84
7.63	306.00	0.00	3.84
7.63	288.00	0.00	3.84
7.64	301.00	0.00	3.84
7.64	301.00	0.00	3.84
7.65	292.00	0.00	3.84
7.65	309.00	0.00	3.84
7.66	297.00	0.00	3.84
7.66	317.00	0.00	3.84
7.67	379.00	1.00	3.84
7.67	405.00	0.00	3.84
7.68	461.00	0.00	3.76
7.68	459.00	0.00	3.76
7.69	476.00	0.00	3.76
7.69	488.00	0.00	3.76
7.70	479.00	0.00	3.76
7.70	493.00	0.00	3.76
7.71	488.00	0.00	3.76
7.71	490.00	0.00	3.76
7.72	490.00	0.00	3.76
7.72	482.00	0.00	3.76
7.73	491.00	0.00	3.76
7.73	418.00	1.00	3.76
7.74	339.00	0.00	3.78
7.74	318.00	0.00	3.78
7.75	296.00	0.00	3.78
7.75	311.00	0.00	3.78
7.76	296.00	0.00	3.78
7.76	307.00	0.00	3.78
7.77	307.00	0.00	3.78
7.77	292.00	0.00	3.78
7.78	304.00	0.00	3.78
7.78	291.00	0.00	3.78
7.79	302.00	0.00	3.78
7.79	308.00	0.00	3.78
7.80	318.00	0.00	3.78
7.80	388.00	1.00	3.78
7.81	415.00	0.00	3.78
7.81	447.00	0.00	3.78
7.82	466.00	0.00	3.78
7.82	469.00	0.00	3.78
7.83	484.00	0.00	3.78
7.83	486.00	0.00	3.78
7.84	492.00	0.00	3.78
7.84	492.00	0.00	3.78
7.85	486.00	0.00	3.78
7.85	495.00	0.00	3.78
7.86	475.00	0.00	3.78
7.86	438.00	1.00	3.78
7.87	361.00	0.00	3.78
7.87	315.00	0.00	3.77
7.88	318.00	0.00	3.77
7.88	298.00	0.00	3.77
7.89	298.00	0.00	3.77
7.89	303.00	0.00	3.77
7.90	292.00	0.00	3.77
7.90	308.00	0.00	3.77
7.91	292.00	0.00	3.77
7.91	302.00	0.00	3.77
7.92	307.00	0.00	3.77
7.92	297.00	0.00	3.77
7.93	322.00	0.00	3.77
7.93	371.00	1.00	3.77
7.94	415.00	0.00	3.77
7.94	448.00	0.00	3.77
7.95	460.00	0.00	3.77
7.95	482.00	0.00	3.77
7.96	476.00	0.00	3.77
7.96	486.00	0.00	3.77
7.97	491.00	0.00	3.77
7.97	485.00	0.00	3.77
7.98	496.00	0.00	3.77
7.98	485.00	0.00	3.77
7.99	487.00	0.00	3.77
7.99	481.00	0.00	3.77
8.00	404.00	1.00	3.77
8.00	341.00	0.00	3.77
8.01	306.00	0.00	3.77
8.01	304.00	0.00	3.77
8.02	308.00	0.00	3.77
8.02	296.00	0.00	3.77
8.03	310.00	0.00	3.77
8.03	296.00	0.00	3.77
8.04	300.00	0.00	3.77
8.04	303.00	0.00	3.77
8.05	289.00	0.00	3.77
8.05	310.00	0.00	3.77
8.06	298.00	0.00	3.77
8.06	321.00	0.00	3.77
8.07	374.00	1.00	3.77
8.07	405.00	0.00	3.78
8.08	448.00	0.00	3.78
8.08	457.00	0.00	3.78
8.09	474.00	0.00	3.78
8.09	481.00	0.00	3.78
8.10	483.00	0.00	3.78
8.10	496.00	0.00	3.78
8.11	489.00	0.00	3.78
8.11	489.00	0.00	3.78
8.12	491.00	0.00	3.78
8.12	474.00	0.00	3.78
8.13	446.00	1.00	3.78
8.13	355.00	0.00	3.78
8.14	319.00	0.00	3.78
8.14	316.00	0.00	3.78
8.15	299.00	0.00	3.78
8.15	308.00	0.00	3.78
8.16	293.00	0.00	3.78
8.16	299.00	0.00	3.78
8.17	305.00	0.00	3.78
8.17	292.00	0.00	3.78
8.18	307.00	0.00	3.78
8.18	297.00	0.00	3.78
8.19	300.00	0.00	3.78
8.19	311.00	0.00	3.78
8.20	357.00	1.00	3.78
8.20	416.00	0.00	3.78
8.21	444.00	0.00	3.78
8.21	464.00	0.00	3.78
8.22	473.00	0.00	3.78
8.22	475.00	0.00	3.78
8.23	490.00	0.00	3.78
8.23	486.00	0.00	3.78
8.24	491.00	0.00	3.78
8.24	492.00	0.00	3.78
8.25	482.00	0.00	3.78
8.25	495.00	0.00	3.78
8.26	474.00	0.00	3.78
8.26	388.00	1.00	3.78
8.27	341.00	0.00	3.78
8.27	307.00	0.00	3.76
8.28	309.00	0.00	3.76
8.28	297.00	0.00	3.76
8.29	300.00	0.00	3.76
8.29	311.00	0.00	3.76
8.30	296.00	0.00	3.76
8.30	308.00	0.00	3.76
8.31	293.00	0.00	3.76
8.31	297.00	0.00	3.76
8.32	303.00	0.00	3.76
8.32	292.00	0.00	3.76
8.33	325.00	0.00	3.76
8.33	358.00	1.00	3.76
8.34	407.00	0.00	3.76
8.34	444.00	0.00	3.77
8.35	454.00	0.00	3.77
8.35	476.00	0.00	3.77
8.36	476.00	0.00	3.77
8.36	486.00	0.00	3.77
8.37	493.00	0.00	3.77
8.37	488.00	0.00	3.77
8.38	495.00	0.00	3.77
8.38	485.00	0.00	3.77
8.39	478.00	0.00	3.77
8.39	457.00	1.00	3.77
8.40	362.00	0.00	3.78
8.40	334.00	0.00	3.78
8.41	307.00	0.00	3.78
8.41	309.00	0.00	3.78
8.42	308.00	0.00	3.78
8.42	291.00	0.00	3.78
8.43	303.00	0.00	3.78
8.43	298.00	0.00	3.78
8.44	299.00	0.00	3.78
8.44	305.00	0.00	3.78
8.45	293.00	0.00	3.78
8.45	312.00	0.00	3.78
8.46	307.00	0.00	3.78
8.46	348.00	1.00	3.78
8.47	399.00	0.00	3.78
8.47	433.00	0.00	3.77
8.48	468.00	0.00	3.77
8.48	465.00	0.00	3.77
8.49	478.00	0.00	3.77
8.49	488.00	0.00	3.77
8.50	482.00	0.00	3.77
8.50	496.00	0.00	3.77
8.51	486.00	0.00	3.77
8.51	492.00	0.00	3.77
8.52	494.00	0.00	3.77
8.52	480.00	0.00	3.77
8.53	417.00	1.00	3.77
8.53	342.00	0.00	3.77
8.54	316.00	0.00	3.77
8.54	311.00	0.00	3.77
8.55	294.00	0.00	3.77
8.55	313.00	0.00	3.77
8.56	303.00	0.00	3.77
8.56	303.00	0.00	3.77
8.57	304.00	0.00	3.77
8.57	289.00	0.00	3.77
8.58	307.00	0.00	3.77
8.58	297.00	0.00	3.77
8.59	298.00	0.00	3.77
8.59	311.00	0.00	3.77
8.60	359.00	1.00	3.77
8.60	409.00	0.00	3.77
8.61	430.00	0.00	3.76
8.61	456.00	0.00	3.76
8.62	472.00	0.00	3.76
8.62	474.00	0.00	3.76
8.63	492.00	0.00	3.76
8.63	484.00	0.00	3.76
8.64	489.00	0.00	3.76
8.64	497.00	0.00	3.76
8.65	482.00	0.00	3.76
8.65	488.00	0.00	3.76
8.66	442.00	1.00	3.76
8.66	362.00	0.00	3.76
8.67	332.00	0.00	3.77
8.67	303.00	0.00	3.77
8.68	313.00	0.00	3.77
8.68	299.00	0.00	3.77
8.69	296.00	0.00	3.77
8.69	298.00	0.00	3.77
8.70	293.00	0.00	3.77
8.70	307.00	0.00	3.77
8.71	298.00	0.00	3.77
8.71	298.00	0.00	3.77
8.72	307.00	0.00	3.77
8.72	300.00	0.00	3.77
8.73	362.00	1.00	3.77
8.73	388.00	0.00	3.77
8.74	438.00	0.00	3.77
8.74	466.00	0.00	3.77
8.75	464.00	0.00	3.77
8.75	484.00	0.00	3.77
8.76	480.00	0.00	3.77
8.76	487.00	0.00	3.77
8.77	493.00	0.00	3.77
8.77	485.00	0.00	3.77
8.78	497.00	0.00	3.77
8.78	487.00	0.00	3.77
8.79	485.00	0.00	3.77
8.79	441.00	1.00	3.77
8.80	347.00	0.00	3.77
8.80	329.00	0.00	3.77
8.81	301.00	0.00	3.77
8.81	299.00	0.00	3.77
8.82	307.00	0.00	3.77
8.82	296.00	0.00	3.77
8.83	311.00	0.00	3.77
8.83	294.00	0.00	3.77
8.84	294.00	0.00	3.77
8.84	303.00	0.00	3.77
8.85	289.00	0.00	3.77
8.85	308.00	0.00	3.77
8.86	296.00	0.00	3.77
8.86	341.00	1.00	3.77
8.87	395.00	0.00	3.77
8.87	416.00	0.00	3.77
8.88	454.00	0.00	3.77
8.88	462.00	0.00	3.77
8.89	474.00	0.00	3.77
8.89	489.00	0.00	3.77
8.90	485.00	0.00	3.77
8.90	497.00	0.00	3.77
8.91	490.00	0.00	3.77
8.91	491.00	0.00	3.77
8.92	490.00	0.00	3.77
8.92	472.00	0.00	3.77
8.93	430.00	1.00	3.77
8.93	347.00	0.00	3.77
8.94	323.00	0.00	3.71
8.94	316.00	0.00	3.71
8.95	296.00	0.00	3.71
8.95	308.00	0.00	3.71
8.96	292.00	0.00	3.71
8.96	294.00	0.00	3.71
8.97	306.00	0.00	3.71
8.97	291.00	0.00	3.71
8.98	304.00	0.00	3.71
8.98	296.00	0.00	3.71
8.99	298.00	0.00	3.71
8.99	318.00	0.00	3.71
9.00	349.00	1.00	3.71
9.00	415.00	0.00	3.71
9.01	438.00	0.00	3.71
9.01	462.00	0.00	3.71
9.02	479.00	0.00	3.71
9.02	474.00	0.00	3.71
9.03	488.00	0.00	3.71
9.03	484.00	0.00	3.71
9.04	490.00	0.00	3.71
9.04	494.00	0.00	3.71
9.05	485.00	0.00	3.71
9.05	494.00	0.00	3.71
9.06	479.00	0.00	3.71
9.06	444.00	1.00	3.71
9.07	357.00	0.00	3.71
9.07	311.00	0.00	3.71
9.08	313.00	0.00	3.71
9.08	300.00	0.00	3.71
9.09	300.00	0.00	3.71
9.09	308.00	0.00	3.71
9.10	294.00	0.00	3.71
9.10	308.00	0.00	3.71
9.11	296.00	0.00	3.71
9.11	294.00	0.00	3.71
9.12	303.00	0.00	3.71
9.12	292.00	0.00	3.71
9.13	313.00	0.00	3.71
9.13	342.00	1.00	3.71
9.14	394.00	0.00	3.71
9.14	435.00	0.00	3.71
9.15	447.00	0.00	3.71
9.15	472.00	0.00	3.71
9.16	476.00	0.00	3.71
9.16	481.00	0.00	3.71
9.17	494.00	0.00	3.71
9.17	487.00	0.00	3.71
9.18	500.00	0.00	3.71
9.18	491.00	0.00	3.71
9.19	488.00	0.00	3.71
9.19	486.00	0.00	3.71
9.20	420.00	1.00	3.71
9.20	361.00	0.00	3.71
9.21	322.00	0.00	3.70
9.21	308.00	0.00	3.70
9.22	313.00	0.00	3.70
9.22	292.00	0.00	3.70
9.23	305.00	0.00	3.70
9.23	299.00	0.00	3.70
9.24	298.00	0.00	3.70
9.24	304.00	0.00	3.70
9.25	289.00	0.00	3.70
9.25	307.00	0.00	3.70
9.26	298.00	0.00	3.70
9.26	310.00	0.00	3.70
9.27	375.00	1.00	3.70
9.27	407.00	0.00	3.70
9.28	455.00	0.00	3.70
9.28	463.00	0.00	3.70
9.29	471.00	0.00	3.70
9.29	486.00	0.00	3.70
9.30	479.00	0.00	3.70
9.30	494.00	0.00	3.70
9.31	486.00	0.00	3.70
9.31	487.00	0.00	3.70
9.32	496.00	0.00	3.70
9.32	481.00	0.00	3.70
9.33	490.00	0.00	3.70
9.33	423.00	1.00	3.70
9.34	347.00	0.00	3.70
9.34	323.00	0.00	3.70
9.35	294.00	0.00	3.69
9.35	307.00	0.00	3.69
9.36	300.00	0.00	3.69
9.36	298.00	0.00	3.69
9.37	311.00	0.00	3.69
9.37	293.00	0.00	3.69
9.38	298.00	0.00	3.69
9.38	295.00	0.00	3.69
9.39	297.00	0.00	3.69
9.39	310.00	0.00	3.69
9.40	301.00	0.00	3.69
9.40	373.00	1.00	3.69
9.41	407.00	0.00	3.70
9.41	435.00	0.00	3.70
9.42	459.00	0.00	3.70
9.42	465.00	0.00	3.70
9.43	483.00	0.00	3.70
9.43	485.00	0.00	3.70
9.44	488.00	0.00	3.70
9.44	496.00	0.00	3.70
9.45	487.00	0.00	3.70
9.45	498.00	0.00	3.70
9.46	483.00	0.00	3.70
9.46	472.00	0.00	3.70
9.47	399.00	1.00	3.70
9.47	336.00	0.00	3.70
9.48	324.00	0.00	3.70
9.48	305.00	0.00	3.70
9.49	299.00	0.00	3.70
9.49	309.00	0.00	3.70
9.50	288.00	0.00	3.70
9.50	304.00	0.00	3.70
9.51	301.00	0.00	3.70
9.51	291.00	0.00	3.70
9.52	309.00	0.00	3.70
9.52	295.00	0.00	3.70
9.53	310.00	0.00	3.70
9.53	322.00	0.00	3.70
9.54	378.00	1.00	3.70
9.54	433.00	0.00	3.71
9.55	447.00	0.00	3.71
9.55	473.00	0.00	3.71
9.56	476.00	0.00	3.71
9.56	484.00	0.00	3.71
9.57	490.00	0.00	3.71
9.57	482.00	0.00	3.71
9.58	494.00	0.00	3.71
9.58	491.00	0.00	3.71
9.59	487.00	0.00	3.71
9.59	493.00	0.00	3.71
9.60	470.00	0.00	3.71
9.60	415.00	1.00	3.71
9.61	341.00	0.00	3.71
9.61	307.00	0.00	3.71
9.62	309.00	0.00	3.71
9.62	294.00	0.00	3.71
9.63	303.00	0.00	3.71
9.63	301.00	0.00	3.71
9.64	297.00	0.00	3.71
9.64	307.00	0.00	3.71
9.65	288.00	0.00	3.71
9.65	301.00	0.00	3.71
9.66	299.00	0.00	3.71
9.66	299.00	0.00	3.71
9.67	330.00	0.00	3.71
9.67	364.00	1.00	3.71
9.68	413.00	0.00	3.70
9.68	441.00	0.00	3.70
9.69	456.00	0.00	3.70
9.69	472.00	0.00	3.70
9.70	473.00	0.00	3.70
9.70	490.00	0.00	3.70
9.71	489.00	0.00	3.70
9.71	491.00	0.00	3.70
9.72	495.00	0.00	3.70
9.72	486.00	0.00	3.70
9.73	489.00	0.00	3.70
9.73	471.00	0.00	3.70
9.74	371.00	0.00	3.70
9.74	346.00	1.00	3.70
9.75	309.00	0.00	3.70
9.75	314.00	0.00	3.63
9.76	303.00	0.00	3.63
9.76	295.00	0.00	3.63
9.77	301.00	0.00	3.63
9.77	292.00	0.00	3.63
9.78	306.00	0.00	3.63
9.78	300.00	0.00	3.63
9.79	295.00	0.00	3.63
9.79	308.00	0.00	3.63
9.80	298.00	0.00	3.63
9.80	330.00	1.00	3.63
9.81	375.00	0.00	3.63
9.81	418.00	0.00	3.77
9.82	459.00	0.00	3.77
9.82	461.00	0.00	3.77
9.83	478.00	0.00	3.77
9.83	481.00	0.00	3.77
9.84	482.00	0.00	3.77
9.84	492.00	0.00	3.77
9.85	482.00	0.00	3.77
9.85	491.00	0.00	3.77
9.86	486.00	0.00	3.77
9.86	486.00	0.00	3.77
9.87	487.00	0.00	3.77
9.87	415.00	1.00	3.77
9.88	343.00	0.00	3.71
9.88	314.00	0.00	3.71
9.89	300.00	0.00	3.71
9.89	310.00	0.00	3.71
9.90	137.00	0.00	3.71
9.90	313.00	0.00	3.71
9.91	304.00	0.00	3.71
9.91	296.00	0.00	3.71
9.92	306.00	0.00	3.71
9.92	289.00	0.00	3.71
9.93	306.00	0.00	3.71
9.93	302.00	0.00	3.71
9.94	304.00	0.00	3.71
9.94	372.00	1.00	3.71
9.95	387.00	0.00	3.70
9.95	436.00	0.00	3.70
9.96	451.00	0.00	3.70
9.96	465.00	0.00	3.70
9.97	483.00	0.00	3.70
9.97	479.00	0.00	3.70
9.98	490.00	0.00	3.70
9.98	494.00	0.00	3.70
9.99	492.00	0.00	3.70
9.99	499.00	0.00	3.70
10.00	476.00	0.00	3.70
10.00	482.00	0.00	3.70
