0.00035	266.00	0	0.00
0.00165	271.00	0	0.00
0.00511	266.00	0	0.00
0.01067	270.00	0	0.00
0.01523	263.00	0	0.00
0.02074	269.00	0	0.00
0.02524	266.00	0	0.00
0.03080	264.00	0	0.00
0.03526	277.00	0	0.00
0.04078	287.00	0	0.00
0.04529	315.00	1	0.00
0.05100	358.00	0	0.00
0.05563	402.00	0	0.00
0.06015	428.00	0	0.00
0.06568	433.00	0	0.00
0.07013	447.00	0	0.00
0.07565	446.00	0	0.00
0.08010	450.00	0	0.00
0.08562	455.00	0	0.00
0.09007	451.00	0	0.00
0.09559	458.00	0	0.00
0.10005	455.00	0	0.00
0.10558	417.00	1	0.00
0.11004	355.00	0	0.00
0.11556	290.00	0	0.00
0.12003	275.00	0	0.00
0.12558	265.00	0	0.00
0.13015	257.00	0	0.00
0.13567	255.00	0	0.00
0.14014	246.00	0	0.00
0.14565	252.00	0	0.00
0.15012	251.00	0	0.00
0.15574	257.00	0	0.00
0.16021	294.00	1	0.00
0.16578	357.00	0	0.00
0.17023	427.00	0	0.00
0.17576	451.00	0	0.00
0.18023	460.00	0	0.00
0.18576	468.00	0	0.00
0.19022	460.00	0	0.00
0.19575	468.00	0	0.00
0.20020	463.00	0	0.00
0.20573	454.00	0	0.00
0.21018	385.00	1	0.00
0.21572	305.00	0	0.00
0.22017	278.00	0	0.00
0.22569	268.00	0	0.00
0.23027	265.00	0	0.00
0.23583	265.00	0	0.00
0.24041	257.00	0	0.00
0.24595	265.00	0	0.00
0.25043	267.00	0	0.00
0.25594	264.00	0	0.00
0.26042	280.00	0	0.00
0.26593	313.00	1	0.00
0.27040	378.00	0	4.53
0.27592	420.00	0	4.53
0.28040	433.00	0	4.53
0.28591	445.00	0	4.53
0.29036	442.00	0	4.53
0.29590	451.00	0	4.53
0.30035	451.00	0	4.53
0.30588	450.00	0	4.53
0.31033	443.00	0	4.53
0.31587	351.00	0	4.53
0.32031	303.00	1	4.53
0.32585	269.00	0	4.66
0.33030	264.00	0	4.66
0.33583	259.00	0	4.66
0.34028	247.00	0	4.66
0.34579	249.00	0	4.66
0.35026	247.00	0	4.66
0.35578	248.00	0	4.66
0.36025	259.00	0	4.66
0.36576	293.00	1	4.66
0.37023	355.00	0	4.86
0.37575	426.00	0	4.86
0.38022	447.00	0	4.86
0.38575	462.00	0	4.86
0.39023	461.00	0	4.86
0.39575	467.00	0	4.86
0.40019	462.00	0	4.86
0.40573	461.00	0	4.86
0.41018	452.00	0	4.86
0.41571	350.00	0	4.86
0.42015	302.00	1	4.86
0.42569	270.00	0	4.76
0.43014	268.00	0	4.76
0.43567	268.00	0	4.76
0.44011	257.00	0	4.76
0.44565	262.00	0	4.76
0.45009	262.00	0	4.76
0.45560	266.00	0	4.76
0.46007	269.00	0	4.76
0.46558	287.00	0	4.76
0.47005	334.00	1	4.76
0.47556	403.00	0	4.76
0.48003	426.00	0	4.90
0.48555	441.00	0	4.90
0.49012	441.00	0	4.90
0.49568	451.00	0	4.90
0.50020	449.00	0	4.90
0.50580	452.00	0	4.90
0.51034	451.00	0	4.90
0.51590	374.00	1	4.90
0.52044	321.00	0	5.11
0.52603	273.00	0	5.11
0.53054	264.00	0	5.11
0.53503	261.00	0	5.11
0.54060	249.00	0	5.11
0.54510	252.00	0	5.11
0.55068	248.00	0	5.11
0.55520	250.00	0	5.11
0.56077	258.00	0	5.11
0.56530	275.00	0	5.11
0.57088	348.00	1	5.11
0.57536	412.00	0	5.11
0.58097	445.00	0	4.88
0.58549	462.00	0	4.88
0.59004	462.00	0	4.88
0.59559	467.00	0	4.88
0.60010	464.00	0	4.88
0.60566	468.00	0	4.88
0.61017	462.00	0	4.88
0.61572	372.00	0	4.88
0.62019	319.00	1	4.88
0.62575	274.00	0	4.88
0.63026	267.00	0	5.00
0.63581	268.00	0	5.00
0.64033	257.00	0	5.00
0.64589	261.00	0	5.00
0.65040	260.00	0	5.00
0.65595	266.00	0	5.00
0.66047	270.00	0	5.00
0.66605	280.00	0	5.00
0.67057	323.00	1	5.00
0.67509	381.00	0	5.00
0.68065	423.00	0	4.99
0.68515	435.00	0	4.99
0.69073	440.00	0	4.99
0.69534	450.00	0	4.99
0.70003	448.00	0	4.99
0.70583	450.00	0	4.99
0.71042	456.00	0	4.99
0.71599	408.00	1	4.99
0.72050	346.00	0	4.99
0.72502	295.00	0	5.00
0.73058	268.00	0	5.00
0.73510	266.00	0	5.00
0.74065	251.00	0	5.00
0.74518	253.00	0	5.00
0.75073	249.00	0	5.00
0.75523	250.00	0	5.00
0.76079	258.00	0	5.00
0.76533	267.00	0	5.00
0.77089	337.00	1	5.00
0.77540	402.00	0	5.00
0.78096	443.00	0	5.00
0.78549	459.00	0	5.00
0.79002	461.00	0	5.00
0.79560	469.00	0	5.00
0.80012	467.00	0	5.00
0.80572	465.00	0	5.00
0.81020	465.00	0	5.00
0.81578	428.00	1	5.00
0.82028	355.00	0	5.00
0.82587	289.00	0	5.11
0.83039	269.00	0	5.11
0.83597	270.00	0	5.11
0.84049	262.00	0	5.11
0.84501	263.00	0	5.11
0.85056	259.00	0	5.11
0.85509	265.00	0	5.11
0.86064	270.00	0	5.11
0.86516	264.00	0	5.11
0.87071	303.00	1	5.11
0.87521	347.00	0	5.00
0.88076	410.00	0	5.00
0.88532	431.00	0	5.00
0.89086	438.00	0	5.00
0.89537	448.00	0	5.00
0.90092	449.00	0	5.00
0.90544	450.00	0	5.00
0.91099	456.00	0	5.00
0.91550	445.00	0	5.00
0.92105	385.00	1	5.00
0.92556	325.00	0	4.88
0.93006	283.00	0	4.88
0.93563	269.00	0	4.88
0.94011	257.00	0	4.88
0.94570	255.00	0	4.88
0.95018	247.00	0	4.88
0.95575	247.00	0	4.88
0.96025	252.00	0	4.88
0.96585	253.00	0	4.88
0.97035	285.00	1	4.88
0.97592	352.00	0	5.01
0.98045	416.00	0	5.01
0.98500	445.00	0	5.01
0.99059	456.00	0	5.01
0.99510	467.00	0	5.01
1.00065	464.00	0	5.01
1.00517	465.00	0	5.01
1.01072	466.00	0	5.01
1.01523	461.00	0	5.01
1.02078	413.00	1	5.01
1.02530	337.00	0	4.88
1.03084	278.00	0	4.88
1.03535	271.00	0	4.88
1.04091	262.00	0	4.88
1.04555	264.00	0	4.88
1.05005	256.00	0	4.88
1.05562	259.00	0	4.88
1.06011	268.00	0	4.88
1.06572	263.00	0	4.88
1.07022	274.00	0	4.88
1.07579	309.00	1	4.88
1.08029	364.00	0	4.88
1.08588	420.00	0	4.88
1.09037	429.00	0	4.88
1.09594	443.00	0	4.88
1.10043	443.00	0	4.88
1.10602	449.00	0	4.88
1.11051	454.00	0	4.88
1.11503	450.00	0	4.88
1.12069	453.00	0	4.88
1.12522	402.00	1	4.88
1.13079	322.00	0	4.90
1.13528	282.00	0	4.90
1.14085	263.00	0	4.90
1.14535	263.00	0	4.90
1.15098	253.00	0	4.90
1.15558	248.00	0	4.90
1.16010	251.00	0	4.90
1.16567	248.00	0	4.90
1.17018	259.00	0	4.90
1.17576	290.00	1	4.90
1.18029	347.00	0	4.87
1.18589	429.00	0	4.87
1.19044	442.00	0	4.87
1.19601	463.00	0	4.87
1.20054	465.00	0	4.87
1.20505	466.00	0	4.87
1.21062	468.00	0	4.87
1.21511	461.00	0	4.87
1.22068	465.00	0	4.87
1.22518	416.00	1	4.87
1.23099	321.00	0	4.89
1.23553	281.00	0	4.89
1.24017	266.00	0	4.89
1.24583	268.00	0	4.89
1.25035	260.00	0	4.89
1.25591	258.00	0	4.89
1.26043	263.00	0	4.89
1.26601	264.00	0	4.89
1.27052	271.00	0	4.89
1.27501	273.00	0	4.89
1.28059	312.00	1	4.89
1.28509	372.00	0	4.89
1.29067	414.00	0	4.88
1.29515	435.00	0	4.88
1.30072	441.00	0	4.88
1.30522	446.00	0	4.88
1.31080	454.00	0	4.88
1.31528	449.00	0	4.88
1.32086	452.00	0	4.88
1.32535	444.00	0	4.88
1.33092	364.00	1	4.88
1.33543	313.00	0	4.88
1.34100	267.00	0	4.86
1.34548	268.00	0	4.86
1.35106	257.00	0	4.86
1.35554	249.00	0	4.86
1.36014	249.00	0	4.86
1.36572	245.00	0	4.86
1.37024	253.00	0	4.86
1.37579	258.00	0	4.86
1.38032	288.00	1	4.86
1.38592	359.00	0	4.86
1.39048	417.00	0	4.89
1.39505	450.00	0	4.89
1.40064	457.00	0	4.89
1.40515	465.00	0	4.89
1.41073	468.00	0	4.89
1.41523	463.00	0	4.89
1.42080	467.00	0	4.89
1.42530	457.00	0	4.89
1.43091	383.00	1	4.89
1.43540	324.00	0	4.89
1.44097	271.00	0	4.86
1.44545	270.00	0	4.86
1.45102	264.00	0	4.86
1.45550	259.00	0	4.86
1.46002	260.00	0	4.86
1.46560	257.00	0	4.86
1.47010	270.00	0	4.86
1.47567	266.00	0	4.86
1.48017	273.00	0	4.86
1.48591	317.00	1	4.86
1.49055	366.00	0	4.86
1.49514	419.00	0	4.87
1.50069	431.00	0	4.87
1.50529	441.00	0	4.87
1.51084	449.00	0	4.87
1.51535	445.00	0	4.87
1.52090	455.00	0	4.87
1.52542	452.00	0	4.87
1.53097	443.00	0	4.87
1.53548	378.00	1	4.87
1.54102	303.00	0	4.87
1.54552	275.00	0	4.89
1.55002	263.00	0	4.89
1.55559	257.00	0	4.89
1.56007	252.00	0	4.89
1.56565	245.00	0	4.89
1.57012	252.00	0	4.89
1.57569	249.00	0	4.89
1.58019	255.00	0	4.89
1.58582	295.00	1	4.89
1.59033	341.00	0	4.89
1.59589	424.00	0	4.87
1.60039	444.00	0	4.87
1.60597	457.00	0	4.87
1.61048	464.00	0	4.87
1.61606	462.00	0	4.87
1.62055	468.00	0	4.87
1.62507	463.00	0	4.87
1.63061	454.00	0	4.87
1.63515	381.00	1	4.87
1.64069	302.00	0	4.87
1.64531	275.00	0	4.90
1.65092	265.00	0	4.90
1.65544	264.00	0	4.90
1.66102	262.00	0	4.90
1.66555	256.00	0	4.90
1.67006	265.00	0	4.90
1.67564	264.00	0	4.90
1.68016	267.00	0	4.90
1.68576	286.00	0	4.90
1.69030	315.00	1	4.90
1.69591	396.00	0	4.89
1.70042	419.00	0	4.89
1.70602	438.00	0	4.89
1.71054	446.00	0	4.89
1.71509	445.00	0	4.89
1.72065	453.00	0	4.89
1.72519	449.00	0	4.89
1.73076	451.00	0	4.89
1.73531	411.00	1	4.89
1.74090	323.00	0	4.89
1.74544	285.00	0	5.00
1.75102	266.00	0	5.00
1.75557	260.00	0	5.00
1.76007	256.00	0	5.00
1.76567	246.00	0	5.00
1.77018	252.00	0	5.00
1.77577	249.00	0	5.00
1.78043	252.00	0	5.00
1.78501	266.00	0	5.00
1.79062	321.00	1	5.00
1.79514	395.00	0	5.00
1.80077	441.00	0	4.88
1.80528	455.00	0	4.88
1.81085	465.00	0	4.88
1.81534	463.00	0	4.88
1.82095	467.00	0	4.88
1.82543	463.00	0	4.88
1.83100	459.00	0	4.88
1.83548	399.00	1	4.88
1.84105	314.00	0	4.99
1.84556	279.00	0	4.99
1.85006	265.00	0	4.99
1.85564	264.00	0	4.99
1.86016	264.00	0	4.99
1.86571	256.00	0	4.99
1.87021	263.00	0	4.99
1.87577	266.00	0	4.99
1.88030	268.00	0	4.99
1.88585	274.00	0	4.99
1.89036	296.00	0	4.99
1.89590	369.00	1	4.99
1.90042	409.00	0	4.86
1.90597	432.00	0	4.86
1.91050	442.00	0	4.86
1.91604	443.00	0	4.86
1.92056	452.00	0	4.86
1.92505	449.00	0	4.86
1.93061	452.00	0	4.86
1.93509	445.00	0	4.86
1.94069	361.00	1	4.86
1.94520	314.00	0	4.86
1.95076	269.00	0	4.87
1.95524	265.00	0	4.87
1.96081	260.00	0	4.87
1.96531	249.00	0	4.87
1.97088	251.00	0	4.87
1.97540	247.00	0	4.87
1.98097	249.00	0	4.87
1.98548	259.00	0	4.87
1.99105	292.00	1	4.87
1.99553	359.00	0	4.87
2.00004	417.00	0	4.99
2.00559	447.00	0	4.99
2.01010	460.00	0	4.99
2.01566	462.00	0	4.99
2.02018	468.00	0	4.99
2.02573	462.00	0	4.99
2.03024	466.00	0	4.99
2.03578	451.00	0	4.99
2.04030	368.00	1	4.99
2.04585	306.00	0	4.99
2.05036	270.00	0	4.88
2.05590	265.00	0	4.88
2.06045	266.00	0	4.88
2.06602	256.00	0	4.88
2.07052	262.00	0	4.88
2.07500	259.00	0	4.88
2.08060	268.00	0	4.88
2.08509	268.00	0	4.88
2.09066	282.00	0	4.88
2.09514	326.00	1	4.88
2.10071	395.00	0	5.02
2.10520	422.00	0	5.02
2.11076	439.00	0	5.02
2.11524	440.00	0	5.02
2.12084	451.00	0	5.02
2.12533	450.00	0	5.02
2.13090	450.00	0	5.02
2.13543	454.00	0	5.02
2.14100	399.00	1	5.02
2.14548	339.00	0	5.02
2.15012	286.00	0	4.99
2.15591	266.00	0	4.99
2.16070	264.00	0	4.99
2.16545	252.00	0	4.99
2.17003	253.00	0	4.99
2.17561	247.00	0	4.99
2.18012	250.00	0	4.99
2.18576	257.00	0	4.99
2.19025	267.00	0	4.99
2.19582	347.00	1	4.99
2.20032	407.00	0	4.99
2.20590	446.00	0	4.88
2.21038	458.00	0	4.88
2.21596	460.00	0	4.88
2.22052	469.00	0	4.88
2.22506	462.00	0	4.88
2.23093	464.00	0	4.88
2.23555	460.00	0	4.88
2.24004	392.00	1	4.88
2.24563	317.00	0	5.01
2.25012	274.00	0	5.01
2.25569	266.00	0	5.01
2.26018	267.00	0	5.01
2.26576	257.00	0	5.01
2.27024	263.00	0	5.01
2.27581	262.00	0	5.01
2.28032	268.00	0	5.01
2.28591	269.00	0	5.01
2.29041	283.00	0	5.01
2.29601	346.00	1	5.01
2.30055	399.00	0	5.01
2.30507	425.00	0	4.98
2.31062	438.00	0	4.98
2.31514	440.00	0	4.98
2.32077	452.00	0	4.98
2.32545	449.00	0	4.98
2.33102	451.00	0	4.98
2.33552	455.00	0	4.98
2.34000	414.00	0	4.98
2.34560	337.00	1	4.98
2.35008	285.00	0	4.98
2.35565	267.00	0	4.89
2.36012	263.00	0	4.89
2.36570	248.00	0	4.89
2.37018	253.00	0	4.89
2.37574	248.00	0	4.89
2.38023	251.00	0	4.89
2.38586	260.00	0	4.89
2.39037	281.00	0	4.89
2.39594	217.00	0	4.89
2.40045	417.00	0	4.89
2.40598	448.00	0	4.89
2.41050	461.00	1	4.89
2.41504	462.00	0	4.66
2.42060	470.00	0	4.66
2.42513	464.00	0	4.66
2.43070	464.00	0	4.66
2.43524	465.00	0	4.66
2.44078	401.00	1	4.66
2.44530	334.00	0	4.98
2.45084	275.00	0	4.98
2.45534	268.00	0	4.98
2.46089	268.00	0	4.98
2.46540	259.00	0	4.98
2.47094	263.00	0	4.98
2.47545	260.00	0	4.98
2.48099	269.00	0	4.98
2.48551	269.00	0	4.98
2.49104	284.00	0	4.98
2.49555	330.00	1	4.98
2.50001	386.00	0	4.98
2.50559	423.00	0	5.01
2.51007	436.00	0	5.01
2.51567	439.00	0	5.01
2.52015	448.00	0	5.01
2.52573	448.00	0	5.01
2.53020	452.00	0	5.01
2.53580	456.00	0	5.01
2.54032	431.00	0	5.01
2.54589	349.00	1	5.01
2.55040	293.00	0	5.01
2.55600	267.00	0	4.99
2.56050	264.00	0	4.99
2.56501	253.00	0	4.99
2.57060	254.00	0	4.99
2.57520	246.00	0	4.99
2.58078	248.00	0	4.99
2.58532	254.00	0	4.99
2.59090	271.00	0	4.99
2.59538	328.00	1	4.99
2.60095	404.00	0	5.41
2.60543	441.00	0	5.41
2.61099	459.00	0	5.41
2.61547	461.00	0	5.41
2.62104	468.00	0	5.41
2.62552	463.00	0	5.41
2.63002	467.00	0	5.41
2.63556	465.00	0	5.41
2.64006	435.00	0	5.41
2.64569	342.00	0	5.41
2.65019	287.00	1	5.41
2.65578	268.00	0	5.41
2.66030	266.00	0	4.78
2.66586	259.00	0	4.78
2.67036	262.00	0	4.78
2.67590	260.00	0	4.78
2.68041	267.00	0	4.78
2.68596	269.00	0	4.78
2.69048	271.00	0	4.78
2.69602	317.00	1	4.78
2.70057	370.00	0	4.99
2.70512	417.00	0	4.99
2.71071	434.00	0	4.99
2.71522	439.00	0	4.99
2.72079	450.00	0	4.99
2.72528	446.00	0	4.99
2.73085	450.00	0	4.99
2.73533	455.00	0	4.99
2.74089	436.00	0	4.99
2.74538	371.00	1	4.99
2.75094	300.00	0	5.01
2.75545	271.00	0	5.01
2.76100	266.00	0	5.01
2.76548	255.00	0	5.01
2.77104	252.00	0	5.01
2.77552	246.00	0	5.01
2.78003	252.00	0	5.01
2.78561	253.00	0	5.01
2.79014	258.00	0	5.01
2.79569	315.00	1	5.01
2.80022	368.00	0	4.99
2.80577	434.00	0	4.99
2.81029	451.00	0	4.99
2.81583	459.00	0	4.99
2.82033	469.00	0	4.99
2.82588	465.00	0	4.99
2.83041	464.00	0	4.99
2.83595	468.00	0	4.99
2.84050	446.00	0	4.99
2.84606	354.00	0	4.99
2.85053	295.00	1	4.99
2.85501	272.00	0	4.99
2.86057	269.00	0	4.99
2.86506	261.00	0	4.99
2.87063	263.00	0	4.99
2.87514	257.00	0	4.99
2.88070	266.00	0	4.99
2.88519	270.00	0	4.99
2.89076	263.00	0	4.99
2.89523	294.00	0	4.99
2.90080	338.00	1	4.99
2.90529	401.00	0	4.99
2.91085	430.00	0	4.88
2.91536	435.00	0	4.88
2.92093	448.00	0	4.88
2.92541	441.00	0	4.88
2.93097	452.00	0	4.88
2.93545	452.00	0	4.88
2.94104	447.00	0	4.88
2.94552	399.00	1	4.88
2.95002	329.00	0	5.00
2.95556	278.00	0	5.00
2.96007	267.00	0	5.00
2.96563	255.00	0	5.00
2.97013	257.00	0	5.00
2.97567	247.00	0	5.00
2.98018	249.00	0	5.00
2.98576	253.00	0	5.00
2.99030	252.00	0	5.00
2.99584	284.00	0	5.00
3.00035	330.00	1	5.00
3.00590	413.00	0	5.00
3.01040	443.00	0	4.89
3.01594	455.00	0	4.89
3.02045	467.00	0	4.89
3.02600	465.00	0	4.89
3.03051	466.00	0	4.89
3.03501	463.00	0	4.89
3.04062	457.00	0	4.89
3.04511	403.00	1	4.89
3.05067	314.00	0	5.14
3.05515	278.00	0	5.14
3.06073	270.00	0	5.14
3.06521	262.00	0	5.14
3.07078	262.00	0	5.14
3.07528	257.00	0	5.14
3.08085	261.00	0	5.14
3.08537	269.00	0	5.14
3.09096	263.00	0	5.14
3.09546	277.00	0	5.14
3.10107	310.00	1	5.14
3.10554	366.00	0	5.14
3.11003	412.00	0	5.14
3.11560	429.00	0	4.99
3.12007	443.00	0	4.99
3.12565	443.00	0	4.99
3.13013	453.00	0	4.99
3.13569	453.00	0	4.99
3.14018	451.00	0	4.99
3.14575	441.00	0	4.99
3.15028	361.00	1	4.99
3.15598	297.00	0	4.88
3.16048	272.00	0	4.88
3.16502	262.00	0	4.88
3.17057	261.00	0	4.88
3.17508	249.00	0	4.88
3.18062	248.00	0	4.88
3.18515	249.00	0	4.88
3.19072	248.00	0	4.88
3.19522	260.00	0	4.88
3.20076	294.00	1	4.88
3.20528	356.00	0	4.99
3.21081	430.00	0	4.99
3.21532	447.00	0	4.99
3.22085	463.00	0	4.99
3.22538	463.00	0	4.99
3.23017	465.00	0	4.99
3.23587	466.00	0	4.99
3.24038	462.00	0	4.99
3.24596	440.00	0	4.99
3.25044	352.00	1	4.99
3.25525	297.00	0	4.87
3.26096	273.00	0	4.87
3.26551	264.00	0	4.87
3.27003	267.00	0	4.87
3.27562	257.00	0	4.87
3.28012	259.00	0	4.87
3.28572	265.00	0	4.87
3.29023	264.00	0	4.87
3.29582	269.00	0	4.87
3.30034	282.00	0	4.87
3.30591	336.00	1	4.87
3.31041	400.00	0	4.87
3.31600	422.00	0	4.88
3.32052	439.00	0	4.88
3.32504	441.00	0	4.88
3.33061	448.00	0	4.88
3.33513	451.00	0	4.88
3.34069	449.00	0	4.88
3.34520	454.00	0	4.88
3.35077	388.00	1	4.88
3.35530	332.00	0	4.99
3.36087	281.00	0	4.99
3.36539	264.00	0	4.99
3.37095	262.00	0	4.99
3.37548	252.00	0	4.99
3.38001	251.00	0	4.99
3.38568	250.00	0	4.99
3.39023	247.00	0	4.99
3.39584	257.00	0	4.99
3.40036	265.00	0	4.99
3.40598	331.00	1	4.99
3.41048	400.00	0	4.99
3.41609	441.00	0	4.87
3.42061	458.00	0	4.87
3.42515	459.00	0	4.87
3.43074	466.00	0	4.87
3.43523	466.00	0	4.87
3.44082	460.00	0	4.87
3.44535	465.00	0	4.87
3.45093	398.00	1	4.87
3.45542	332.00	0	4.87
3.46101	280.00	0	4.99
3.46552	264.00	0	4.99
3.47005	269.00	0	4.99
3.47561	260.00	0	4.99
3.48015	260.00	0	4.99
3.48574	261.00	0	4.99
3.49028	263.00	0	4.99
3.49594	270.00	0	4.99
3.50053	267.00	0	4.99
3.50507	299.00	0	4.99
3.51080	368.00	1	4.99
3.51530	411.00	0	4.99
3.52091	433.00	0	4.88
3.52543	436.00	0	4.88
3.53102	443.00	0	4.88
3.53553	451.00	0	4.88
3.54005	449.00	0	4.88
3.54562	455.00	0	4.88
3.55015	443.00	0	4.88
3.55568	365.00	1	4.88
3.56023	311.00	0	4.88
3.56591	268.00	0	4.88
3.57044	269.00	0	4.88
3.57603	255.00	0	4.88
3.58056	251.00	0	4.88
3.58512	249.00	0	4.88
3.59072	245.00	0	4.88
3.59525	253.00	0	4.88
3.60084	257.00	0	4.88
3.60536	295.00	1	4.88
3.61091	368.00	0	5.02
3.61540	424.00	0	5.02
3.62098	453.00	0	5.02
3.62548	457.00	0	5.02
3.63001	466.00	0	5.02
3.63556	466.00	0	5.02
3.64011	462.00	0	5.02
3.64568	468.00	0	5.02
3.65023	451.00	0	5.02
3.65581	364.00	1	5.02
3.66034	309.00	0	4.88
3.66592	265.00	0	4.88
3.67042	269.00	0	4.88
3.67598	262.00	0	4.88
3.68051	259.00	0	4.88
3.68502	259.00	0	4.88
3.69058	260.00	0	4.88
3.69508	271.00	0	4.88
3.70066	264.00	0	4.88
3.70517	287.00	0	4.88
3.71073	336.00	1	4.88
3.71525	395.00	0	4.88
3.72083	429.00	0	5.00
3.72534	433.00	0	5.00
3.73090	444.00	0	5.00
3.73540	448.00	0	5.00
3.74098	445.00	0	5.00
3.74548	456.00	0	5.00
3.75004	449.00	0	5.00
3.75564	416.00	0	5.00
3.76017	346.00	1	5.00
3.76575	286.00	0	4.89
3.77026	270.00	0	4.89
3.77586	259.00	0	4.89
3.78035	256.00	0	4.89
3.78596	252.00	0	4.89
3.79055	245.00	0	4.89
3.79513	252.00	0	4.89
3.80067	249.00	0	4.89
3.80519	269.00	0	4.89
3.81078	331.00	1	4.89
3.81527	392.00	0	4.87
3.82084	444.00	0	4.87
3.82536	451.00	0	4.87
3.83090	463.00	0	4.87
3.83540	465.00	0	4.87
3.84094	461.00	0	4.87
3.84548	467.00	0	4.87
3.85101	459.00	0	4.87
3.85551	438.00	0	4.87
3.86105	346.00	0	4.87
3.86552	290.00	1	4.87
3.87002	273.00	0	4.87
3.87558	262.00	0	4.77
3.88005	264.00	0	4.77
3.88562	260.00	0	4.77
3.89009	257.00	0	4.77
3.89565	271.00	0	4.77
3.90012	261.00	0	4.77
3.90571	269.00	0	4.77
3.91022	298.00	0	4.77
3.91579	358.00	1	4.77
3.92028	415.00	0	4.77
3.92584	431.00	0	4.88
3.93032	440.00	0	4.88
3.93588	446.00	0	4.88
3.94036	445.00	0	4.88
3.94593	454.00	0	4.88
3.95040	449.00	0	4.88
3.95596	450.00	0	4.88
3.96044	402.00	1	4.88
3.96602	320.00	0	4.99
3.97049	283.00	0	4.99
3.97605	264.00	0	4.99
3.98053	260.00	0	4.99
3.98509	252.00	0	4.99
3.99068	245.00	0	4.99
3.99519	251.00	0	4.99
4.00086	247.00	0	4.99
4.00558	256.00	0	4.99
4.01008	280.00	0	4.99
4.01565	336.00	1	4.99
4.02015	414.00	0	4.99
4.02572	442.00	0	4.88
4.03101	457.00	0	4.88
4.03589	464.00	0	4.88
4.04077	465.00	0	4.88
4.04576	467.00	0	4.88
4.05062	463.00	0	4.88
4.05535	463.00	0	4.88
4.06004	423.00	1	4.88
4.06582	325.00	0	4.88
4.07044	285.00	0	5.14
4.07522	265.00	0	5.14
4.08019	266.00	0	5.14
4.08617	263.00	0	5.14
4.09100	256.00	0	5.14
4.09575	263.00	0	5.14
4.10080	263.00	0	5.14
4.10538	267.00	0	5.14
4.11098	276.00	0	5.14
4.11548	302.00	1	5.14
4.12108	374.00	0	5.01
4.12560	408.00	0	5.01
4.13012	432.00	0	5.01
4.13572	440.00	0	5.01
4.14023	443.00	0	5.01
4.14585	451.00	0	5.01
4.15067	445.00	0	5.01
4.15531	453.00	0	5.01
4.16087	448.00	0	5.01
4.16539	387.00	1	5.01
4.17093	317.00	0	5.01
4.17543	271.00	0	4.88
4.18099	264.00	0	4.88
4.18554	258.00	0	4.88
4.19004	249.00	0	4.88
4.19561	252.00	0	4.88
4.20009	243.00	0	4.88
4.20568	249.00	0	4.88
4.21015	254.00	0	4.88
4.21574	280.00	1	4.88
4.22022	340.00	0	4.88
4.22610	415.00	0	5.00
4.23096	445.00	0	5.00
4.23558	458.00	0	5.00
4.24006	462.00	0	5.00
4.24567	467.00	0	5.00
4.25022	461.00	0	5.00
4.25578	464.00	0	5.00
4.26032	461.00	0	5.00
4.26591	399.00	1	5.00
4.27042	333.00	0	5.00
4.27598	273.00	0	4.86
4.28046	268.00	0	4.86
4.28605	266.00	0	4.86
4.29053	258.00	0	4.86
4.29503	261.00	0	4.86
4.30093	259.00	0	4.86
4.30560	266.00	0	4.86
4.31014	266.00	0	4.86
4.31574	267.00	0	4.86
4.32026	302.00	0	4.86
4.32585	355.00	1	4.86
4.33034	410.00	0	4.86
4.33590	430.00	0	4.75
4.34040	436.00	0	4.75
4.34598	447.00	0	4.75
4.35045	444.00	0	4.75
4.35601	450.00	0	4.75
4.36050	452.00	0	4.75
4.36608	445.00	0	4.75
4.37056	398.00	1	4.75
4.37503	326.00	0	4.75
4.38061	278.00	0	4.87
4.38521	267.00	0	4.87
4.39083	256.00	0	4.87
4.39531	257.00	0	4.87
4.40087	246.00	0	4.87
4.40537	248.00	0	4.87
4.41096	250.00	0	4.87
4.41547	249.00	0	4.87
4.42103	272.00	0	4.87
4.42554	313.00	1	4.87
4.43003	377.00	0	4.77
4.43556	436.00	0	4.77
4.44006	450.00	0	4.77
4.44561	465.00	0	4.77
4.45010	460.00	0	4.77
4.45565	465.00	0	4.77
4.46016	464.00	0	4.77
4.46571	461.00	0	4.77
4.47022	441.00	0	4.77
4.47575	339.00	0	4.77
4.48022	293.00	1	4.77
4.48577	270.00	0	4.77
4.49030	263.00	0	4.67
4.49586	266.00	0	4.67
4.50037	256.00	0	4.67
4.50592	260.00	0	4.67
4.51042	264.00	0	4.67
4.51595	263.00	0	4.67
4.52045	269.00	0	4.67
4.52511	276.00	0	4.67
4.53079	324.00	1	4.67
4.53527	383.00	0	4.67
4.54083	419.00	0	4.88
4.54534	437.00	0	4.88
4.55105	440.00	0	4.88
4.55570	449.00	0	4.88
4.56024	449.00	0	4.88
4.56579	447.00	0	4.88
4.57029	458.00	0	4.88
4.57585	427.00	0	4.88
4.58036	355.00	1	4.88
4.58514	299.00	0	4.88
4.59076	265.00	0	4.77
4.59525	267.00	0	4.77
4.60082	253.00	0	4.77
4.60531	252.00	0	4.77
4.61088	248.00	0	4.77
4.61537	245.00	0	4.77
4.62093	253.00	0	4.77
4.62544	252.00	0	4.77
4.63101	297.00	1	4.77
4.63548	354.00	0	4.77
4.64104	424.00	0	4.87
4.64551	451.00	0	4.87
4.65002	453.00	0	4.87
4.65555	464.00	0	4.87
4.66005	464.00	0	4.87
4.66559	464.00	0	4.87
4.67012	466.00	0	4.87
4.67565	449.00	0	4.87
4.68014	379.00	1	4.87
4.68568	310.00	0	4.87
4.69018	270.00	0	5.00
4.69571	268.00	0	5.00
4.70021	260.00	0	5.00
4.70576	259.00	0	5.00
4.71025	257.00	0	5.00
4.71578	257.00	0	5.00
4.72028	269.00	0	5.00
4.72586	264.00	0	5.00
4.73035	271.00	0	5.00
4.73588	310.00	1	5.00
4.74039	360.00	0	4.88
4.74593	418.00	0	4.88
4.75043	427.00	0	4.88
4.75596	441.00	0	4.88
4.76046	444.00	0	4.88
4.76601	445.00	0	4.88
4.77050	448.00	0	4.88
4.77603	449.00	0	4.88
4.78066	437.00	0	4.88
4.78531	363.00	1	4.88
4.79042	302.00	0	4.88
4.79562	273.00	0	4.88
4.80069	261.00	0	4.88
4.80588	256.00	0	4.88
4.81099	252.00	0	4.88
4.81506	246.00	0	4.88
4.82012	252.00	0	4.88
4.82524	246.00	0	4.88
4.83028	257.00	0	4.88
4.83539	283.00	0	4.88
4.84044	341.00	1	4.88
4.84555	420.00	0	4.77
4.85058	443.00	0	4.77
4.85574	459.00	0	4.77
4.86080	466.00	0	4.77
4.86600	463.00	0	4.77
4.87104	468.00	0	4.77
4.87501	461.00	0	4.77
4.88022	465.00	0	4.77
4.88581	393.00	1	4.77
4.89030	325.00	0	4.86
4.89583	280.00	0	4.86
4.90033	263.00	0	4.86
4.90587	265.00	0	4.86
4.91039	262.00	0	4.86
4.91593	255.00	0	4.86
4.92044	262.00	0	4.86
4.92597	263.00	0	4.86
4.93046	268.00	0	4.86
4.93599	270.00	0	4.86
4.94049	294.00	0	4.86
4.94604	362.00	1	4.86
4.95053	405.00	0	4.76
4.95606	430.00	0	4.76
4.96056	439.00	0	4.76
4.96505	442.00	0	4.76
4.97061	452.00	0	4.76
4.97508	447.00	0	4.76
4.98063	453.00	0	4.76
4.98533	451.00	0	4.76
4.99094	387.00	1	4.76
4.99543	335.00	0	4.76
5.00100	278.00	0	4.86
5.00547	269.00	0	4.86
5.01103	261.00	0	4.86
5.01551	252.00	0	4.86
5.02106	252.00	0	4.86
5.02553	245.00	0	4.86
5.03003	252.00	0	4.86
5.03556	254.00	0	4.86
5.04005	264.00	0	4.86
5.04560	328.00	1	4.86
5.05009	384.00	0	4.87
5.05562	441.00	0	4.87
5.06011	453.00	0	4.87
5.06565	460.00	0	4.87
5.07014	469.00	0	4.87
5.07567	461.00	0	4.87
5.08018	465.00	0	4.87
5.08576	462.00	0	4.87
5.09025	429.00	0	4.87
5.09583	336.00	0	4.87
5.10049	284.00	1	4.87
5.10574	268.00	0	4.87
5.11089	265.00	0	4.66
5.11575	258.00	0	4.66
5.12043	260.00	0	4.66
5.12603	256.00	0	4.66
5.13054	266.00	0	4.66
5.13504	265.00	0	4.66
5.14061	264.00	0	4.66
5.14516	297.00	0	4.66
5.15081	353.00	1	4.66
5.15545	411.00	0	4.66
5.16103	431.00	0	4.88
5.16552	438.00	0	4.88
5.17108	448.00	0	4.88
5.17555	446.00	0	4.88
5.18002	453.00	0	4.88
5.18565	454.00	0	4.88
5.19018	449.00	0	4.88
5.19575	386.00	1	4.88
5.20025	322.00	0	4.88
5.20582	276.00	0	4.88
5.21029	265.00	0	4.88
5.21585	256.00	0	4.88
5.22032	255.00	0	4.88
5.22592	245.00	0	4.88
5.23070	250.00	0	4.88
5.23559	250.00	0	4.88
5.24045	252.00	0	4.88
5.24515	283.00	0	4.88
5.25076	344.00	1	4.88
5.25529	416.00	0	4.87
5.26082	447.00	0	4.87
5.26535	456.00	0	4.87
5.27091	465.00	0	4.87
5.27546	463.00	0	4.87
5.28101	466.00	0	4.87
5.28553	466.00	0	4.87
5.29005	459.00	0	4.87
5.29566	411.00	1	4.87
5.30015	333.00	0	4.87
5.30574	281.00	0	5.12
5.31022	267.00	0	5.12
5.31580	261.00	0	5.12
5.32030	265.00	0	5.12
5.32589	256.00	0	5.12
5.33037	262.00	0	5.12
5.33594	268.00	0	5.12
5.34044	264.00	0	5.12
5.34604	282.00	0	5.12
5.35056	310.00	1	5.12
5.35506	372.00	0	5.01
5.36061	418.00	0	5.01
5.36513	431.00	0	5.01
5.37068	443.00	0	5.01
5.37519	442.00	0	5.01
5.38074	450.00	0	5.01
5.38557	450.00	0	5.01
5.39017	450.00	0	5.01
5.39581	450.00	0	5.01
5.40031	385.00	1	5.01
5.40597	313.00	0	4.89
5.41046	275.00	0	4.89
5.41500	265.00	0	4.89
5.42059	261.00	0	4.89
5.42509	249.00	0	4.89
5.43069	249.00	0	4.89
5.43518	247.00	0	4.89
5.44075	248.00	0	4.89
5.44526	260.00	0	4.89
5.45084	291.00	1	4.89
5.45533	354.00	0	4.89
5.46091	426.00	0	5.00
5.46541	447.00	0	5.00
5.47099	463.00	0	5.00
5.47549	459.00	0	5.00
5.48027	469.00	0	5.00
5.48596	465.00	0	5.00
5.49057	462.00	0	5.00
5.49522	464.00	0	5.00
5.50082	399.00	1	5.00
5.50537	332.00	0	5.00
5.51097	276.00	0	4.87
5.51546	266.00	0	4.87
5.52104	268.00	0	4.87
5.52555	256.00	0	4.87
5.53021	260.00	0	4.87
5.53581	262.00	0	4.87
5.54036	264.00	0	4.87
5.54595	270.00	0	4.87
5.55047	270.00	0	4.87
5.55602	313.00	1	4.87
5.56054	368.00	0	4.87
5.56510	413.00	0	4.87
5.57071	435.00	0	4.87
5.57520	437.00	0	4.87
5.58077	447.00	0	4.87
5.58555	447.00	0	4.87
5.59013	451.00	0	4.87
5.59569	454.00	0	4.87
5.60023	446.00	0	4.87
5.60583	378.00	1	4.87
5.61035	320.00	0	4.87
5.61590	270.00	0	4.87
5.62042	269.00	0	4.87
5.62602	249.00	0	4.87
5.63053	252.00	0	4.87
5.63502	247.00	0	4.87
5.64061	244.00	0	4.87
5.64513	252.00	0	4.87
5.65070	253.00	0	4.87
5.65519	281.00	1	4.87
5.66076	343.00	0	4.89
5.66528	405.00	0	4.89
5.67085	446.00	0	4.89
5.67533	452.00	0	4.89
5.68090	465.00	0	4.89
5.68544	466.00	0	4.89
5.69102	466.00	0	4.89
5.69551	468.00	0	4.89
5.70108	457.00	0	4.89
5.70556	417.00	1	4.89
5.71005	338.00	0	4.89
5.71562	277.00	0	4.88
5.72010	271.00	0	4.88
5.72569	262.00	0	4.88
5.73022	264.00	0	4.88
5.73579	260.00	0	4.88
5.74029	258.00	0	4.88
5.74587	269.00	0	4.88
5.75040	263.00	0	4.88
5.75598	273.00	0	4.88
5.76047	302.00	0	4.88
5.76500	351.00	1	4.88
5.77055	416.00	0	4.88
5.77506	425.00	0	4.79
5.78062	442.00	0	4.79
5.78516	443.00	0	4.79
5.79077	443.00	0	4.79
5.79531	453.00	0	4.79
5.80088	448.00	0	4.79
5.80544	449.00	0	4.79
5.81099	375.00	1	4.79
5.81553	313.00	0	4.87
5.82002	278.00	0	4.87
5.82563	262.00	0	4.87
5.83012	261.00	0	4.87
5.83569	251.00	0	4.87
5.84023	246.00	0	4.87
5.84589	251.00	0	4.87
5.85039	245.00	0	4.87
5.85597	255.00	0	4.87
5.86046	278.00	0	4.87
5.86502	328.00	1	4.87
5.87058	410.00	0	4.87
5.87510	438.00	0	4.77
5.88066	457.00	0	4.77
5.88519	458.00	0	4.77
5.89076	462.00	0	4.77
5.89527	467.00	0	4.77
5.90082	460.00	0	4.77
5.90535	463.00	0	4.77
5.91090	404.00	1	4.77
5.91541	329.00	0	4.87
5.92097	280.00	0	4.87
5.92549	264.00	0	4.87
5.93001	268.00	0	4.87
5.93558	261.00	0	4.87
5.94007	258.00	0	4.87
5.94567	264.00	0	4.87
5.95018	263.00	0	4.87
5.95576	268.00	0	4.87
5.96025	267.00	0	4.87
5.96585	299.00	0	4.87
5.97033	355.00	1	4.87
5.97591	407.00	0	4.87
5.98040	431.00	0	4.87
5.98503	436.00	0	4.87
5.99066	443.00	0	4.87
5.99518	451.00	0	4.87
6.00074	446.00	0	4.87
6.00522	450.00	0	4.87
6.01078	443.00	0	4.87
6.01529	377.00	1	4.87
6.02084	310.00	0	4.87
6.02537	269.00	0	4.89
6.03092	265.00	0	4.89
6.03542	258.00	0	4.89
6.04098	247.00	0	4.89
6.04603	250.00	0	4.89
6.05062	243.00	0	4.89
6.05512	252.00	0	4.89
6.06070	254.00	0	4.89
6.06522	275.00	0	4.89
6.07082	366.00	0	4.89
6.07528	406.00	1	4.89
6.08087	447.00	0	4.76
6.08540	456.00	0	4.76
6.09101	461.00	0	4.76
6.09550	468.00	0	4.76
6.10001	459.00	0	4.76
6.10562	465.00	0	4.76
6.11016	456.00	0	4.76
6.11508	376.00	1	4.76
6.12078	307.00	0	4.90
6.12531	269.00	0	4.90
6.13089	266.00	0	4.90
6.13543	262.00	0	4.90
6.14101	255.00	0	4.90
6.14550	261.00	0	4.90
6.15008	255.00	0	4.90
6.15578	267.00	0	4.90
6.16035	264.00	0	4.90
6.16605	273.00	0	4.90
6.17059	312.00	1	4.90
6.17509	363.00	0	4.90
6.18067	419.00	0	4.99
6.18518	428.00	0	4.99
6.19082	437.00	0	4.99
6.19532	446.00	0	4.99
6.20091	444.00	0	4.99
6.20538	452.00	0	4.99
6.21098	450.00	0	4.99
6.21547	435.00	0	4.99
6.22000	367.00	1	4.99
6.22567	294.00	0	4.99
6.23052	269.00	0	4.88
6.23512	262.00	0	4.88
6.24099	250.00	0	4.88
6.24558	251.00	0	4.88
6.25008	242.00	0	4.88
6.25567	248.00	0	4.88
6.26018	246.00	0	4.88
6.26577	253.00	0	4.88
6.27027	291.00	1	4.88
6.27590	356.00	0	5.13
6.28040	426.00	0	5.13
6.28599	448.00	0	5.13
6.29051	455.00	0	5.13
6.29504	462.00	0	5.13
6.30060	458.00	0	5.13
6.30512	465.00	0	5.13
6.31067	462.00	0	5.13
6.31522	454.00	0	5.13
6.32076	371.00	1	5.13
6.32529	307.00	0	4.86
6.33084	271.00	0	4.86
6.33539	264.00	0	4.86
6.34095	259.00	0	4.86
6.34546	262.00	0	4.86
6.35100	254.00	0	4.86
6.35555	262.00	0	4.86
6.36006	264.00	0	4.86
6.36564	261.00	0	4.86
6.37014	276.00	0	4.86
6.37568	312.00	1	4.86
6.38017	381.00	0	4.86
6.38576	419.00	0	4.88
6.39035	428.00	0	4.88
6.39606	442.00	0	4.88
6.40063	438.00	0	4.88
6.40517	449.00	0	4.88
6.41073	451.00	0	4.88
6.41525	449.00	0	4.88
6.42080	437.00	0	4.88
6.42538	360.00	1	4.88
6.43094	301.00	0	4.88
6.43544	267.00	0	4.87
6.44101	258.00	0	4.87
6.44552	257.00	0	4.87
6.45002	245.00	0	4.87
6.45560	248.00	0	4.87
6.46007	244.00	0	4.87
6.46566	247.00	0	4.87
6.47014	260.00	0	4.87
6.47572	304.00	1	4.87
6.48023	373.00	0	4.87
6.48567	432.00	0	4.87
6.49031	442.00	0	4.87
6.49595	461.00	0	4.87
6.50048	457.00	0	4.87
6.50608	461.00	0	4.87
6.51060	459.00	0	4.87
6.51508	458.00	0	4.87
6.52067	440.00	0	4.87
6.52517	356.00	1	4.87
6.53074	295.00	0	4.89
6.53523	266.00	0	4.89
6.54081	255.00	0	4.89
6.54531	263.00	0	4.89
6.55093	251.00	0	4.89
6.55541	258.00	0	4.89
6.56100	263.00	0	4.89
6.56548	261.00	0	4.89
6.57106	267.00	0	4.89
6.57554	285.00	0	4.89
6.58005	340.00	1	4.89
6.58605	408.00	0	4.89
6.59064	422.00	0	4.89
6.59516	436.00	0	4.89
6.60074	433.00	0	4.89
6.60524	447.00	0	4.89
6.61085	447.00	0	4.89
6.61535	447.00	0	4.89
6.62092	447.00	0	4.89
6.62542	394.00	1	4.89
6.63102	322.00	0	5.00
6.63553	277.00	0	5.00
6.64003	262.00	0	5.00
6.64559	260.00	0	5.00
6.65012	245.00	0	5.00
6.65569	246.00	0	5.00
6.66021	242.00	0	5.00
6.66577	243.00	0	5.00
6.67028	254.00	0	5.00
6.67585	282.00	1	5.00
6.68036	347.00	0	5.00
6.68592	420.00	0	5.00
6.69043	439.00	0	5.00
6.69600	457.00	0	5.00
6.70051	454.00	0	5.00
6.70500	461.00	0	5.00
6.71057	458.00	0	5.00
6.71508	458.00	0	5.00
6.72065	457.00	0	5.00
6.72514	410.00	1	5.00
6.73071	326.00	0	5.00
6.73521	276.00	0	5.00
6.74078	260.00	0	5.00
6.74528	263.00	0	5.00
6.75085	253.00	0	5.00
6.75535	257.00	0	5.00
6.76092	256.00	0	5.00
6.76544	259.00	0	5.00
6.77103	263.00	0	5.00
6.77552	265.00	0	5.00
6.78006	302.00	1	5.00
6.78563	368.00	0	5.00
6.79021	407.00	0	5.00
6.79585	429.00	0	5.00
6.80038	429.00	0	5.00
6.80595	439.00	0	5.00
6.81046	439.00	0	5.00
6.81600	441.00	0	5.00
6.82052	446.00	0	5.00
6.82502	439.00	0	5.00
6.83059	379.00	1	5.00
6.83508	316.00	0	5.00
6.84066	266.00	0	4.87
6.84515	263.00	0	4.87
6.85072	252.00	0	4.87
6.85523	248.00	0	4.87
6.86081	242.00	0	4.87
6.86530	241.00	0	4.87
6.87088	251.00	0	4.87
6.87536	247.00	0	4.87
6.88093	291.00	1	4.87
6.88544	343.00	0	4.87
6.89100	413.00	0	4.88
6.89548	441.00	0	4.88
6.90105	447.00	0	4.88
6.90558	456.00	0	4.88
6.91007	455.00	0	4.88
6.91565	454.00	0	4.88
6.92017	458.00	0	4.88
6.92577	447.00	0	4.88
6.93026	405.00	1	4.88
6.93582	315.00	0	4.88
6.94027	272.00	0	4.88
6.94587	264.00	0	4.88
6.95035	255.00	0	4.88
6.95592	255.00	0	4.88
6.96041	250.00	0	4.88
6.96601	252.00	0	4.88
6.97049	262.00	0	4.88
6.97501	255.00	0	4.88
6.98055	268.00	0	4.88
6.98508	295.00	0	4.88
6.99094	367.00	1	4.88
6.99551	408.00	0	4.74
7.00005	418.00	0	4.74
7.00565	434.00	0	4.74
7.01014	434.00	0	4.74
7.01571	437.00	0	4.74
7.02023	445.00	0	4.74
7.02584	439.00	0	4.74
7.03032	440.00	0	4.74
7.03590	362.00	1	4.74
7.04041	304.00	0	4.74
7.04602	267.00	0	4.87
7.05052	254.00	0	4.87
7.05503	254.00	0	4.87
7.06060	240.00	0	4.87
7.06512	241.00	0	4.87
7.07068	244.00	0	4.87
7.07520	239.00	0	4.87
7.08076	252.00	0	4.87
7.08528	274.00	0	4.87
7.09083	340.00	1	4.87
7.09534	407.00	0	4.76
7.10090	434.00	0	4.76
7.10541	450.00	0	4.76
7.11098	453.00	0	4.76
7.11549	454.00	0	4.76
7.12104	457.00	0	4.76
7.12556	451.00	0	4.76
7.13004	454.00	0	4.76
7.13562	393.00	1	4.76
7.14009	321.00	0	4.76
7.14570	271.00	0	4.87
7.15021	256.00	0	4.87
7.15593	258.00	0	4.87
7.16051	252.00	0	4.87
7.16505	250.00	0	4.87
7.17061	256.00	0	4.87
7.17512	256.00	0	4.87
7.18068	260.00	0	4.87
7.18524	260.00	0	4.87
7.19010	291.00	0	4.87
7.19580	362.00	1	4.87
7.20033	397.00	0	4.87
7.20593	423.00	0	4.88
7.21048	429.00	0	4.88
7.21605	433.00	0	4.88
7.22055	441.00	0	4.88
7.22507	437.00	0	4.88
7.23019	445.00	0	4.88
7.23587	433.00	0	4.88
7.24042	372.00	1	4.88
7.24604	304.00	0	4.88
7.25061	260.00	0	4.89
7.25512	261.00	0	4.89
7.26070	251.00	0	4.89
7.26523	243.00	0	4.89
7.27081	244.00	0	4.89
7.27531	237.00	0	4.89
7.28091	245.00	0	4.89
7.28541	246.00	0	4.89
7.29099	276.00	1	4.89
7.29550	338.00	0	4.89
7.30000	395.00	0	5.00
7.30556	438.00	0	5.00
7.31007	443.00	0	5.00
7.31564	451.00	0	5.00
7.32014	455.00	0	5.00
7.32605	450.00	0	5.00
7.33062	455.00	0	5.00
7.33510	450.00	0	5.00
7.34072	380.00	1	5.00
7.34554	315.00	0	5.00
7.35016	266.00	0	4.88
7.35574	261.00	0	4.88
7.36032	255.00	0	4.88
7.36590	249.00	0	4.88
7.37042	253.00	0	4.88
7.37598	250.00	0	4.88
7.38048	261.00	0	4.88
7.38500	256.00	0	4.88
7.39060	262.00	0	4.88
7.39515	294.00	0	4.88
7.40072	354.00	1	4.88
7.40523	405.00	0	4.88
7.41081	421.00	0	4.88
7.41529	428.00	0	4.88
7.42086	437.00	0	4.88
7.42536	434.00	0	4.88
7.43093	442.00	0	4.88
7.43541	438.00	0	4.88
7.44098	430.00	0	4.88
7.44552	369.00	1	4.88
7.45001	305.00	0	4.88
7.45559	266.00	0	4.88
7.46009	255.00	0	4.88
7.46569	248.00	0	4.88
7.47018	246.00	0	4.88
7.47576	237.00	0	4.88
7.48026	244.00	0	4.88
7.48590	242.00	0	4.88
7.49075	245.00	0	4.88
7.49553	275.00	0	4.88
7.50041	325.00	1	4.88
7.50505	399.00	0	4.78
7.51064	432.00	0	4.78
7.51513	445.00	0	4.78
7.52067	455.00	0	4.78
7.52517	452.00	0	4.78
7.53070	455.00	0	4.78
7.53519	451.00	0	4.78
7.54071	446.00	0	4.78
7.54541	386.00	1	4.78
7.55096	300.00	0	4.78
7.55545	270.00	0	4.89
7.56098	260.00	0	4.89
7.56547	256.00	0	4.89
7.57100	256.00	0	4.89
7.57553	248.00	0	4.89
7.58106	254.00	0	4.89
7.58555	257.00	0	4.89
7.59005	258.00	0	4.89
7.59536	264.00	0	4.89
7.60102	296.00	1	4.89
7.60558	360.00	0	4.99
7.61010	399.00	0	4.99
7.61571	420.00	0	4.99
7.62022	433.00	0	4.99
7.62581	433.00	0	4.99
7.63032	442.00	0	4.99
7.63594	442.00	0	4.99
7.64044	443.00	0	4.99
7.64607	429.00	0	4.99
7.65056	351.00	1	4.99
7.65504	305.00	0	4.99
7.66059	262.00	0	4.88
7.66510	257.00	0	4.88
7.67065	254.00	0	4.88
7.67511	241.00	0	4.88
7.68066	243.00	0	4.88
7.68517	239.00	0	4.88
7.69168	241.00	0	4.88
7.69547	253.00	0	4.88
7.70085	284.00	1	4.88
7.70550	348.00	0	4.88
7.71003	406.00	0	4.99
7.71560	436.00	0	4.99
7.72013	449.00	0	4.99
7.72574	449.00	0	4.99
7.73027	459.00	0	4.99
7.73582	447.00	0	4.99
7.74037	453.00	0	4.99
7.74595	446.00	0	4.99
7.75046	366.00	1	4.99
7.75602	300.00	0	4.99
7.76056	263.00	0	4.88
7.76506	258.00	0	4.88
7.77063	260.00	0	4.88
7.77511	250.00	0	4.88
7.78070	253.00	0	4.88
7.78519	251.00	0	4.88
7.79077	257.00	0	4.88
7.79534	261.00	0	4.88
7.80090	261.00	0	4.88
7.80542	301.00	1	4.88
7.81101	367.00	0	4.89
7.81549	404.00	0	4.89
7.82001	421.00	0	4.89
7.82558	426.00	0	4.89
7.83010	438.00	0	4.89
7.83565	438.00	0	4.89
7.84013	440.00	0	4.89
7.84568	446.00	0	4.89
7.85019	433.00	0	4.89
7.85573	365.00	1	4.89
7.86028	305.00	0	4.87
7.86585	262.00	0	4.87
7.87035	260.00	0	4.87
7.87589	246.00	0	4.87
7.88044	247.00	0	4.87
7.88600	240.00	0	4.87
7.89051	240.00	0	4.87
7.89605	247.00	0	4.87
7.90057	245.00	0	4.87
7.90507	274.00	0	4.87
7.91064	338.00	1	4.87
7.91512	402.00	0	4.87
7.92069	439.00	0	4.77
7.92520	443.00	0	4.77
7.93077	456.00	0	4.77
7.93525	452.00	0	4.77
7.94083	454.00	0	4.77
7.94534	458.00	0	4.77
7.95090	448.00	0	4.77
7.95538	398.00	1	4.77
7.96095	314.00	0	4.88
7.96540	273.00	0	4.88
7.97099	263.00	0	4.88
7.97549	253.00	0	4.88
7.98105	255.00	0	4.88
7.98554	250.00	0	4.88
7.99004	253.00	0	4.88
7.99563	262.00	0	4.88
8.00015	256.00	0	4.88
8.00571	265.00	0	4.88
8.01022	290.00	0	4.88
8.01576	358.00	1	4.88
8.02033	406.00	0	4.75
8.02591	419.00	0	4.75
8.03043	434.00	0	4.75
8.03601	436.00	0	4.75
8.04054	438.00	0	4.75
8.04503	443.00	0	4.75
8.05061	439.00	0	4.75
8.05509	444.00	0	4.75
8.06068	375.00	1	4.75
8.06518	317.00	0	4.75
8.07078	273.00	0	4.88
8.07526	256.00	0	4.88
8.08083	254.00	0	4.88
8.08533	244.00	0	4.88
8.09090	240.00	0	4.88
8.09538	243.00	0	4.88
8.10095	239.00	0	4.88
8.10542	250.00	0	4.88
8.11102	280.00	1	4.88
8.11549	336.00	0	4.88
8.12106	415.00	0	4.99
8.12553	435.00	0	4.99
8.13003	450.00	0	4.99
8.13563	452.00	0	4.99
8.14016	456.00	0	4.99
8.14575	458.00	0	4.99
8.15083	451.00	0	4.99
8.15552	457.00	0	4.99
8.16005	427.00	0	4.99
8.16570	335.00	0	4.99
8.17015	285.00	1	4.99
8.17571	258.00	0	4.66
8.18022	263.00	0	4.66
8.18579	255.00	0	4.66
8.19026	251.00	0	4.66
8.19588	256.00	0	4.66
8.20037	255.00	0	4.66
8.20593	261.00	0	4.66
8.21039	258.00	0	4.66
8.21597	293.00	1	4.66
8.22047	349.00	0	4.66
8.22605	401.00	0	4.99
8.23080	423.00	0	4.99
8.23540	429.00	0	4.99
8.24098	436.00	0	4.99
8.24552	442.00	0	4.99
8.25104	440.00	0	4.99
8.25552	448.00	0	4.99
8.26001	442.00	0	4.99
8.26596	404.00	0	4.99
8.27080	335.00	1	4.99
8.27541	281.00	0	4.76
8.28103	264.00	0	4.76
8.28553	255.00	0	4.76
8.29105	246.00	0	4.76
8.29555	247.00	0	4.76
8.30008	241.00	0	4.76
8.30566	247.00	0	4.76
8.31014	245.00	0	4.76
8.31570	265.00	0	4.76
8.32024	319.00	1	4.76
8.32580	386.00	0	4.78
8.33026	435.00	0	4.78
8.33581	447.00	0	4.78
8.34027	456.00	0	4.78
8.34584	462.00	0	4.78
8.35029	456.00	0	4.78
8.35581	460.00	0	4.78
8.36030	458.00	0	4.78
8.36583	431.00	0	4.78
8.37032	353.00	1	4.78
8.37584	283.00	0	4.78
8.38033	268.00	0	5.00
8.38588	261.00	0	5.00
8.39071	257.00	0	5.00
8.39524	257.00	0	5.00
8.40082	253.00	0	5.00
8.40531	265.00	0	5.00
8.41086	262.00	0	5.00
8.41534	261.00	0	5.00
8.42089	302.00	1	5.00
8.42537	345.00	0	5.00
8.43091	412.00	0	4.88
8.43538	421.00	0	4.88
8.44093	435.00	0	4.88
8.44540	443.00	0	4.88
8.45094	441.00	0	4.88
8.45540	448.00	0	4.88
8.46093	449.00	0	4.88
8.46539	444.00	0	4.88
8.47093	377.00	1	4.88
8.47539	312.00	0	4.88
8.48093	271.00	0	5.00
8.48540	262.00	0	5.00
8.49094	253.00	0	5.00
8.49547	253.00	0	5.00
8.50109	242.00	0	5.00
8.50556	250.00	0	5.00
8.51002	246.00	0	5.00
8.51565	255.00	0	5.00
8.52034	293.00	1	5.00
8.52602	356.00	0	5.00
8.53049	424.00	0	5.00
8.53605	448.00	0	5.00
8.54055	457.00	0	5.00
8.54505	464.00	0	5.00
8.55057	463.00	0	5.00
8.55505	468.00	0	5.00
8.56062	462.00	0	5.00
8.56527	457.00	0	5.00
8.57082	377.00	1	5.00
8.57535	310.00	0	4.99
8.58087	273.00	0	4.99
8.58538	263.00	0	4.99
8.59091	261.00	0	4.99
8.59549	263.00	0	4.99
8.60104	255.00	0	4.99
8.60554	267.00	0	4.99
8.61003	265.00	0	4.99
8.61558	266.00	0	4.99
8.62003	282.00	0	4.99
8.62559	316.00	1	4.99
8.63005	385.00	0	4.99
8.63559	421.00	0	4.89
8.64004	434.00	0	4.89
8.64559	445.00	0	4.89
8.65004	443.00	0	4.89
8.65559	454.00	0	4.89
8.66004	449.00	0	4.89
8.66560	453.00	0	4.89
8.67005	442.00	0	4.89
8.67559	350.00	0	4.89
8.68003	305.00	1	4.89
8.68560	268.00	0	4.78
8.69006	264.00	0	4.78
8.69560	259.00	0	4.78
8.70004	249.00	0	4.78
8.70557	252.00	0	4.78
8.71013	248.00	0	4.78
8.71566	251.00	0	4.78
8.72016	262.00	0	4.78
8.72569	302.00	1	4.78
8.73018	367.00	0	4.87
8.73569	432.00	0	4.87
8.74019	453.00	0	4.87
8.74571	467.00	0	4.87
8.75022	465.00	0	4.87
8.75574	474.00	0	4.87
8.76023	465.00	0	4.87
8.76576	464.00	0	4.87
8.77024	456.00	0	4.87
8.77578	357.00	0	4.87
8.78025	306.00	1	4.87
8.78578	272.00	0	4.87
8.79027	269.00	0	4.77
8.79590	269.00	0	4.77
8.80046	258.00	0	4.77
8.80603	263.00	0	4.77
8.81054	265.00	0	4.77
8.81606	268.00	0	4.77
8.82060	273.00	0	4.77
8.82509	283.00	0	4.77
8.83064	335.00	1	4.77
8.83510	390.00	0	4.77
8.84065	426.00	0	4.88
8.84512	438.00	0	4.88
8.85071	443.00	0	4.88
8.85519	453.00	0	4.88
8.86076	452.00	0	4.88
8.86523	453.00	0	4.88
8.87077	458.00	0	4.88
8.87522	417.00	0	4.88
8.88076	338.00	1	4.88
8.88524	280.00	0	4.88
8.89078	269.00	0	4.98
8.89523	266.00	0	4.98
8.90074	254.00	0	4.98
8.90524	255.00	0	4.98
8.91075	249.00	0	4.98
8.91522	251.00	0	4.98
8.92074	258.00	0	4.98
8.92523	260.00	0	4.98
8.93077	319.00	1	4.98
8.93525	372.00	0	4.88
8.94077	439.00	0	4.88
8.94526	457.00	0	4.88
8.95081	462.00	0	4.88
8.95528	473.00	0	4.88
8.96083	469.00	0	4.88
8.96532	469.00	0	4.88
8.97083	469.00	0	4.88
8.97534	436.00	0	4.88
8.98088	344.00	0	4.88
8.98538	292.00	1	4.88
8.99092	272.00	0	4.88
8.99548	273.00	0	4.87
9.00102	263.00	0	4.87
9.00550	264.00	0	4.87
9.01103	261.00	0	4.87
9.01551	267.00	0	4.87
9.02103	274.00	0	4.87
9.02551	268.00	0	4.87
9.03105	300.00	0	4.87
9.03553	337.00	1	4.87
9.04105	409.00	0	4.87
9.04550	434.00	0	4.87
9.05104	435.00	0	4.88
9.05549	451.00	0	4.88
9.06102	451.00	0	4.88
9.06548	455.00	0	4.88
9.07000	458.00	0	4.88
9.07570	457.00	0	4.88
9.08037	418.00	1	4.88
9.08594	334.00	0	4.88
9.09044	290.00	0	5.01
9.09596	274.00	0	5.01
9.10046	262.00	0	5.01
9.10605	259.00	0	5.01
9.11054	251.00	0	5.01
9.11606	250.00	0	5.01
9.12059	255.00	0	5.01
9.12506	252.00	0	5.01
9.13061	269.00	0	5.01
9.13508	304.00	1	5.01
9.14062	381.00	0	4.89
9.14509	437.00	0	4.89
9.15068	457.00	0	4.89
9.15531	470.00	0	4.89
9.16087	469.00	0	4.89
9.16542	471.00	0	4.89
9.17099	471.00	0	4.89
9.17550	467.00	0	4.89
9.18000	456.00	0	4.89
9.18560	357.00	0	4.89
9.19023	304.00	1	4.89
9.19585	277.00	0	4.88
9.20039	267.00	0	4.88
9.20597	269.00	0	4.88
9.21046	261.00	0	4.88
9.21603	261.00	0	4.88
9.22054	271.00	0	4.88
9.22505	267.00	0	4.88
9.23080	273.00	0	4.88
9.23547	289.00	0	4.88
9.24104	341.00	1	4.88
9.24558	406.00	0	4.87
9.25007	426.00	0	4.87
9.25566	445.00	0	4.87
9.26024	447.00	0	4.87
9.26584	451.00	0	4.87
9.27033	456.00	0	4.87
9.27589	453.00	0	4.87
9.28038	461.00	0	4.87
9.28599	406.00	1	4.87
9.29048	342.00	0	4.87
9.29501	298.00	0	4.86
9.30056	267.00	0	4.86
9.30533	269.00	0	4.86
9.31101	259.00	0	4.86
9.31560	254.00	0	4.86
9.32026	254.00	0	4.86
9.32514	250.00	0	4.86
9.33073	258.00	0	4.86
9.33522	265.00	0	4.86
9.34077	322.00	1	4.86
9.34530	388.00	0	4.86
9.35087	441.00	0	4.86
9.35537	462.00	0	4.86
9.36093	467.00	0	4.86
9.36545	470.00	0	4.86
9.37100	474.00	0	4.86
9.37550	469.00	0	4.86
9.38106	473.00	0	4.86
9.38557	448.00	0	4.86
9.39005	368.00	1	4.86
9.39590	303.00	0	5.00
9.40047	271.00	0	5.00
9.40605	273.00	0	5.00
9.41053	267.00	0	5.00
9.41501	264.00	0	5.00
9.42059	266.00	0	5.00
9.42510	265.00	0	5.00
9.43070	275.00	0	5.00
9.43518	269.00	0	5.00
9.44075	295.00	0	5.00
9.44526	337.00	1	5.00
9.45083	406.00	0	4.90
9.45530	433.00	0	4.90
9.46089	443.00	0	4.90
9.46539	451.00	0	4.90
9.47096	456.00	0	4.90
9.47543	454.00	0	4.90
9.48099	461.00	0	4.90
9.48546	457.00	0	4.90
9.49103	425.00	0	4.90
9.49550	358.00	1	4.90
9.50003	304.00	0	4.77
9.50564	275.00	0	4.77
9.51031	265.00	0	4.77
9.51522	261.00	0	4.77
9.52093	256.00	0	4.77
9.52570	249.00	0	4.77
9.53062	256.00	0	4.77
9.53515	253.00	0	4.77
9.54073	272.00	0	4.77
9.54527	325.00	1	4.77
9.55085	400.00	0	4.89
9.55533	448.00	0	4.89
9.56088	460.00	0	4.89
9.56507	469.00	0	4.89
9.57085	474.00	0	4.89
9.57537	469.00	0	4.89
9.58095	472.00	0	4.89
9.58542	466.00	0	4.89
9.59100	444.00	0	4.89
9.59554	365.00	1	4.89
9.60004	305.00	0	4.89
9.60568	278.00	0	4.87
9.61017	264.00	0	4.87
9.61573	266.00	0	4.87
9.62022	264.00	0	4.87
9.62582	260.00	0	4.87
9.63030	272.00	0	4.87
9.63587	271.00	0	4.87
9.64036	272.00	0	4.87
9.64593	307.00	0	4.87
9.65042	348.00	1	4.87
9.65599	418.00	0	4.87
9.66051	433.00	0	4.87
9.66503	443.00	0	4.87
9.67060	451.00	0	4.87
9.67510	450.00	0	4.87
9.68063	459.00	0	4.87
9.68514	454.00	0	4.87
9.69069	457.00	0	4.87
9.69519	434.00	0	4.87
9.70072	341.00	0	4.87
9.70519	300.00	1	4.87
9.71073	269.00	0	4.87
9.71525	266.00	0	4.77
9.72079	260.00	0	4.77
9.72531	250.00	0	4.77
9.73085	255.00	0	4.77
9.73538	250.00	0	4.77
9.74092	255.00	0	4.77
9.74544	273.00	0	4.77
9.75098	324.00	1	4.77
9.75550	392.00	0	4.86
9.76002	435.00	0	4.86
9.76561	458.00	0	4.86
9.77008	467.00	0	4.86
9.77566	471.00	0	4.86
9.78015	474.00	0	4.86
9.78572	470.00	0	4.86
9.79020	468.00	0	4.86
9.79584	456.00	0	4.86
9.80039	371.00	1	4.86
9.80601	306.00	0	4.88
9.81052	273.00	0	4.88
9.81504	272.00	0	4.88
9.82059	270.00	0	4.88
9.82510	260.00	0	4.88
9.83066	266.00	0	4.88
9.83515	266.00	0	4.88
9.84069	270.00	0	4.88
9.84520	272.00	0	4.88
9.85075	292.00	0	4.88
9.85525	340.00	1	4.88
9.86081	406.00	0	4.88
9.86532	430.00	0	4.88
9.87086	445.00	0	4.88
9.87536	445.00	0	4.88
9.88096	455.00	0	4.88
9.88578	453.00	0	4.88
9.89053	457.00	0	4.88
9.89532	460.00	0	4.88
9.90013	425.00	0	4.88
9.90603	341.00	1	4.88
9.91082	288.00	0	4.98
9.91561	270.00	0	4.98
9.92041	266.00	0	4.98
9.92521	255.00	0	4.98
9.93110	255.00	0	4.98
9.93590	252.00	0	4.98
9.94066	252.00	0	4.98
9.94551	259.00	0	4.98
9.95028	269.00	0	4.98
9.95508	324.00	1	4.98
9.96091	398.00	0	4.98
9.96572	445.00	0	4.90
9.97050	459.00	0	4.90
9.97528	465.00	0	4.90
9.98016	478.00	0	4.90
9.98515	468.00	0	4.90
9.99073	469.00	0	4.90
9.99526	234.00	0	4.90
10.00083	431.00	0	4.90
