0.00001	385.00	0	0.00
0.00128	384.00	0	0.00
0.00572	385.00	0	0.00
0.01014	386.00	0	0.00
0.01563	388.00	0	0.00
0.02005	391.00	0	0.00
0.02554	391.00	0	0.00
0.03103	392.00	0	0.00
0.03546	392.00	0	0.00
0.04094	389.00	0	0.00
0.04537	385.00	0	0.00
0.05086	373.00	0	0.00
0.05531	335.00	0	0.00
0.06079	272.00	0	0.00
0.06522	239.00	0	0.00
0.07071	219.00	0	0.00
0.07513	213.00	0	0.00
0.08063	210.00	0	0.00
0.08505	207.00	0	0.00
0.09054	203.00	0	0.00
0.09603	202.00	0	0.00
0.10046	202.00	0	0.00
0.10595	209.00	0	0.00
0.11038	247.00	1	0.00
0.11586	316.00	0	0.00
0.12029	351.00	0	0.00
0.12579	379.00	0	0.00
0.13021	393.00	0	0.00
0.13571	404.00	0	0.00
0.14013	406.00	0	0.00
0.14563	402.00	0	0.00
0.15005	394.00	0	0.00
0.15555	339.00	1	0.00
0.16104	252.00	0	0.00
0.16548	227.00	0	0.00
0.17098	216.00	0	0.00
0.17540	214.00	0	0.00
0.18091	211.00	0	0.00
0.18533	210.00	0	0.00
0.19084	209.00	0	0.00
0.19527	212.00	0	0.00
0.20078	223.00	0	0.00
0.20521	252.00	1	0.00
0.21072	301.00	0	0.00
0.21514	336.00	0	0.00
0.22064	357.00	0	0.00
0.22507	370.00	0	0.00
0.23055	382.00	0	0.00
0.23605	385.00	0	0.00
0.24047	386.00	0	0.00
0.24598	377.00	0	0.00
0.25040	347.00	1	0.00
0.25591	268.00	0	0.00
0.26033	232.00	0	0.00
0.26584	216.00	0	0.00
0.27026	211.00	0	0.00
0.27577	206.00	0	0.00
0.28019	203.00	0	0.00
0.28568	201.00	0	0.00
0.29012	199.00	0	0.00
0.29561	204.00	0	0.00
0.30006	221.00	0	0.00
0.30554	289.00	1	0.00
0.31105	342.00	0	5.12
0.31546	368.00	0	5.12
0.32097	390.00	0	5.12
0.32539	398.00	0	5.12
0.33089	405.00	0	5.12
0.33531	404.00	0	5.12
0.34079	394.00	0	5.12
0.34524	360.00	1	5.12
0.35072	262.00	0	5.12
0.35520	229.00	0	5.27
0.36068	216.00	0	5.27
0.36513	214.00	0	5.27
0.37061	211.00	0	5.27
0.37505	209.00	0	5.27
0.38054	208.00	0	5.27
0.38606	212.00	0	5.27
0.39048	219.00	0	5.27
0.39597	249.00	1	5.27
0.40041	289.00	0	5.24
0.40590	331.00	0	5.24
0.41034	352.00	0	5.24
0.41582	367.00	0	5.24
0.42026	377.00	0	5.24
0.42574	384.00	0	5.24
0.43018	385.00	0	5.24
0.43567	380.00	0	5.24
0.44009	362.00	0	5.24
0.44559	286.00	1	5.24
0.45001	239.00	0	5.24
0.45551	217.00	0	5.12
0.46100	211.00	0	5.12
0.46544	207.00	0	5.12
0.47093	202.00	0	5.12
0.47537	198.00	0	5.12
0.48090	199.00	0	5.12
0.48541	199.00	0	5.12
0.49091	211.00	0	5.12
0.49535	257.00	1	5.12
0.50084	322.00	0	5.12
0.50528	358.00	0	5.12
0.51079	380.00	0	5.27
0.51523	393.00	0	5.27
0.52081	402.00	0	5.27
0.52524	405.00	0	5.27
0.53081	396.00	0	5.27
0.53526	380.00	0	5.27
0.54077	283.00	0	5.27
0.54518	236.00	1	5.27
0.55069	218.00	0	5.00
0.55516	213.00	0	5.00
0.56075	211.00	0	5.00
0.56525	209.00	0	5.00
0.57076	208.00	0	5.00
0.57521	209.00	0	5.00
0.58070	215.00	0	5.00
0.58517	228.00	0	5.00
0.59066	272.00	1	5.00
0.59513	312.00	0	5.14
0.60062	346.00	0	5.14
0.60508	361.00	0	5.14
0.61057	377.00	0	5.14
0.61502	382.00	0	5.14
0.62060	386.00	0	5.14
0.62502	382.00	0	5.14
0.63060	367.00	0	5.14
0.63510	309.00	1	5.14
0.64061	244.00	0	5.28
0.64504	221.00	0	5.28
0.65054	212.00	0	5.28
0.65605	207.00	0	5.28
0.66049	204.00	0	5.28
0.66505	201.00	0	5.28
0.67076	225.00	0	5.28
0.67540	199.00	0	5.28
0.68105	207.00	0	5.28
0.68557	248.00	0	5.28
0.69009	307.00	1	5.28
0.69560	356.00	0	5.28
0.70005	377.00	0	5.28
0.70564	393.00	0	5.14
0.71009	395.00	0	5.14
0.71564	405.00	0	5.14
0.72013	400.00	0	5.14
0.72571	379.00	0	5.14
0.73017	304.00	1	5.14
0.73575	235.00	0	5.41
0.74019	220.00	0	5.41
0.74572	215.00	0	5.41
0.75018	212.00	0	5.41
0.75577	209.00	0	5.41
0.76026	207.00	0	5.41
0.76579	208.00	0	5.41
0.77024	213.00	0	5.41
0.77578	226.00	0	5.41
0.78029	259.00	1	5.41
0.78588	311.00	0	5.27
0.79037	339.00	0	5.27
0.79591	360.00	0	5.27
0.80036	373.00	0	5.27
0.80590	382.00	0	5.27
0.81035	386.00	0	5.27
0.81594	381.00	0	5.27
0.82038	372.00	0	5.27
0.82596	312.00	1	5.27
0.83046	254.00	0	5.27
0.83600	222.00	0	5.24
0.84049	213.00	0	5.24
0.84601	208.00	0	5.24
0.85052	206.00	0	5.24
0.85605	201.00	0	5.24
0.86050	198.00	0	5.24
0.86600	198.00	0	5.24
0.87050	202.00	0	5.24
0.87501	220.00	0	5.24
0.88054	293.00	1	5.24
0.88604	346.00	0	5.24
0.89051	371.00	0	5.25
0.89502	386.00	0	5.25
0.90053	400.00	0	5.25
0.90502	403.00	0	5.25
0.91054	402.00	0	5.25
0.91606	386.00	0	5.25
0.92059	332.00	1	5.25
0.92509	259.00	0	5.25
0.93060	224.00	0	5.25
0.93504	216.00	0	5.25
0.94057	211.00	0	5.25
0.94506	211.00	0	5.25
0.95057	208.00	0	5.25
0.95507	206.00	0	5.25
0.96059	209.00	0	5.25
0.96502	216.00	0	5.25
0.97060	242.00	1	5.25
0.97507	284.00	0	5.25
0.98065	330.00	0	5.25
0.98514	353.00	0	5.25
0.99065	368.00	0	5.25
0.99509	379.00	0	5.25
1.00058	383.00	0	5.25
1.00504	383.00	0	5.25
1.01059	377.00	0	5.25
1.01506	359.00	0	5.25
1.02055	286.00	1	5.25
1.02605	234.00	0	5.14
1.03049	218.00	0	5.14
1.03602	210.00	0	5.14
1.04045	207.00	0	5.14
1.04596	202.00	0	5.14
1.05040	199.00	0	5.14
1.05590	197.00	0	5.14
1.06034	199.00	0	5.14
1.06583	211.00	0	5.14
1.07029	262.00	1	5.14
1.07580	328.00	0	5.14
1.08024	360.00	0	5.27
1.08573	383.00	0	5.27
1.09017	393.00	0	5.27
1.09576	402.00	0	5.27
1.10025	403.00	0	5.27
1.10583	395.00	0	5.27
1.11032	378.00	0	5.27
1.11591	285.00	0	5.27
1.12033	238.00	1	5.27
1.12590	218.00	0	5.01
1.13039	214.00	0	5.01
1.13591	211.00	0	5.01
1.14040	209.00	0	5.01
1.14591	207.00	0	5.01
1.15035	209.00	0	5.01
1.15587	216.00	0	5.01
1.16030	231.00	0	5.01
1.16581	281.00	1	5.01
1.17027	321.00	0	5.01
1.17579	350.00	0	5.12
1.18032	366.00	0	5.12
1.18591	379.00	0	5.12
1.19039	384.00	0	5.12
1.19591	387.00	0	5.12
1.20034	383.00	0	5.12
1.20592	367.00	0	5.12
1.21040	313.00	1	5.12
1.21592	246.00	0	5.27
1.22034	223.00	0	5.27
1.22585	212.00	0	5.27
1.23037	209.00	0	5.27
1.23588	205.00	0	5.27
1.24032	201.00	0	5.27
1.24584	198.00	0	5.27
1.25030	199.00	0	5.27
1.25580	207.00	0	5.27
1.26035	251.00	1	5.27
1.26589	322.00	0	5.27
1.27036	357.00	0	5.26
1.27586	382.00	0	5.26
1.28031	393.00	0	5.26
1.28587	402.00	0	5.26
1.29033	405.00	0	5.26
1.29583	400.00	0	5.26
1.30026	388.00	0	5.26
1.30584	317.00	1	5.26
1.31036	249.00	0	5.26
1.31588	221.00	0	5.39
1.32030	216.00	0	5.39
1.32588	212.00	0	5.39
1.33031	209.00	0	5.39
1.33584	206.00	0	5.39
1.34032	208.00	0	5.39
1.34584	213.00	0	5.39
1.35027	223.00	0	5.39
1.35581	265.00	1	5.39
1.36025	308.00	0	5.26
1.36576	342.00	0	5.26
1.37022	358.00	0	5.26
1.37575	373.00	0	5.26
1.38020	381.00	0	5.26
1.38568	384.00	0	5.26
1.39012	382.00	0	5.26
1.39571	370.00	0	5.26
1.40020	330.00	1	5.26
1.40573	255.00	0	5.27
1.41016	226.00	0	5.27
1.41569	211.00	0	5.27
1.42017	208.00	0	5.27
1.42575	203.00	0	5.27
1.43025	200.00	0	5.27
1.43577	198.00	0	5.27
1.44026	198.00	0	5.27
1.44583	205.00	0	5.27
1.45032	242.00	1	5.27
1.45590	314.00	0	5.26
1.46039	349.00	0	5.26
1.46590	378.00	0	5.26
1.47038	391.00	0	5.26
1.47590	401.00	0	5.26
1.48050	402.00	0	5.26
1.48506	400.00	0	5.26
1.49058	387.00	0	5.26
1.49509	332.00	1	5.26
1.50067	246.00	0	5.28
1.50510	222.00	0	5.28
1.51061	214.00	0	5.28
1.51511	211.00	0	5.28
1.52062	208.00	0	5.28
1.52505	207.00	0	5.28
1.53057	207.00	0	5.28
1.53501	212.00	0	5.28
1.54053	228.00	0	5.28
1.54502	263.00	1	5.28
1.55054	313.00	0	5.28
1.55508	341.00	0	5.28
1.56068	360.00	0	5.28
1.56511	371.00	0	5.28
1.57063	381.00	0	5.28
1.57508	386.00	0	5.28
1.58056	380.00	0	5.28
1.58502	371.00	0	5.28
1.59057	310.00	1	5.28
1.59505	251.00	0	5.25
1.60053	220.00	0	5.25
1.60513	206.00	0	5.25
1.61079	207.00	0	5.25
1.61528	229.00	0	5.25
1.62078	200.00	0	5.25
1.62523	198.00	0	5.25
1.63072	198.00	0	5.25
1.63525	208.00	0	5.25
1.64074	265.00	1	5.25
1.64523	320.00	0	5.25
1.65074	361.00	0	5.25
1.65524	379.00	0	5.25
1.66076	394.00	0	5.25
1.66520	402.00	0	5.25
1.67078	403.00	0	5.25
1.67523	398.00	0	5.25
1.68075	377.00	0	5.25
1.68519	297.00	1	5.25
1.69071	233.00	0	5.26
1.69521	218.00	0	5.26
1.70078	213.00	0	5.26
1.70527	210.00	0	5.26
1.71080	208.00	0	5.26
1.71530	208.00	0	5.26
1.72087	210.00	0	5.26
1.72531	215.00	0	5.26
1.73081	239.00	0	5.26
1.73534	278.00	1	5.26
1.74084	325.00	0	5.26
1.74530	347.00	0	5.25
1.75083	364.00	0	5.25
1.75530	375.00	0	5.25
1.76081	382.00	0	5.25
1.76530	385.00	0	5.25
1.77080	380.00	0	5.25
1.77525	363.00	0	5.25
1.78078	284.00	1	5.25
1.78526	237.00	0	5.25
1.79083	216.00	0	5.26
1.79533	210.00	0	5.26
1.80085	206.00	0	5.26
1.80531	201.00	0	5.26
1.81083	197.00	0	5.26
1.81534	197.00	0	5.26
1.82086	60.00	0	5.26
1.82528	213.00	0	5.26
1.83078	277.00	1	5.26
1.83528	327.00	0	5.26
1.84080	366.00	0	5.26
1.84529	191.00	0	5.26
1.85079	398.00	0	5.26
1.85524	404.00	0	5.26
1.86088	403.00	0	5.26
1.86537	396.00	0	5.26
1.87090	364.00	1	5.26
1.87538	277.00	0	5.26
1.88090	228.00	0	5.38
1.88534	217.00	0	5.38
1.89084	213.00	0	5.38
1.89538	210.00	0	5.38
1.90092	209.00	0	5.38
1.90543	207.00	0	5.38
1.91093	210.00	0	5.38
1.91539	216.00	0	5.38
1.92089	242.00	1	5.38
1.92535	284.00	0	5.39
1.93090	329.00	0	5.39
1.93536	349.00	0	5.39
1.94086	366.00	0	5.39
1.94536	378.00	0	5.39
1.95087	386.00	0	5.39
1.95541	387.00	0	5.39
1.96091	378.00	0	5.39
1.96536	364.00	0	5.39
1.97086	286.00	1	5.39
1.97531	239.00	0	5.39
1.98083	217.00	0	5.26
1.98526	211.00	0	5.26
1.99083	207.00	0	5.26
1.99533	204.00	0	5.26
2.00090	200.00	0	5.26
2.00540	199.00	0	5.26
2.01092	200.00	0	5.26
2.01536	208.00	0	5.26
2.02088	268.00	1	5.26
2.02532	321.00	0	5.26
2.03090	366.00	0	5.26
2.03532	383.00	0	5.26
2.04082	395.00	0	5.26
2.04524	403.00	0	5.26
2.05072	404.00	0	5.26
2.05518	397.00	0	5.26
2.06066	368.00	1	5.26
2.06510	282.00	0	5.27
2.07058	230.00	0	5.27
2.07504	217.00	0	5.27
2.08060	213.00	0	5.27
2.08505	211.00	0	5.27
2.09054	209.00	0	5.27
2.09606	207.00	0	5.27
2.10048	210.00	0	5.27
2.10603	216.00	0	5.27
2.11055	236.00	0	5.27
2.11605	283.00	1	5.27
2.12049	321.00	0	5.12
2.12597	349.00	0	5.12
2.13042	365.00	0	5.12
2.13592	377.00	0	5.12
2.14044	384.00	0	5.12
2.14594	386.00	0	5.12
2.15039	380.00	0	5.12
2.15591	359.00	0	5.12
2.16033	293.00	1	5.12
2.16584	236.00	0	5.28
2.17027	218.00	0	5.28
2.17585	211.00	0	5.28
2.18033	207.00	0	5.28
2.18590	203.00	0	5.28
2.19034	199.00	0	5.28
2.19585	198.00	0	5.28
2.20027	199.00	0	5.28
2.20580	211.00	0	5.28
2.21024	261.00	1	5.28
2.21582	328.00	0	5.28
2.22024	360.00	0	5.28
2.22572	384.00	0	5.28
2.23017	395.00	0	5.28
2.23566	404.00	0	5.28
2.24017	405.00	0	5.28
2.24565	397.00	0	5.28
2.25009	377.00	0	5.28
2.25558	280.00	0	5.28
2.26109	230.00	1	5.28
2.26551	218.00	0	5.28
2.27106	68.00	0	5.28
2.27551	212.00	0	4.99
2.28098	210.00	0	4.99
2.28542	208.00	0	4.99
2.29091	209.00	0	4.99
2.29542	214.00	0	4.99
2.30090	235.00	0	4.99
2.30531	273.00	1	4.99
2.31087	322.00	0	5.28
2.31533	347.00	0	5.28
2.32084	365.00	0	5.28
2.32533	376.00	0	5.28
2.33084	384.00	0	5.28
2.33534	385.00	0	5.28
2.34093	376.00	0	5.28
2.34542	365.00	0	5.28
2.35093	295.00	1	5.28
2.35535	245.00	0	5.28
2.36086	219.00	0	5.25
2.36527	211.00	0	5.25
2.37082	208.00	0	5.25
2.37528	204.00	0	5.25
2.38082	200.00	0	5.25
2.38527	199.00	0	5.25
2.39082	199.00	0	5.25
2.39534	207.00	0	5.25
2.40082	264.00	1	5.25
2.40536	321.00	0	5.25
2.41092	364.00	0	5.25
2.41536	381.00	0	5.25
2.42084	395.00	0	5.25
2.42525	402.00	0	5.25
2.43076	405.00	0	5.25
2.43526	398.00	0	5.25
2.44083	377.00	0	5.25
2.44531	298.00	1	5.25
2.45081	235.00	0	5.43
2.45531	220.00	0	5.43
2.46081	213.00	0	5.43
2.46523	211.00	0	5.43
2.47073	209.00	0	5.43
2.47517	207.00	0	5.43
2.48072	208.00	0	5.43
2.48527	213.00	0	5.43
2.49084	233.00	0	5.43
2.49529	274.00	1	5.43
2.50077	324.00	0	5.43
2.50528	347.00	0	5.26
2.51076	365.00	0	5.26
2.51523	376.00	0	5.26
2.52071	383.00	0	5.26
2.52515	385.00	0	5.26
2.53066	382.00	0	5.26
2.53509	368.00	0	5.26
2.54060	305.00	1	5.26
2.54502	251.00	0	5.26
2.55059	219.00	0	5.27
2.55506	212.00	0	5.27
2.56071	208.00	0	5.27
2.56520	204.00	0	5.27
2.57074	200.00	0	5.27
2.57521	199.00	0	5.27
2.58074	199.00	0	5.27
2.58520	206.00	0	5.27
2.59070	260.00	1	5.27
2.59519	319.00	0	5.27
2.60069	360.00	0	5.27
2.60519	379.00	0	5.27
2.61071	394.00	0	5.27
2.61514	402.00	0	5.27
2.62065	404.00	0	5.27
2.62517	401.00	0	5.27
2.63068	381.00	0	5.27
2.63513	310.00	1	5.27
2.64069	237.00	0	5.27
2.64517	221.00	0	5.27
2.65074	214.00	0	5.27
2.65531	212.00	0	5.27
2.66086	209.00	0	5.27
2.66530	207.00	0	5.27
2.67087	209.00	0	5.27
2.67540	214.00	0	5.27
2.68094	235.00	0	5.27
2.68541	276.00	1	5.27
2.69094	325.00	0	5.26
2.69541	340.00	0	5.26
2.70094	367.00	0	5.26
2.70538	376.00	0	5.26
2.71093	385.00	0	5.26
2.71543	386.00	0	5.26
2.72097	381.00	0	5.26
2.72542	368.00	0	5.26
2.73093	297.00	1	5.26
2.73545	244.00	0	5.25
2.74099	219.00	0	5.25
2.74546	211.00	0	5.25
2.75098	206.00	0	5.25
2.75546	204.00	0	5.25
2.76101	199.00	0	5.25
2.76551	198.00	0	5.25
2.77001	200.00	0	5.25
2.77555	214.00	0	5.25
2.78105	282.00	1	5.25
2.78555	331.00	0	5.25
2.79005	361.00	0	5.25
2.79560	385.00	0	5.25
2.80012	396.00	0	5.25
2.80567	404.00	0	5.25
2.81013	407.00	0	5.25
2.81573	396.00	0	5.25
2.82024	378.00	0	5.25
2.82577	280.00	0	5.25
2.83019	235.00	1	5.25
2.83579	218.00	0	5.13
2.84024	214.00	0	5.13
2.84584	210.00	0	5.13
2.85033	209.00	0	5.13
2.85586	208.00	0	5.13
2.86030	210.00	0	5.13
2.86581	220.00	0	5.13
2.87033	246.00	1	5.13
2.87591	295.00	0	5.13
2.88036	331.00	0	5.41
2.88587	354.00	0	5.41
2.89036	367.00	0	5.41
2.89587	381.00	0	5.41
2.90038	385.00	0	5.41
2.90598	386.00	0	5.41
2.91052	378.00	0	5.41
2.91605	349.00	1	5.41
2.92058	281.00	0	5.40
2.92508	236.00	0	5.40
2.93059	216.00	0	5.40
2.93504	210.00	0	5.40
2.94058	206.00	0	5.40
2.94511	202.00	0	5.40
2.95062	199.00	0	5.40
2.95511	198.00	0	5.40
2.96062	201.00	0	5.40
2.96512	219.00	0	5.40
2.97064	287.00	1	5.40
2.97512	334.00	0	5.27
2.98062	369.00	0	5.27
2.98514	384.00	0	5.27
2.99065	398.00	0	5.27
2.99510	403.00	0	5.27
3.00062	403.00	0	5.27
3.00512	395.00	0	5.27
3.01066	359.00	1	5.27
3.01515	273.00	0	5.27
3.02068	228.00	0	5.54
3.02519	218.00	0	5.54
3.03072	213.00	0	5.54
3.03518	212.00	0	5.54
3.04071	209.00	0	5.54
3.04516	209.00	0	5.54
3.05071	213.00	0	5.54
3.05516	220.00	0	5.54
3.06076	254.00	1	5.54
3.06523	295.00	0	5.54
3.07084	337.00	0	5.25
3.07536	357.00	0	5.25
3.08088	372.00	0	5.25
3.08532	382.00	0	5.25
3.09094	387.00	0	5.25
3.09558	388.00	0	5.25
3.10009	381.00	0	5.25
3.10564	343.00	1	5.25
3.11011	275.00	0	5.25
3.11570	230.00	0	5.27
3.12015	215.00	0	5.27
3.12568	211.00	0	5.27
3.13018	207.00	0	5.27
3.13573	203.00	0	5.27
3.14017	200.00	0	5.27
3.14576	199.00	0	5.27
3.15021	203.00	0	5.27
3.15576	233.00	1	5.27
3.16019	292.00	0	5.27
3.16572	346.00	0	5.40
3.17022	371.00	0	5.40
3.17576	391.00	0	5.40
3.18019	399.00	0	5.40
3.18569	405.00	0	5.40
3.19015	402.00	0	5.40
3.19570	391.00	0	5.40
3.20017	341.00	1	5.40
3.20576	249.00	0	5.40
3.21021	226.00	0	5.28
3.21574	216.00	0	5.28
3.22020	213.00	0	5.28
3.22571	211.00	0	5.28
3.23022	211.00	0	5.28
3.23574	209.00	0	5.28
3.24020	214.00	0	5.28
3.24572	229.00	0	5.28
3.25017	261.00	1	5.28
3.25572	312.00	0	5.28
3.26015	340.00	0	5.28
3.26568	362.00	0	5.28
3.27012	374.00	0	5.28
3.27566	384.00	0	5.28
3.28018	389.00	0	5.28
3.28575	385.00	0	5.28
3.29020	377.00	0	5.28
3.29575	321.00	1	5.28
3.30020	258.00	0	5.28
3.30572	224.00	0	5.28
3.31020	215.00	0	5.26
3.31571	210.00	0	5.26
3.32017	208.00	0	5.26
3.32569	203.00	0	5.26
3.33021	201.00	0	5.26
3.33575	202.00	0	5.26
3.34028	208.00	0	5.26
3.34578	256.00	1	5.26
3.35033	317.00	0	5.26
3.35587	361.00	0	5.26
3.36032	384.00	0	5.26
3.36582	400.00	0	5.26
3.37028	406.00	0	5.26
3.37581	408.00	0	5.26
3.38025	402.00	0	5.26
3.38577	377.00	0	5.26
3.39021	292.00	1	5.26
3.39577	235.00	0	5.26
3.40021	221.00	0	5.26
3.40573	217.00	0	5.26
3.41020	214.00	0	5.26
3.41574	212.00	0	5.26
3.42018	210.00	0	5.26
3.42571	212.00	0	5.26
3.43018	217.00	0	5.26
3.43575	238.00	0	5.26
3.44019	277.00	1	5.26
3.44568	327.00	0	5.26
3.45015	351.00	0	5.26
3.45569	370.00	0	5.26
3.46015	380.00	0	5.26
3.46567	389.00	0	5.26
3.47010	390.00	0	5.26
3.47561	384.00	0	5.26
3.48012	365.00	0	5.26
3.48573	287.00	1	5.26
3.49023	242.00	0	5.26
3.49585	220.00	0	5.26
3.50031	213.00	0	5.26
3.50582	209.00	0	5.26
3.51027	206.00	0	5.26
3.51580	202.00	0	5.26
3.52030	202.00	0	5.26
3.52593	202.00	0	5.26
3.53041	211.00	0	5.26
3.53597	274.00	1	5.26
3.54041	329.00	0	5.26
3.54594	368.00	0	5.26
3.55039	385.00	0	5.26
3.55595	402.00	0	5.26
3.56050	408.00	0	5.26
3.56602	407.00	0	5.26
3.57048	398.00	0	5.26
3.57601	358.00	1	5.26
3.58044	275.00	0	5.26
3.58596	232.00	0	5.26
3.59047	222.00	0	5.38
3.59503	215.00	0	5.38
3.60057	214.00	0	5.38
3.60504	211.00	0	5.38
3.61064	210.00	0	5.38
3.61509	211.00	0	5.38
3.62068	219.00	0	5.38
3.62511	237.00	0	5.38
3.63066	289.00	1	5.38
3.63512	327.00	0	5.38
3.64064	354.00	0	5.25
3.64508	369.00	0	5.25
3.65060	385.00	0	5.25
3.65509	388.00	0	5.25
3.66059	388.00	0	5.25
3.66506	380.00	0	5.25
3.67055	347.00	1	5.25
3.67503	282.00	0	5.41
3.68055	234.00	0	5.41
3.68509	219.00	0	5.41
3.69063	212.00	0	5.41
3.69545	209.00	0	5.41
3.70022	205.00	0	5.41
3.70615	201.00	0	5.41
3.71085	200.00	0	5.41
3.71550	204.00	0	5.41
3.72006	223.00	0	5.41
3.72575	298.00	1	5.41
3.73044	346.00	0	5.27
3.73518	374.00	0	5.27
3.74003	391.00	0	5.27
3.74581	403.00	0	5.27
3.75006	408.00	0	5.27
3.75603	405.00	0	5.27
3.76059	397.00	0	5.27
3.76510	358.00	1	5.27
3.77060	262.00	0	5.29
3.77502	230.00	0	5.29
3.78057	218.00	0	5.29
3.78503	216.00	0	5.29
3.79057	213.00	0	5.29
3.79503	212.00	0	5.29
3.80051	210.00	0	5.29
3.80505	214.00	0	5.29
3.81056	224.00	0	5.29
3.81502	253.00	1	5.29
3.82050	307.00	0	5.29
3.82600	343.00	0	5.42
3.83042	361.00	0	5.42
3.83593	377.00	0	5.42
3.84075	387.00	0	5.42
3.84525	388.00	0	5.42
3.85076	388.00	0	5.42
3.85527	379.00	0	5.42
3.86084	333.00	1	5.42
3.86531	271.00	0	5.42
3.87088	229.00	0	5.26
3.87531	216.00	0	5.26
3.88083	212.00	0	5.26
3.88526	209.00	0	5.26
3.89076	203.00	0	5.26
3.89530	201.00	0	5.26
3.90057	201.00	0	5.26
3.90590	207.00	0	5.26
3.91006	232.00	0	5.26
3.91535	305.00	1	5.26
3.92057	352.00	0	5.26
3.92582	381.00	0	5.27
3.93013	394.00	0	5.27
3.93549	404.00	0	5.27
3.94081	409.00	0	5.27
3.94511	409.00	0	5.27
3.95034	394.00	0	5.27
3.95561	337.00	1	5.27
3.96083	253.00	0	5.27
3.96608	223.00	0	5.25
3.97024	217.00	0	5.25
3.97549	215.00	0	5.25
3.98075	212.00	0	5.25
3.98596	210.00	0	5.25
3.99020	210.00	0	5.25
3.99547	215.00	0	5.25
4.00083	226.00	0	5.25
4.00605	267.00	1	5.25
4.01027	309.00	0	5.23
4.01551	343.00	0	5.23
4.02086	362.00	0	5.23
4.02607	377.00	0	5.23
4.03024	385.00	0	5.23
4.03553	389.00	0	5.23
4.04074	387.00	0	5.23
4.04600	376.00	0	5.23
4.05019	341.00	1	5.23
4.05556	263.00	0	5.28
4.06078	227.00	0	5.28
4.06602	215.00	0	5.28
4.07020	211.00	0	5.28
4.07550	207.00	0	5.28
4.08072	203.00	0	5.28
4.08608	200.00	0	5.28
4.09024	200.00	0	5.28
4.09564	207.00	0	5.28
4.10090	253.00	1	5.28
4.10516	310.00	0	5.28
4.11043	357.00	0	5.39
4.11566	380.00	0	5.39
4.12100	397.00	0	5.39
4.12515	403.00	0	5.39
4.13042	407.00	0	5.39
4.13567	405.00	0	5.39
4.14103	390.00	0	5.39
4.14518	336.00	1	5.39
4.15042	251.00	0	5.39
4.15569	224.00	0	5.28
4.16091	216.00	0	5.28
4.16510	214.00	0	5.28
4.17033	212.00	0	5.28
4.17561	210.00	0	5.28
4.18093	211.00	0	5.28
4.18522	216.00	0	5.28
4.19053	229.00	0	5.28
4.19582	273.00	1	5.28
4.20105	320.00	0	5.28
4.20531	345.00	0	5.28
4.21060	364.00	0	5.27
4.21583	377.00	0	5.27
4.22000	384.00	0	5.27
4.22532	390.00	0	5.27
4.23066	386.00	0	5.27
4.23600	374.00	0	5.27
4.24018	325.00	1	5.27
4.24549	254.00	0	5.27
4.25075	223.00	0	5.26
4.25501	214.00	0	5.26
4.26023	210.00	0	5.26
4.26558	207.00	0	5.26
4.27084	202.00	0	5.26
4.27504	201.00	0	5.26
4.28026	201.00	0	5.26
4.28551	209.00	0	5.26
4.29074	262.00	1	5.26
4.29503	317.00	0	5.27
4.30035	360.00	0	5.27
4.30559	382.00	0	5.27
4.31090	397.00	0	5.27
4.31503	404.00	0	5.27
4.32029	406.00	0	5.27
4.32560	403.00	0	5.27
4.33088	384.00	0	5.27
4.33513	310.00	1	5.27
4.34048	242.00	0	5.26
4.34579	221.00	0	5.26
4.35005	216.00	0	5.26
4.35544	212.00	0	5.26
4.36070	211.00	0	5.26
4.36600	208.00	0	5.26
4.37016	211.00	0	5.26
4.37546	216.00	0	5.26
4.38077	237.00	0	5.26
4.38602	283.00	1	5.26
4.39019	320.00	0	5.26
4.39546	349.00	0	5.26
4.40068	365.00	0	5.26
4.40603	378.00	0	5.26
4.41021	386.00	0	5.26
4.41549	390.00	0	5.26
4.42070	385.00	0	5.26
4.42594	370.00	0	5.26
4.43015	316.00	1	5.26
4.43554	247.00	0	5.26
4.44082	221.00	0	5.26
4.44510	213.00	0	5.26
4.45037	208.00	0	5.26
4.45561	207.00	0	5.26
4.46085	201.00	0	5.26
4.46514	201.00	0	5.26
4.47043	200.00	0	5.26
4.47567	206.00	0	5.26
4.48106	257.00	1	5.26
4.48536	311.00	0	5.26
4.49061	356.00	0	5.26
4.49592	381.00	0	5.25
4.50038	393.00	0	5.25
4.50585	406.00	0	5.25
4.51022	407.00	0	5.25
4.51573	405.00	0	5.25
4.52008	389.00	0	5.25
4.52561	304.00	1	5.25
4.53012	243.00	0	5.25
4.53559	220.00	0	5.25
4.54108	215.00	0	5.25
4.54544	213.00	0	5.25
4.55093	211.00	0	5.25
4.55530	209.00	0	5.25
4.56082	211.00	0	5.25
4.56541	215.00	0	5.25
4.57093	232.00	0	5.25
4.57536	267.00	1	5.25
4.58079	317.00	0	5.25
4.58530	341.00	0	5.28
4.59091	363.00	0	5.28
4.59542	376.00	0	5.28
4.60047	387.00	0	5.28
4.60557	388.00	0	5.28
4.61075	385.00	0	5.28
4.61585	374.00	0	5.28
4.62089	312.00	1	5.28
4.62605	246.00	0	5.24
4.63004	224.00	0	5.24
4.63586	214.00	0	5.24
4.64106	210.00	0	5.24
4.64507	207.00	0	5.24
4.65017	203.00	0	5.24
4.65507	200.00	0	5.24
4.66026	199.00	0	5.24
4.66535	205.00	0	5.24
4.67057	243.00	1	5.24
4.67565	309.00	0	5.24
4.68073	352.00	0	5.28
4.68586	380.00	0	5.28
4.69104	394.00	0	5.28
4.69510	401.00	0	5.28
4.70072	406.00	0	5.28
4.70544	402.00	0	5.28
4.71017	391.00	0	5.28
4.71591	306.00	1	5.28
4.72050	243.00	0	5.28
4.72515	222.00	0	5.25
4.73084	216.00	0	5.25
4.73556	211.00	0	5.25
4.74015	210.00	0	5.25
4.74587	208.00	0	5.25
4.75048	210.00	0	5.25
4.75526	213.00	0	5.25
4.76035	222.00	0	5.25
4.76511	259.00	1	5.25
4.77005	305.00	0	5.27
4.77584	344.00	0	5.27
4.78086	363.00	0	5.27
4.78611	378.00	0	5.27
4.79092	385.00	0	5.27
4.79554	388.00	0	5.27
4.80062	384.00	0	5.27
4.80576	371.00	0	5.27
4.81092	309.00	1	5.27
4.81606	248.00	0	5.27
4.82016	225.00	0	5.26
4.82520	215.00	0	5.26
4.83033	210.00	0	5.26
4.83541	206.00	0	5.26
4.84049	202.00	0	5.26
4.84562	200.00	0	5.26
4.85071	200.00	0	5.26
4.85578	205.00	0	5.26
4.86098	246.00	1	5.26
4.86601	315.00	0	5.26
4.87110	361.00	0	5.25
4.87507	379.00	0	5.25
4.88011	393.00	0	5.25
4.88525	403.00	0	5.25
4.89044	406.00	0	5.25
4.89555	399.00	0	5.25
4.90083	380.00	0	5.25
4.90513	308.00	1	5.25
4.91044	241.00	0	5.25
4.91571	220.00	0	5.29
4.92092	215.00	0	5.29
4.92511	214.00	0	5.29
4.93034	211.00	0	5.29
4.93560	210.00	0	5.29
4.94081	209.00	0	5.29
4.94606	215.00	0	5.29
4.95021	227.00	0	5.29
4.95554	270.00	1	5.29
4.96079	318.00	0	5.25
4.96502	346.00	0	5.25
4.97028	364.00	0	5.25
4.97551	378.00	0	5.25
4.98081	385.00	0	5.25
4.98602	387.00	0	5.25
4.99023	382.00	0	5.25
4.99546	368.00	0	5.25
5.00071	295.00	1	5.25
5.00602	238.00	0	5.25
5.01021	221.00	0	5.25
5.01548	213.00	0	5.27
5.02080	208.00	0	5.27
5.02606	204.00	0	5.27
5.03021	202.00	0	5.27
5.03560	200.00	0	5.27
5.04080	202.00	0	5.27
5.04510	210.00	0	5.27
5.05041	271.00	1	5.27
5.05583	334.00	0	5.28
5.06007	364.00	0	5.28
5.06528	386.00	0	5.28
5.07054	400.00	0	5.28
5.07577	406.00	0	5.28
5.08101	408.00	0	5.28
5.08526	399.00	0	5.28
5.09061	371.00	1	5.28
5.09587	275.00	0	5.28
5.10047	236.00	0	5.39
5.10568	219.00	0	5.39
5.11100	216.00	0	5.39
5.11514	214.00	0	5.39
5.12035	211.00	0	5.39
5.12570	209.00	0	5.39
5.13093	212.00	0	5.39
5.13521	220.00	0	5.39
5.14041	248.00	1	5.39
5.14565	299.00	0	5.41
5.15088	338.00	0	5.41
5.15517	356.00	0	5.41
5.16047	373.00	0	5.41
5.16571	385.00	0	5.41
5.17094	387.00	0	5.41
5.17516	388.00	0	5.41
5.18040	379.00	0	5.41
5.18561	342.00	1	5.41
5.19087	268.00	0	5.41
5.19503	233.00	0	5.41
5.20028	217.00	0	5.41
5.20558	211.00	0	5.41
5.21096	207.00	0	5.41
5.21510	204.00	0	5.41
5.22034	200.00	0	5.41
5.22554	200.00	0	5.41
5.23091	204.00	0	5.41
5.23504	229.00	0	5.41
5.24024	301.00	1	5.41
5.24557	353.00	0	5.27
5.25082	378.00	0	5.27
5.25503	392.00	0	5.27
5.26024	403.00	0	5.27
5.26549	406.00	0	5.27
5.27077	404.00	0	5.27
5.27507	391.00	0	5.27
5.28038	332.00	1	5.27
5.28562	250.00	0	5.27
5.29087	223.00	0	5.27
5.29504	217.00	0	5.27
5.30029	213.00	0	5.27
5.30559	211.00	0	5.27
5.31085	210.00	0	5.27
5.31501	211.00	0	5.27
5.32025	215.00	0	5.27
5.32545	232.00	0	5.27
5.33071	279.00	1	5.27
5.33594	325.00	0	5.27
5.34011	349.00	0	5.25
5.34546	365.00	0	5.25
5.35082	379.00	0	5.25
5.35507	386.00	0	5.25
5.36038	389.00	0	5.25
5.36562	384.00	0	5.25
5.37084	366.00	0	5.25
5.37504	306.00	1	5.25
5.38023	244.00	0	5.25
5.38548	220.00	0	5.28
5.39070	212.00	0	5.28
5.39606	209.00	0	5.28
5.40029	205.00	0	5.28
5.40564	201.00	0	5.28
5.41091	200.00	0	5.28
5.41505	202.00	0	5.28
5.42029	218.00	0	5.28
5.42550	285.00	1	5.28
5.43078	343.00	0	5.40
5.43601	375.00	0	5.40
5.44027	388.00	0	5.40
5.44551	402.00	0	5.40
5.45084	407.00	0	5.40
5.45606	407.00	0	5.40
5.46033	396.00	0	5.40
5.46553	361.00	1	5.40
5.47079	263.00	0	5.40
5.47536	230.00	0	5.40
5.48104	217.00	0	5.40
5.48533	214.00	0	5.40
5.49064	212.00	0	5.40
5.49595	211.00	0	5.40
5.50008	210.00	0	5.40
5.50533	213.00	0	5.40
5.51057	225.00	0	5.40
5.51583	265.00	1	5.40
5.52105	314.00	0	5.40
5.52533	342.00	0	5.40
5.53055	361.00	0	5.40
5.53591	376.00	0	5.40
5.54004	384.00	0	5.40
5.54533	389.00	0	5.40
5.55059	387.00	0	5.40
5.55595	373.00	0	5.40
5.56027	330.00	1	5.40
5.56553	256.00	0	5.40
5.57091	224.00	0	5.40
5.57579	215.00	0	5.40
5.58011	210.00	0	5.40
5.58544	206.00	0	5.40
5.59078	202.00	0	5.40
5.59505	200.00	0	5.40
5.60027	201.00	0	5.40
5.60504	209.00	0	5.40
5.61086	268.00	1	5.40
5.61565	327.00	0	5.39
5.62036	362.00	0	5.39
5.62607	386.00	0	5.39
5.63067	399.00	0	5.39
5.63533	405.00	0	5.39
5.64006	407.00	0	5.39
5.64578	399.00	0	5.39
5.65051	378.00	0	5.39
5.65512	289.00	1	5.39
5.66082	231.00	0	5.27
5.66552	220.00	0	5.27
5.67016	214.00	0	5.27
5.67585	213.00	0	5.27
5.68063	210.00	0	5.27
5.68536	209.00	0	5.27
5.69001	211.00	0	5.27
5.69581	223.00	0	5.27
5.70043	254.00	1	5.27
5.70590	305.00	0	5.27
5.71037	337.00	0	5.27
5.71587	360.00	0	5.42
5.72027	373.00	0	5.42
5.72582	384.00	0	5.42
5.73029	387.00	0	5.42
5.73579	385.00	0	5.42
5.74025	377.00	0	5.42
5.74580	318.00	1	5.42
5.75028	255.00	0	5.42
5.75583	222.00	0	5.39
5.76029	214.00	0	5.39
5.76578	209.00	0	5.39
5.77025	205.00	0	5.39
5.77578	201.00	0	5.39
5.78019	200.00	0	5.39
5.78595	202.00	0	5.39
5.79043	211.00	0	5.39
5.79600	273.00	1	5.39
5.80046	326.00	0	5.39
5.80595	367.00	0	5.39
5.81050	387.00	0	5.40
5.81605	400.00	0	5.40
5.82054	408.00	0	5.40
5.82604	405.00	0	5.40
5.83067	397.00	0	5.40
5.83512	365.00	1	5.40
5.84062	262.00	0	5.56
5.84503	229.00	0	5.56
5.85056	217.00	0	5.56
5.85501	214.00	0	5.56
5.86053	211.00	0	5.56
5.86603	209.00	0	5.56
5.87044	210.00	0	5.56
5.87596	215.00	0	5.56
5.88036	225.00	0	5.56
5.88591	266.00	1	5.56
5.89039	309.00	0	5.56
5.89586	344.00	0	5.56
5.90035	360.00	0	5.39
5.90588	376.00	0	5.39
5.91031	384.00	0	5.39
5.91579	388.00	0	5.39
5.92027	386.00	0	5.39
5.92580	369.00	0	5.39
5.93025	306.00	1	5.39
5.93580	241.00	0	5.39
5.94021	220.00	0	5.39
5.94575	212.00	0	5.42
5.95022	209.00	0	5.42
5.95575	204.00	0	5.42
5.96016	201.00	0	5.42
5.96570	199.00	0	5.42
5.97018	201.00	0	5.42
5.97568	218.00	0	5.42
5.98014	274.00	1	5.42
5.98569	339.00	0	5.43
5.99011	367.00	0	5.43
5.99567	388.00	0	5.43
6.00007	399.00	0	5.43
6.00554	406.00	0	5.43
6.01106	402.00	0	5.43
6.01547	392.00	0	5.43
6.02096	316.00	1	5.43
6.02544	249.00	0	5.43
6.03099	222.00	0	5.38
6.03540	215.00	0	5.38
6.04095	213.00	0	5.38
6.04541	212.00	0	5.38
6.05090	209.00	0	5.38
6.05536	209.00	0	5.38
6.06082	215.00	0	5.38
6.06531	227.00	0	5.38
6.07083	270.00	1	5.38
6.07528	314.00	0	5.41
6.08080	347.00	0	5.41
6.08522	364.00	0	5.41
6.09069	378.00	0	5.41
6.09513	385.00	0	5.41
6.10065	387.00	0	5.41
6.10505	382.00	0	5.41
6.11053	361.00	0	5.41
6.11501	295.00	1	5.41
6.12056	237.00	0	5.41
6.12503	219.00	0	5.41
6.13057	212.00	0	5.41
6.13606	207.00	0	5.41
6.14048	204.00	0	5.41
6.14595	200.00	0	5.41
6.15045	199.00	0	5.41
6.15592	201.00	0	5.41
6.16038	217.00	0	5.41
6.16593	292.00	1	5.41
6.17040	342.00	0	5.41
6.17598	373.00	0	5.38
6.18038	390.00	0	5.38
6.18592	401.00	0	5.38
6.19033	405.00	0	5.38
6.19585	402.00	0	5.38
6.20031	391.00	0	5.38
6.20587	322.00	1	5.38
6.21035	254.00	0	5.38
6.21592	224.00	0	5.41
6.22034	216.00	0	5.41
6.22596	212.00	0	5.41
6.23053	210.00	0	5.41
6.23604	209.00	0	5.41
6.24045	209.00	0	5.41
6.24592	215.00	0	5.41
6.25042	228.00	0	5.41
6.25590	273.00	1	5.41
6.26081	320.00	0	5.40
6.26534	348.00	0	5.40
6.27082	366.00	0	5.40
6.27532	379.00	0	5.40
6.28089	385.00	0	5.40
6.28539	388.00	0	5.40
6.29088	380.00	0	5.40
6.29533	360.00	0	5.40
6.30085	285.00	1	5.40
6.30529	239.00	0	5.40
6.31080	219.00	0	5.40
6.31527	212.00	0	5.38
6.32081	208.00	0	5.38
6.32526	204.00	0	5.38
6.33076	201.00	0	5.38
6.33523	199.00	0	5.38
6.34072	201.00	0	5.38
6.34523	219.00	0	5.38
6.35076	292.00	1	5.38
6.35522	341.00	0	5.41
6.36073	375.00	0	5.41
6.36515	389.00	0	5.41
6.37071	401.00	0	5.41
6.37515	405.00	0	5.41
6.38066	405.00	0	5.41
6.38510	390.00	0	5.41
6.39060	329.00	1	5.41
6.39503	257.00	0	5.41
6.40054	227.00	0	5.41
6.40603	216.00	0	5.41
6.41058	213.00	0	5.41
6.41508	211.00	0	5.41
6.42061	209.00	0	5.41
6.42507	209.00	0	5.41
6.43056	214.00	0	5.41
6.43502	225.00	0	5.41
6.44053	269.00	1	5.41
6.44604	321.00	0	5.42
6.45047	347.00	0	5.42
6.45601	366.00	0	5.42
6.46043	378.00	0	5.42
6.46594	385.00	0	5.42
6.47039	388.00	0	5.42
6.47596	382.00	0	5.42
6.48060	367.00	0	5.42
6.48513	309.00	1	5.42
6.49070	242.00	0	5.43
6.49515	222.00	0	5.43
6.50066	212.00	0	5.43
6.50508	208.00	0	5.43
6.51058	204.00	0	5.43
6.51502	201.00	0	5.43
6.52054	199.00	0	5.43
6.52603	203.00	0	5.43
6.53050	218.00	0	5.43
6.53600	291.00	1	5.43
6.54052	341.00	0	5.40
6.54601	373.00	0	5.40
6.55044	391.00	0	5.40
6.55608	402.00	0	5.40
6.56068	406.00	0	5.40
6.56515	405.00	0	5.40
6.57067	396.00	0	5.40
6.57514	361.00	1	5.40
6.58065	261.00	0	5.40
6.58509	229.00	0	5.42
6.59058	217.00	0	5.42
6.59502	215.00	0	5.42
6.60053	211.00	0	5.42
6.60605	210.00	0	5.42
6.61056	210.00	0	5.42
6.61504	213.00	0	5.42
6.62085	227.00	0	5.42
6.62539	264.00	1	5.42
6.63092	317.00	0	5.41
6.63536	345.00	0	5.41
6.64089	363.00	0	5.41
6.64532	376.00	0	5.41
6.65081	385.00	0	5.41
6.65526	389.00	0	5.41
6.66076	384.00	0	5.41
6.66527	373.00	0	5.41
6.67077	309.00	1	5.41
6.67524	250.00	0	5.39
6.68077	221.00	0	5.39
6.68521	213.00	0	5.39
6.69070	208.00	0	5.39
6.69516	205.00	0	5.39
6.70064	201.00	0	5.39
6.70508	199.00	0	5.39
6.71064	200.00	0	5.39
6.71507	210.00	0	5.39
6.72058	274.00	1	5.39
6.72503	329.00	0	5.39
6.73056	366.00	0	5.42
6.73606	387.00	0	5.42
6.74050	397.00	0	5.42
6.74601	406.00	0	5.42
6.75051	404.00	0	5.42
6.75605	395.00	0	5.42
6.76055	365.00	1	5.42
6.76501	279.00	0	5.42
6.77057	230.00	0	5.39
6.77501	220.00	0	5.39
6.78051	214.00	0	5.39
6.78602	212.00	0	5.39
6.79045	209.00	0	5.39
6.79596	208.00	0	5.39
6.80041	212.00	0	5.39
6.80600	224.00	0	5.39
6.81050	255.00	1	5.39
6.81500	300.00	0	5.40
6.82055	340.00	0	5.40
6.82604	361.00	0	5.40
6.83047	373.00	0	5.40
6.83603	385.00	0	5.40
6.84051	388.00	0	5.40
6.84599	384.00	0	5.40
6.85047	377.00	0	5.40
6.85600	316.00	1	5.40
6.86045	256.00	0	5.40
6.86596	223.00	0	5.40
6.87056	213.00	0	5.40
6.87513	210.00	0	5.40
6.88067	205.00	0	5.40
6.88513	201.00	0	5.40
6.89062	200.00	0	5.40
6.89509	200.00	0	5.40
6.90058	210.00	0	5.40
6.90505	254.00	1	5.40
6.91057	324.00	0	5.40
6.91508	360.00	0	5.42
6.92060	385.00	0	5.42
6.92507	395.00	0	5.42
6.93061	404.00	0	5.42
6.93514	406.00	0	5.42
6.94067	399.00	0	5.42
6.94509	381.00	0	5.42
6.95060	284.00	0	5.42
6.95502	236.00	1	5.42
6.96050	218.00	0	5.14
6.96599	214.00	0	5.14
6.97044	212.00	0	5.14
6.97594	210.00	0	5.14
6.98038	209.00	0	5.14
6.98588	212.00	0	5.14
6.99040	220.00	0	5.14
6.99589	252.00	1	5.14
7.00034	295.00	0	5.14
7.00585	336.00	0	5.39
7.01029	356.00	0	5.39
7.01588	372.00	0	5.39
7.02037	381.00	0	5.39
7.02588	388.00	0	5.39
7.03031	388.00	0	5.39
7.03584	377.00	0	5.39
7.04028	341.00	1	5.39
7.04583	261.00	0	5.43
7.05032	228.00	0	5.43
7.05585	214.00	0	5.43
7.06027	209.00	0	5.43
7.06578	205.00	0	5.43
7.07027	202.00	0	5.43
7.07577	198.00	0	5.43
7.08021	198.00	0	5.43
7.08569	206.00	0	5.43
7.09017	243.00	1	5.43
7.09567	315.00	0	5.43
7.10010	351.00	0	5.43
7.10560	380.00	0	5.40
7.11002	394.00	0	5.40
7.11555	406.00	0	5.40
7.12002	405.00	0	5.40
7.12557	401.00	0	5.40
7.13001	386.00	0	5.40
7.13553	296.00	0	5.40
7.14102	234.00	1	5.40
7.14546	219.00	0	5.38
7.15098	214.00	0	5.38
7.15540	212.00	0	5.38
7.16092	210.00	0	5.38
7.16535	209.00	0	5.38
7.17088	211.00	0	5.38
7.17532	217.00	0	5.38
7.18083	244.00	1	5.38
7.18525	287.00	0	5.38
7.19076	332.00	0	5.41
7.19521	353.00	0	5.41
7.20072	369.00	0	5.41
7.20520	380.00	0	5.41
7.21069	386.00	0	5.41
7.21517	388.00	0	5.41
7.22066	378.00	0	5.41
7.22511	345.00	1	5.41
7.23065	261.00	0	5.41
7.23512	228.00	0	5.41
7.24066	214.00	0	5.41
7.24508	210.00	0	5.41
7.25063	206.00	0	5.41
7.25506	203.00	0	5.41
7.26056	201.00	0	5.41
7.26604	200.00	0	5.41
7.27050	206.00	0	5.41
7.27603	258.00	1	5.41
7.28047	316.00	0	5.38
7.28595	362.00	0	5.38
7.29039	382.00	0	5.38
7.29591	397.00	0	5.38
7.30032	404.00	0	5.38
7.30587	406.00	0	5.38
7.31030	398.00	0	5.38
7.31587	356.00	1	5.38
7.32029	271.00	0	5.38
7.32578	226.00	0	5.72
7.33022	217.00	0	5.72
7.33572	215.00	0	5.72
7.34016	212.00	0	5.72
7.34571	210.00	0	5.72
7.35019	209.00	0	5.72
7.35570	213.00	0	5.72
7.36014	222.00	0	5.72
7.36564	257.00	1	5.72
7.37015	303.00	0	5.41
7.37567	341.00	0	5.41
7.38010	359.00	0	5.41
7.38561	374.00	0	5.41
7.39003	384.00	0	5.41
7.39560	388.00	0	5.41
7.40003	385.00	0	5.41
7.40561	366.00	0	5.41
7.41007	302.00	1	5.41
7.41567	238.00	0	5.41
7.42011	220.00	0	5.41
7.42569	212.00	0	5.41
7.43014	209.00	0	5.41
7.43567	204.00	0	5.41
7.44015	201.00	0	5.41
7.44567	199.00	0	5.41
7.45018	201.00	0	5.41
7.45573	218.00	0	5.41
7.46016	277.00	1	5.41
7.46569	341.00	0	5.43
7.47018	370.00	0	5.43
7.47570	391.00	0	5.43
7.48016	401.00	0	5.43
7.48581	406.00	0	5.43
7.49028	402.00	0	5.43
7.49584	386.00	0	5.43
7.50028	318.00	1	5.43
7.50577	242.00	0	5.43
7.51026	223.00	0	5.42
7.51577	215.00	0	5.42
7.52025	213.00	0	5.42
7.52574	210.00	0	5.42
7.53020	209.00	0	5.42
7.53571	209.00	0	5.42
7.54017	214.00	0	5.42
7.54569	232.00	0	5.42
7.55012	271.00	1	5.42
7.55608	327.00	0	5.42
7.56069	352.00	0	5.42
7.56523	367.00	0	5.42
7.57105	381.00	0	5.42
7.57560	384.00	0	5.42
7.58007	387.00	0	5.42
7.58565	378.00	0	5.42
7.59011	357.00	0	5.42
7.59562	276.00	1	5.42
7.60009	235.00	0	5.42
7.60560	215.00	0	5.39
7.61004	211.00	0	5.39
7.61561	206.00	0	5.39
7.62006	203.00	0	5.39
7.62561	200.00	0	5.39
7.63003	199.00	0	5.39
7.63554	203.00	0	5.39
7.64000	229.00	0	5.39
7.64551	306.00	1	5.39
7.65102	357.00	0	5.40
7.65547	378.00	0	5.40
7.66099	395.00	0	5.40
7.66543	402.00	0	5.40
7.67096	406.00	0	5.40
7.67543	401.00	0	5.40
7.68092	383.00	0	5.40
7.68540	306.00	1	5.40
7.69090	235.00	0	5.40
7.69537	222.00	0	5.40
7.70086	214.00	0	5.40
7.70530	212.00	0	5.40
7.71080	209.00	0	5.40
7.71524	209.00	0	5.40
7.72081	210.00	0	5.40
7.72530	217.00	0	5.40
7.73081	245.00	1	5.40
7.73528	289.00	0	5.40
7.74079	334.00	0	5.53
7.74522	355.00	0	5.53
7.75075	371.00	0	5.53
7.75522	380.00	0	5.53
7.76073	385.00	0	5.53
7.76515	388.00	0	5.53
7.77068	378.00	0	5.53
7.77517	345.00	1	5.53
7.78068	265.00	0	5.53
7.78517	232.00	0	5.57
7.79067	215.00	0	5.57
7.79513	210.00	0	5.57
7.80065	207.00	0	5.57
7.80508	203.00	0	5.57
7.81059	200.00	0	5.57
7.81620	200.00	0	5.57
7.82077	206.00	0	5.57
7.82524	243.00	1	5.57
7.83077	318.00	0	5.56
7.83522	355.00	0	5.56
7.84076	381.00	0	5.56
7.84522	394.00	0	5.56
7.85078	404.00	0	5.56
7.85527	404.00	0	5.56
7.86077	402.00	0	5.56
7.86519	388.00	0	5.56
7.87074	298.00	0	5.56
7.87517	242.00	1	5.56
7.88068	220.00	0	5.56
7.88513	215.00	0	5.27
7.89064	212.00	0	5.27
7.89509	209.00	0	5.27
7.90063	208.00	0	5.27
7.90511	210.00	0	5.27
7.91065	217.00	0	5.27
7.91512	240.00	0	5.27
7.92061	293.00	1	5.27
7.92509	331.00	0	5.27
7.93060	356.00	0	5.27
7.93505	369.00	0	5.27
7.94056	382.00	0	5.27
7.94604	386.00	0	5.27
7.95053	386.00	0	5.27
7.95502	379.00	0	5.27
7.96055	343.00	1	5.27
7.96605	263.00	0	5.27
7.97051	228.00	0	5.39
7.97605	214.00	0	5.39
7.98051	210.00	0	5.39
7.98605	205.00	0	5.39
7.99049	201.00	0	5.39
7.99604	199.00	0	5.39
8.00048	199.00	0	5.39
8.00605	207.00	0	5.39
8.01049	246.00	1	5.39
8.01503	311.00	0	5.40
8.02052	358.00	0	5.40
8.02605	382.00	0	5.40
8.03050	393.00	0	5.40
8.03605	403.00	0	5.40
8.04047	403.00	0	5.40
8.04599	399.00	0	5.40
8.05049	381.00	0	5.40
8.05599	285.00	0	5.40
8.06043	235.00	1	5.40
8.06598	218.00	0	5.40
8.07048	214.00	0	5.40
8.07597	211.00	0	5.40
8.08043	209.00	0	5.40
8.08592	208.00	0	5.40
8.09040	211.00	0	5.40
8.09592	220.00	0	5.40
8.10034	245.00	1	5.40
8.10586	298.00	0	5.56
8.11031	333.00	0	5.56
8.11585	359.00	0	5.56
8.12030	370.00	0	5.56
8.12581	381.00	0	5.56
8.13026	387.00	0	5.56
8.13581	386.00	0	5.56
8.14023	377.00	0	5.56
8.14574	324.00	1	5.56
8.15022	260.00	0	5.40
8.15573	223.00	0	5.40
8.16021	213.00	0	5.40
8.16573	209.00	0	5.40
8.17019	205.00	0	5.40
8.17571	198.00	0	5.40
8.18014	199.00	0	5.40
8.18566	200.00	0	5.40
8.19018	209.00	0	5.40
8.19573	273.00	1	5.40
8.20016	325.00	0	5.40
8.20568	366.00	0	5.40
8.21017	384.00	0	5.40
8.21578	399.00	0	5.40
8.22026	405.00	0	5.40
8.22580	404.00	0	5.40
8.23024	396.00	0	5.40
8.23580	343.00	1	5.40
8.24026	261.00	0	5.40
8.24577	221.00	0	5.70
8.25021	216.00	0	5.70
8.25572	212.00	0	5.70
8.26019	210.00	0	5.70
8.26567	208.00	0	5.70
8.27017	209.00	0	5.70
8.27568	215.00	0	5.70
8.28013	229.00	0	5.70
8.28562	276.00	1	5.70
8.29006	318.00	0	5.40
8.29556	349.00	0	5.40
8.30001	364.00	0	5.40
8.30554	379.00	0	5.40
8.31001	384.00	0	5.40
8.31550	387.00	0	5.40
8.32104	380.00	0	5.40
8.32547	363.00	0	5.40
8.33096	279.00	1	5.40
8.33543	234.00	0	5.40
8.34094	215.00	0	5.40
8.34542	210.00	0	5.40
8.35092	207.00	0	5.40
8.35538	202.00	0	5.40
8.36089	200.00	0	5.40
8.36532	199.00	0	5.40
8.37085	204.00	0	5.40
8.37529	232.00	0	5.40
8.38080	306.00	1	5.40
8.38524	347.00	0	5.40
8.39076	376.00	0	5.40
8.39524	392.00	0	5.40
8.40074	403.00	0	5.40
8.40517	405.00	0	5.40
8.41066	401.00	0	5.40
8.41519	387.00	0	5.40
8.42071	294.00	0	5.40
8.42515	238.00	1	5.40
8.43064	219.00	0	5.40
8.43511	214.00	0	5.28
8.44060	211.00	0	5.28
8.44506	209.00	0	5.28
8.45057	208.00	0	5.28
8.45509	210.00	0	5.28
8.46059	217.00	0	5.28
8.46505	239.00	0	5.28
8.47056	290.00	1	5.28
8.47502	328.00	0	5.28
8.48067	354.00	0	5.41
8.48528	367.00	0	5.41
8.49080	381.00	0	5.41
8.49525	386.00	0	5.41
8.50077	386.00	0	5.41
8.50523	378.00	0	5.41
8.51077	331.00	1	5.41
8.51521	264.00	0	5.41
8.52079	224.00	0	5.56
8.52532	214.00	0	5.56
8.53086	209.00	0	5.56
8.53531	204.00	0	5.56
8.54080	201.00	0	5.56
8.54526	199.00	0	5.56
8.55075	199.00	0	5.56
8.55530	205.00	0	5.56
8.56008	245.00	1	5.56
8.56566	319.00	0	5.58
8.57016	355.00	0	5.58
8.57569	382.00	0	5.58
8.58011	394.00	0	5.58
8.58563	405.00	0	5.58
8.59011	405.00	0	5.58
8.59561	397.00	0	5.58
8.60007	371.00	1	5.58
8.60565	264.00	0	5.72
8.61014	229.00	0	5.72
8.61574	217.00	0	5.72
8.62022	213.00	0	5.72
8.62572	211.00	0	5.72
8.63018	209.00	0	5.72
8.63568	209.00	0	5.72
8.64014	212.00	0	5.72
8.64565	221.00	0	5.72
8.65012	250.00	1	5.72
8.65562	304.00	0	5.72
8.66007	338.00	0	5.72
8.66560	357.00	0	5.57
8.67005	372.00	0	5.57
8.67557	384.00	0	5.57
8.68106	385.00	0	5.57
8.68552	382.00	0	5.57
8.69101	364.00	0	5.57
8.69545	302.00	1	5.57
8.70094	239.00	0	5.57
8.70536	219.00	0	5.57
8.71090	212.00	0	5.41
8.71534	207.00	0	5.41
8.72087	203.00	0	5.41
8.72531	200.00	0	5.41
8.73084	199.00	0	5.41
8.73528	201.00	0	5.41
8.74082	221.00	0	5.41
8.74525	281.00	1	5.41
8.75082	342.00	0	5.40
8.75525	370.00	0	5.40
8.76073	391.00	0	5.40
8.76522	400.00	0	5.40
8.77079	403.00	0	5.40
8.77528	401.00	0	5.40
8.78077	380.00	0	5.40
8.78524	302.00	1	5.40
8.79073	235.00	0	5.40
8.79519	219.00	0	5.40
8.80074	214.00	0	5.40
8.80523	211.00	0	5.40
8.81071	208.00	0	5.40
8.81518	207.00	0	5.40
8.82072	210.00	0	5.40
8.82521	216.00	0	5.40
8.83072	246.00	1	5.40
8.83519	293.00	0	5.40
8.84071	337.00	0	5.54
8.84513	355.00	0	5.54
8.85066	374.00	0	5.54
8.85580	383.00	0	5.54
8.86040	386.00	0	5.54
8.86589	382.00	0	5.54
8.87036	370.00	0	5.54
8.87590	299.00	1	5.54
8.88034	246.00	0	5.54
8.88588	218.00	0	5.54
8.89031	212.00	0	5.54
8.89584	208.00	0	5.54
8.90031	204.00	0	5.54
8.90584	199.00	0	5.54
8.91031	199.00	0	5.54
8.91585	201.00	0	5.54
8.92032	219.00	0	5.54
8.92584	296.00	1	5.54
8.93033	344.00	0	5.54
8.93589	375.00	0	5.54
8.94031	390.00	0	5.54
8.94585	399.00	0	5.54
8.95031	404.00	0	5.54
8.95581	399.00	0	5.54
8.96025	387.00	0	5.54
8.96579	304.00	1	5.54
8.97025	244.00	0	5.54
8.97575	221.00	0	5.54
8.98021	214.00	0	5.54
8.98570	211.00	0	5.54
8.99013	209.00	0	5.54
8.99564	208.00	0	5.54
9.00006	209.00	0	5.54
9.00556	217.00	0	5.54
9.01104	250.00	1	5.54
9.01555	296.00	0	5.55
9.02001	331.00	0	5.55
9.02557	356.00	0	5.55
9.03005	370.00	0	5.55
9.03561	381.00	0	5.55
9.04008	385.00	0	5.55
9.04560	384.00	0	5.55
9.05003	374.00	0	5.55
9.05555	318.00	1	5.55
9.06002	256.00	0	5.57
9.06551	223.00	0	5.57
9.07105	211.00	0	5.57
9.07548	208.00	0	5.57
9.08097	203.00	0	5.57
9.08539	200.00	0	5.57
9.09094	198.00	0	5.57
9.09537	200.00	0	5.57
9.10090	217.00	0	5.57
9.10536	280.00	1	5.57
9.11087	342.00	0	5.57
9.11532	368.00	0	5.57
9.12085	390.00	0	5.57
9.12534	399.00	0	5.57
9.13083	405.00	0	5.57
9.13529	400.00	0	5.57
9.14077	391.00	0	5.57
9.14519	341.00	1	5.57
9.15071	248.00	0	5.57
9.15516	224.00	0	5.57
9.16069	215.00	0	5.57
9.16514	213.00	0	5.57
9.17064	209.00	0	5.57
9.17512	208.00	0	5.57
9.18063	209.00	0	5.57
9.18507	215.00	0	5.57
9.19059	239.00	0	5.57
9.19504	285.00	1	5.57
9.20052	330.00	0	5.57
9.20604	356.00	0	5.43
9.21047	370.00	0	5.43
9.21506	380.00	0	5.43
9.22055	386.00	0	5.43
9.22505	385.00	0	5.43
9.23055	378.00	0	5.43
9.23500	345.00	1	5.43
9.24051	264.00	0	5.57
9.24604	224.00	0	5.57
9.25050	214.00	0	5.57
9.25600	209.00	0	5.57
9.26051	205.00	0	5.57
9.26599	200.00	0	5.57
9.27044	199.00	0	5.57
9.27595	200.00	0	5.57
9.28036	209.00	0	5.57
9.28587	276.00	1	5.57
9.29030	329.00	0	5.57
9.29582	366.00	0	5.54
9.30024	385.00	0	5.54
9.30576	398.00	0	5.54
9.31019	405.00	0	5.54
9.31573	404.00	0	5.54
9.32014	394.00	0	5.54
9.32563	344.00	1	5.54
9.33006	262.00	0	5.54
9.33555	224.00	0	5.54
9.34104	215.00	0	5.54
9.34546	213.00	0	5.54
9.35103	210.00	0	5.54
9.35555	209.00	0	5.54
9.36000	209.00	0	5.54
9.36549	215.00	0	5.54
9.37103	241.00	0	5.54
9.37549	283.00	1	5.54
9.38097	331.00	0	5.54
9.38546	354.00	0	5.54
9.39095	371.00	0	5.54
9.39539	379.00	0	5.54
9.40087	387.00	0	5.54
9.40536	385.00	0	5.54
9.41086	374.00	0	5.54
9.41534	341.00	1	5.54
9.42085	259.00	0	5.54
9.42532	226.00	0	5.54
9.43083	213.00	0	5.55
9.43528	208.00	0	5.55
9.44086	204.00	0	5.55
9.44534	200.00	0	5.55
9.45085	198.00	0	5.55
9.45529	200.00	0	5.55
9.46081	215.00	0	5.55
9.46523	270.00	1	5.55
9.47072	335.00	0	5.58
9.47520	366.00	0	5.58
9.48071	388.00	0	5.58
9.48526	399.00	0	5.58
9.49076	403.00	0	5.58
9.49525	403.00	0	5.58
9.50074	393.00	0	5.58
9.50518	340.00	1	5.58
9.51068	248.00	0	5.58
9.51512	223.00	0	5.57
9.52061	215.00	0	5.57
9.52504	212.00	0	5.57
9.53054	209.00	0	5.57
9.53603	208.00	0	5.57
9.54052	210.00	0	5.57
9.54602	218.00	0	5.57
9.55054	239.00	0	5.57
9.55502	285.00	1	5.57
9.56065	331.00	0	5.57
9.56512	352.00	0	5.57
9.57063	369.00	0	5.57
9.57512	379.00	0	5.57
9.58058	386.00	0	5.57
9.58501	386.00	0	5.57
9.59047	375.00	0	5.57
9.59597	314.00	1	5.57
9.60042	252.00	0	5.57
9.60591	221.00	0	5.54
9.61036	213.00	0	5.54
9.61516	208.00	0	5.54
9.62071	203.00	0	5.54
9.62511	200.00	0	5.54
9.63060	94.00	0	5.54
9.63503	200.00	0	5.54
9.64053	215.00	0	5.54
9.64605	286.00	1	5.54
9.65056	336.00	0	5.53
9.65511	364.00	0	5.53
9.66063	389.00	0	5.53
9.66508	398.00	0	5.53
9.67067	402.00	0	5.53
9.67522	400.00	0	5.53
9.68084	386.00	0	5.53
9.68530	321.00	1	5.53
9.69079	239.00	0	5.55
9.69522	220.00	0	5.55
9.70068	213.00	0	5.55
9.70510	211.00	0	5.55
9.71057	208.00	0	5.55
9.71500	207.00	0	5.55
9.72046	209.00	0	5.55
9.72599	218.00	0	5.55
9.73040	243.00	1	5.55
9.73590	297.00	0	5.70
9.74034	331.00	0	5.70
9.74580	355.00	0	5.70
9.75030	369.00	0	5.70
9.75577	381.00	0	5.70
9.76023	386.00	0	5.70
9.76569	384.00	0	5.70
9.77017	374.00	0	5.70
9.77568	310.00	1	5.70
9.78008	250.00	0	5.70
9.78556	220.00	0	5.56
9.79102	211.00	0	5.56
9.79548	207.00	0	5.56
9.80099	202.00	0	5.56
9.80545	199.00	0	5.56
9.81094	198.00	0	5.56
9.81558	201.00	0	5.56
9.82004	213.00	0	5.56
9.82553	283.00	1	5.56
9.83100	342.00	0	5.56
9.83541	369.00	0	5.56
9.84094	390.00	0	5.57
9.84559	400.00	0	5.57
9.85005	405.00	0	5.57
9.85553	400.00	0	5.57
9.86104	379.00	0	5.57
9.86544	147.00	0	5.57
9.87095	232.00	0	5.57
9.87535	219.00	0	5.57
9.88084	214.00	0	5.57
9.88524	211.00	0	5.57
9.89071	209.00	0	5.57
9.89516	207.00	0	5.57
9.90066	210.00	0	5.57
9.90520	218.00	0	5.57
9.91070	250.00	0	5.57
9.91522	295.00	0	5.57
9.92071	335.00	0	5.57
9.92522	356.00	0	5.57
9.93070	371.00	0	5.57
9.93513	381.00	0	5.57
9.94065	386.00	0	5.57
9.94508	381.00	0	5.57
9.95056	365.00	0	5.57
9.95504	297.00	1	5.57
9.96056	236.00	0	3.71
9.96503	218.00	0	3.71
9.97055	210.00	0	3.71
9.97606	205.00	0	3.71
9.98051	203.00	0	3.71
9.98604	199.00	0	3.71
9.99052	199.00	0	3.71
9.99604	203.00	0	3.71
10.00046	232.00	0	3.71
