0.00001	479.00	0	0.00
0.00129	479.00	0	0.00
0.00582	481.00	0	0.00
0.01025	479.00	0	0.00
0.01574	482.00	0	0.00
0.02018	481.00	0	0.00
0.02567	484.00	0	0.00
0.03010	485.00	0	0.00
0.03560	484.00	0	0.00
0.04003	486.00	0	0.00
0.04553	488.00	0	0.00
0.05103	491.00	0	0.00
0.05546	486.00	0	0.00
0.06096	486.00	0	0.00
0.06541	488.00	0	0.00
0.07091	488.00	0	0.00
0.07534	487.00	0	0.00
0.08084	488.00	0	0.00
0.08528	486.00	0	0.00
0.09079	490.00	0	0.00
0.09522	487.00	0	0.00
0.10073	488.00	0	0.00
0.10516	489.00	0	0.00
0.11066	495.00	0	0.00
0.11509	502.00	0	0.00
0.12058	513.00	0	0.00
0.12502	520.00	0	0.00
0.13051	531.00	0	0.00
0.13602	541.00	0	0.00
0.14045	548.00	0	0.00
0.14595	557.00	0	0.00
0.15038	563.00	0	0.00
0.15589	574.00	0	0.00
0.16031	582.00	0	0.00
0.16582	590.00	0	0.00
0.17027	595.00	0	0.00
0.17578	603.00	0	0.00
0.18050	606.00	0	0.00
0.18600	610.00	0	0.00
0.19045	613.00	0	0.00
0.19594	619.00	0	0.00
0.20039	619.00	0	0.00
0.20588	624.00	0	0.00
0.21033	625.00	0	0.00
0.21583	626.00	0	0.00
0.22027	625.00	0	0.00
0.22576	629.00	0	0.00
0.23022	628.00	0	0.00
0.23575	628.00	0	0.00
0.24018	628.00	0	0.00
0.24569	628.00	0	0.00
0.25015	625.00	0	0.00
0.25572	622.00	0	0.00
0.26015	619.00	0	0.00
0.26567	614.00	0	0.00
0.27009	609.00	0	0.00
0.27561	600.00	0	0.00
0.28004	588.00	0	0.00
0.28557	569.00	0	0.00
0.29003	543.00	0	0.00
0.29552	502.00	0	0.00
0.30104	458.00	0	0.00
0.30547	431.00	0	0.00
0.31099	404.00	0	0.00
0.31542	388.00	0	0.00
0.32093	374.00	0	0.00
0.32538	367.00	0	0.00
0.33090	362.00	0	0.00
0.33532	357.00	0	0.00
0.34085	353.00	0	0.00
0.34529	352.00	0	0.00
0.35078	350.00	0	0.00
0.35525	348.00	0	0.00
0.36074	344.00	0	0.00
0.36520	343.00	0	0.00
0.37069	342.00	0	0.00
0.37516	341.00	0	0.00
0.38065	339.00	0	0.00
0.38511	339.00	0	0.00
0.39059	340.00	0	0.00
0.39502	340.00	0	0.00
0.40055	345.00	0	0.00
0.40604	351.00	0	0.00
0.41050	357.00	0	0.00
0.41599	375.00	0	0.00
0.42045	393.00	1	0.00
0.42594	422.00	0	0.00
0.43040	444.00	0	0.00
0.43589	468.00	0	0.00
0.44035	488.00	0	0.00
0.44584	503.00	0	0.00
0.45027	513.00	0	0.00
0.45580	519.00	0	0.00
0.46022	524.00	0	0.00
0.46575	528.00	0	0.00
0.47018	530.00	0	0.00
0.47571	534.00	0	0.00
0.48015	534.00	0	0.00
0.48568	535.00	0	0.00
0.49012	536.00	0	0.00
0.49566	531.00	0	0.00
0.50009	526.00	0	0.00
0.50561	522.00	0	0.00
0.51010	514.00	0	0.00
0.51566	497.00	1	0.00
0.52015	477.00	0	0.00
0.52567	439.00	0	0.00
0.53015	402.00	0	0.00
0.53571	363.00	0	0.00
0.54020	341.00	0	0.00
0.54570	321.00	0	0.00
0.55020	312.00	0	0.00
0.55576	303.00	0	0.00
0.56034	299.00	0	0.00
0.56587	296.00	0	0.00
0.57043	293.00	0	0.00
0.57593	288.00	0	0.00
0.58042	287.00	0	0.00
0.58594	283.00	0	0.00
0.59037	281.00	0	0.00
0.59592	279.00	0	0.00
0.60037	277.00	0	0.00
0.60593	277.00	0	0.00
0.61043	276.00	0	0.00
0.61606	277.00	0	0.00
0.62062	282.00	0	0.00
0.62514	297.00	1	0.00
0.63064	332.00	0	0.00
0.63520	367.00	0	0.00
0.64069	408.00	0	0.00
0.64518	433.00	0	0.00
0.65074	455.00	0	0.00
0.65565	470.00	0	0.00
0.66030	481.00	0	0.00
0.66519	490.00	0	0.00
0.67089	496.00	0	0.00
0.67542	502.00	0	0.00
0.68100	502.00	0	0.00
0.68551	505.00	0	0.00
0.69002	502.00	0	0.00
0.69559	499.00	0	0.00
0.70017	496.00	0	0.00
0.70573	488.00	0	0.00
0.71024	475.00	1	0.00
0.71573	434.00	0	0.00
0.72025	387.00	0	0.00
0.72576	337.00	0	0.00
0.73033	309.00	0	0.00
0.73584	291.00	0	0.00
0.74042	282.00	0	0.00
0.74597	276.00	0	0.00
0.75055	274.00	0	0.00
0.75606	272.00	0	0.00
0.76062	271.00	0	0.00
0.76508	271.00	0	0.00
0.77067	270.00	0	0.00
0.77512	268.00	0	0.00
0.78076	269.00	0	0.00
0.78522	270.00	0	0.00
0.79086	272.00	0	0.00
0.79530	276.00	0	0.00
0.80094	281.00	0	0.00
0.80544	292.00	0	0.00
0.81103	313.00	1	0.00
0.81552	336.00	0	0.00
0.82006	365.00	0	2.56
0.82557	398.00	0	2.56
0.83006	419.00	0	2.56
0.83565	438.00	0	2.56
0.84026	450.00	0	2.56
0.84579	460.00	0	2.56
0.85034	467.00	0	2.56
0.85585	473.00	0	2.56
0.86035	478.00	0	2.56
0.86592	484.00	0	2.56
0.87047	484.00	0	2.56
0.87598	485.00	0	2.56
0.88048	484.00	0	2.56
0.88604	478.00	0	2.56
0.89055	471.00	0	2.56
0.89606	456.00	1	2.56
0.90061	429.00	0	2.63
0.90508	389.00	0	2.63
0.91067	344.00	0	2.63
0.91521	319.00	0	2.63
0.92082	298.00	0	2.63
0.92532	289.00	0	2.63
0.93088	282.00	0	2.63
0.93571	280.00	0	2.63
0.94046	277.00	0	2.63
0.94604	274.00	0	2.63
0.95053	272.00	0	2.63
0.95503	268.00	0	2.63
0.96064	266.00	0	2.63
0.96511	264.00	0	2.63
0.97066	263.00	0	2.63
0.97511	263.00	0	2.63
0.98062	264.00	0	2.63
0.98512	268.00	0	2.63
0.99069	279.00	0	2.63
0.99523	306.00	1	2.63
1.00079	351.00	0	2.63
1.00534	387.00	0	2.70
1.01085	425.00	0	2.70
1.01539	447.00	0	2.70
1.02091	466.00	0	2.70
1.02543	479.00	0	2.70
1.03095	489.00	0	2.70
1.03546	495.00	0	2.70
1.04098	502.00	0	2.70
1.04551	504.00	0	2.70
1.05104	509.00	0	2.70
1.05557	507.00	0	2.70
1.06003	505.00	0	2.70
1.06563	501.00	0	2.70
1.07010	493.00	0	2.70
1.07566	475.00	1	2.70
1.08017	434.00	0	2.70
1.08574	372.00	0	2.74
1.09026	337.00	0	2.74
1.09585	308.00	0	2.74
1.10036	298.00	0	2.74
1.10592	289.00	0	2.74
1.11038	287.00	0	2.74
1.11594	287.00	0	2.74
1.12047	285.00	0	2.74
1.12604	283.00	0	2.74
1.13050	283.00	0	2.74
1.13504	283.00	0	2.74
1.14056	283.00	0	2.74
1.14511	283.00	0	2.74
1.15064	285.00	0	2.74
1.15518	290.00	0	2.74
1.16078	295.00	0	2.74
1.16532	307.00	0	2.74
1.17088	326.00	1	2.74
1.17538	350.00	0	2.78
1.18090	384.00	0	2.78
1.18542	409.00	0	2.78
1.19101	437.00	0	2.78
1.19561	453.00	0	2.78
1.20008	465.00	0	2.78
1.20567	477.00	0	2.78
1.21013	484.00	0	2.78
1.21570	491.00	0	2.78
1.22018	497.00	0	2.78
1.22573	501.00	0	2.78
1.23019	502.00	0	2.78
1.23580	505.00	0	2.78
1.24030	502.00	0	2.78
1.24587	501.00	0	2.78
1.25033	495.00	0	2.78
1.25590	483.00	0	2.78
1.26040	457.00	1	2.78
1.26600	412.00	0	2.74
1.27046	374.00	0	2.74
1.27602	338.00	0	2.74
1.28048	321.00	0	2.74
1.28606	308.00	0	2.74
1.29054	301.00	0	2.74
1.29506	297.00	0	2.74
1.30058	295.00	0	2.74
1.30513	293.00	0	2.74
1.31065	289.00	0	2.74
1.31518	288.00	0	2.74
1.32074	284.00	0	2.74
1.32524	283.00	0	2.74
1.33077	281.00	0	2.74
1.33527	282.00	0	2.74
1.34079	282.00	0	2.74
1.34530	284.00	0	2.74
1.35082	292.00	0	2.74
1.35532	310.00	1	2.74
1.36088	350.00	0	2.74
1.36538	388.00	0	2.78
1.37091	429.00	0	2.78
1.37540	455.00	0	2.78
1.38092	478.00	0	2.78
1.38547	493.00	0	2.78
1.39102	507.00	0	2.78
1.39551	513.00	0	2.78
1.40001	519.00	0	2.78
1.40558	526.00	0	2.78
1.41007	530.00	0	2.78
1.41563	529.00	0	2.78
1.42009	529.00	0	2.78
1.42565	524.00	0	2.78
1.43018	520.00	0	2.78
1.43578	507.00	0	2.78
1.44026	482.00	1	2.78
1.44583	421.00	0	2.74
1.45029	375.00	0	2.74
1.45585	339.00	0	2.74
1.46033	321.00	0	2.74
1.46590	311.00	0	2.74
1.47036	305.00	0	2.74
1.47592	303.00	0	2.74
1.48041	303.00	0	2.74
1.48597	301.00	0	2.74
1.49047	300.00	0	2.74
1.49607	298.00	0	2.74
1.50054	297.00	0	2.74
1.50501	297.00	0	2.74
1.51061	298.00	0	2.74
1.51506	300.00	0	2.74
1.52063	305.00	0	2.74
1.52510	311.00	0	2.74
1.53067	325.00	0	2.74
1.53513	341.00	1	2.74
1.54068	376.00	0	2.75
1.54515	402.00	0	2.75
1.55075	433.00	0	2.75
1.55521	453.00	0	2.75
1.56081	473.00	0	2.75
1.56528	484.00	0	2.75
1.57084	493.00	0	2.75
1.57530	499.00	0	2.75
1.58091	507.00	0	2.75
1.58542	512.00	0	2.75
1.59099	515.00	0	2.75
1.59549	517.00	0	2.75
1.60001	517.00	0	2.75
1.60555	514.00	0	2.75
1.61006	510.00	0	2.75
1.61562	499.00	0	2.75
1.62017	484.00	1	2.75
1.62569	441.00	0	2.75
1.63023	401.00	0	2.78
1.63575	360.00	0	2.78
1.64026	338.00	0	2.78
1.64578	323.00	0	2.78
1.65032	314.00	0	2.78
1.65587	308.00	0	2.78
1.66038	306.00	0	2.78
1.66591	303.00	0	2.78
1.67042	302.00	0	2.78
1.67594	297.00	0	2.78
1.68044	295.00	0	2.78
1.68598	294.00	0	2.78
1.69052	292.00	0	2.78
1.69502	293.00	0	2.78
1.70062	291.00	0	2.78
1.70511	294.00	0	2.78
1.71072	298.00	0	2.78
1.71521	312.00	0	2.78
1.72082	349.00	1	2.78
1.72529	387.00	0	2.78
1.73085	431.00	0	2.74
1.73531	459.00	0	2.74
1.74087	485.00	0	2.74
1.74534	500.00	0	2.74
1.75090	515.00	0	2.74
1.75536	525.00	0	2.74
1.76099	531.00	0	2.74
1.76553	537.00	0	2.74
1.77004	539.00	0	2.74
1.77557	541.00	0	2.74
1.78010	540.00	0	2.74
1.78566	537.00	0	2.74
1.79020	532.00	0	2.74
1.79576	521.00	0	2.74
1.80034	494.00	1	2.74
1.80593	430.00	0	2.74
1.81043	384.00	0	2.78
1.81599	345.00	0	2.78
1.82049	329.00	0	2.78
1.82606	318.00	0	2.78
1.83060	314.00	0	2.78
1.83516	312.00	0	2.78
1.84081	310.00	0	2.78
1.84532	309.00	0	2.78
1.85089	307.00	0	2.78
1.85533	305.00	0	2.78
1.86090	305.00	0	2.78
1.86538	305.00	0	2.78
1.87093	306.00	0	2.78
1.87542	308.00	0	2.78
1.88099	312.00	0	2.78
1.88545	318.00	0	2.78
1.89023	331.00	0	2.78
1.89577	354.00	1	2.78
1.90028	380.00	0	2.77
1.90586	416.00	0	2.77
1.91041	443.00	0	2.77
1.91602	468.00	0	2.77
1.92056	483.00	0	2.77
1.92502	495.00	0	2.77
1.93059	504.00	0	2.77
1.93510	509.00	0	2.77
1.94070	519.00	0	2.77
1.94517	524.00	0	2.77
1.95074	518.00	0	2.77
1.95523	526.00	0	2.77
1.96080	527.00	0	2.77
1.96527	524.00	0	2.77
1.97084	515.00	0	2.77
1.97530	506.00	0	2.77
1.98107	473.00	1	2.77
1.98576	431.00	0	2.77
1.99052	389.00	0	2.77
1.99503	361.00	0	2.77
2.00055	339.00	0	2.77
2.00513	329.00	0	2.77
2.01067	320.00	0	2.77
2.01517	316.00	0	2.77
2.02068	314.00	0	2.77
2.02519	312.00	0	2.77
2.03072	310.00	0	2.77
2.03525	307.00	0	2.77
2.04077	305.00	0	2.77
2.04532	306.00	0	2.77
2.05084	302.00	0	2.77
2.05535	303.00	0	2.77
2.06087	300.00	0	2.77
2.06542	306.00	0	2.77
2.07094	313.00	0	2.77
2.07548	333.00	1	2.77
2.08100	376.00	0	2.77
2.08550	415.00	0	2.82
2.09102	458.00	0	2.82
2.09558	484.00	0	2.82
2.10008	504.00	0	2.82
2.10567	523.00	0	2.82
2.11015	532.00	0	2.82
2.11575	543.00	0	2.82
2.12025	550.00	0	2.82
2.12585	556.00	0	2.82
2.13029	559.00	0	2.82
2.13584	557.00	0	2.82
2.14028	557.00	0	2.82
2.14590	552.00	0	2.82
2.15039	547.00	0	2.82
2.15594	527.00	1	2.82
2.16044	493.00	0	2.82
2.16600	429.00	0	2.81
2.17044	386.00	0	2.81
2.17602	353.00	0	2.81
2.18052	339.00	0	2.81
2.18502	332.00	0	2.81
2.19052	327.00	0	2.81
2.19606	324.00	0	2.81
2.20051	323.00	0	2.81
2.20501	320.00	0	2.81
2.21055	319.00	0	2.81
2.21606	318.00	0	2.81
2.22057	317.00	0	2.81
2.22503	316.00	0	2.81
2.23066	317.00	0	2.81
2.23526	319.00	0	2.81
2.24091	325.00	0	2.81
2.24540	331.00	0	2.81
2.25102	347.00	1	2.81
2.25551	368.00	0	2.81
2.26004	394.00	0	2.81
2.26560	430.00	0	2.81
2.27008	456.00	0	2.81
2.27560	481.00	0	2.81
2.28008	493.00	0	2.81
2.28560	508.00	0	2.81
2.29004	516.00	0	2.81
2.29565	520.00	0	2.81
2.30009	527.00	0	2.81
2.30565	534.00	0	2.81
2.31010	534.00	0	2.81
2.31569	535.00	0	2.81
2.32015	538.00	0	2.81
2.32572	531.00	0	2.81
2.33016	525.00	0	2.81
2.33572	511.00	0	2.81
2.34019	485.00	1	2.81
2.34580	438.00	0	2.78
2.35039	399.00	0	2.78
2.35501	368.00	0	2.78
2.36053	346.00	0	2.78
2.36516	334.00	0	2.78
2.37073	326.00	0	2.78
2.37526	323.00	0	2.78
2.38076	320.00	0	2.78
2.38530	319.00	0	2.78
2.39080	316.00	0	2.78
2.39533	313.00	0	2.78
2.40088	311.00	0	2.78
2.40539	308.00	0	2.78
2.41098	307.00	0	2.78
2.41551	308.00	0	2.78
2.42101	309.00	0	2.78
2.42550	311.00	0	2.78
2.43103	321.00	0	2.78
2.43556	349.00	1	2.78
2.44003	384.00	0	2.78
2.44561	432.00	0	2.78
2.45006	464.00	0	2.78
2.45567	495.00	0	2.78
2.46045	516.00	0	2.78
2.46522	528.00	0	2.78
2.47102	542.00	0	2.78
2.47574	551.00	0	2.78
2.48037	555.00	0	2.78
2.48608	560.00	0	2.78
2.49070	562.00	0	2.78
2.49539	561.00	0	2.78
2.50010	558.00	0	2.78
2.50501	551.00	0	2.78
2.51095	534.00	0	2.78
2.51572	496.00	1	2.78
2.52049	440.00	0	2.78
2.52509	394.00	0	2.78
2.53067	358.00	0	2.78
2.53518	343.00	0	2.78
2.54076	332.00	0	2.78
2.54526	329.00	0	2.78
2.55085	326.00	0	2.78
2.55534	326.00	0	2.78
2.56092	324.00	0	2.78
2.56541	322.00	0	2.78
2.57098	320.00	0	2.78
2.57547	320.00	0	2.78
2.58004	320.00	0	2.78
2.58558	323.00	0	2.78
2.59009	326.00	0	2.78
2.59564	333.00	0	2.78
2.60016	343.00	0	2.78
2.60570	368.00	1	2.78
2.61023	397.00	0	2.82
2.61578	432.00	0	2.82
2.62029	460.00	0	2.82
2.62586	484.00	0	2.82
2.63037	499.00	0	2.82
2.63593	512.00	0	2.82
2.64045	520.00	0	2.82
2.64603	527.00	0	2.82
2.65054	533.00	0	2.82
2.65501	537.00	0	2.82
2.66058	538.00	0	2.82
2.66508	538.00	0	2.82
2.67069	538.00	0	2.82
2.67515	534.00	0	2.82
2.68073	527.00	0	2.82
2.68524	515.00	0	2.82
2.69083	482.00	1	2.82
2.69532	442.00	0	2.82
2.70091	395.00	0	2.85
2.70540	366.00	0	2.85
2.71100	345.00	0	2.85
2.71549	334.00	0	2.85
2.72107	327.00	0	2.85
2.72554	323.00	0	2.85
2.73000	320.00	0	2.85
2.73558	318.00	0	2.85
2.74007	315.00	0	2.85
2.74565	313.00	0	2.85
2.75015	310.00	0	2.85
2.75572	309.00	0	2.85
2.76023	308.00	0	2.85
2.76585	307.00	0	2.85
2.77034	310.00	0	2.85
2.77593	313.00	0	2.85
2.78043	320.00	0	2.85
2.78602	355.00	1	2.85
2.79052	394.00	0	2.85
2.79505	432.00	0	2.85
2.80058	472.00	0	2.85
2.80509	499.00	0	2.85
2.81063	519.00	0	2.85
2.81514	533.00	0	2.85
2.82067	543.00	0	2.85
2.82519	550.00	0	2.85
2.83072	556.00	0	2.85
2.83543	561.00	0	2.85
2.84001	564.00	0	2.85
2.84561	562.00	0	2.85
2.85011	563.00	0	2.85
2.85565	553.00	0	2.85
2.86009	546.00	0	2.85
2.86570	522.00	1	2.85
2.87014	479.00	0	2.85
2.87568	415.00	0	2.86
2.88012	378.00	0	2.86
2.88567	352.00	0	2.86
2.89038	339.00	0	2.86
2.89600	333.00	0	2.86
2.90051	329.00	0	2.86
2.90501	328.00	0	2.86
2.91064	326.00	0	2.86
2.91519	323.00	0	2.86
2.92080	322.00	0	2.86
2.92538	322.00	0	2.86
2.93099	321.00	0	2.86
2.93543	320.00	0	2.86
2.94102	324.00	0	2.86
2.94549	328.00	0	2.86
2.95103	335.00	0	2.86
2.95547	347.00	0	2.86
2.96102	372.00	1	2.86
2.96546	399.00	0	2.86
2.97100	436.00	0	2.81
2.97544	461.00	0	2.81
2.98103	488.00	0	2.81
2.98551	502.00	0	2.81
2.99105	514.00	0	2.81
2.99555	522.00	0	2.81
3.00003	530.00	0	2.81
3.00555	534.00	0	2.81
3.01008	539.00	0	2.81
3.01558	543.00	0	2.81
3.02002	542.00	0	2.81
3.02556	543.00	0	2.81
3.03005	542.00	0	2.81
3.03559	534.00	0	2.81
3.04003	524.00	0	2.81
3.04563	504.00	1	2.81
3.05007	470.00	0	2.81
3.05560	420.00	0	2.82
3.06004	387.00	0	2.82
3.06561	357.00	0	2.82
3.07005	344.00	0	2.82
3.07559	335.00	0	2.82
3.08002	329.00	0	2.82
3.08552	326.00	0	2.82
3.09006	322.00	0	2.82
3.09559	320.00	0	2.82
3.10011	317.00	0	2.82
3.10562	314.00	0	2.82
3.11012	312.00	0	2.82
3.11563	310.00	0	2.82
3.12011	310.00	0	2.82
3.12562	309.00	0	2.82
3.13010	310.00	0	2.82
3.13560	311.00	0	2.82
3.14008	317.00	0	2.82
3.14562	339.00	1	2.82
3.15009	367.00	0	2.78
3.15564	414.00	0	2.78
3.16016	449.00	0	2.78
3.16566	483.00	0	2.78
3.17010	503.00	0	2.78
3.17521	521.00	0	2.78
3.18082	535.00	0	2.78
3.18537	544.00	0	2.78
3.19091	552.00	0	2.78
3.19540	556.00	0	2.78
3.20091	560.00	0	2.78
3.20540	563.00	0	2.78
3.21095	564.00	0	2.78
3.21544	562.00	0	2.78
3.22095	557.00	0	2.78
3.22543	553.00	0	2.78
3.23099	538.00	0	2.78
3.23556	509.00	1	2.78
3.24003	460.00	0	2.78
3.24562	404.00	0	2.70
3.25005	374.00	0	2.70
3.25556	350.00	0	2.70
3.26005	339.00	0	2.70
3.26561	332.00	0	2.70
3.27009	329.00	0	2.70
3.27565	328.00	0	2.70
3.28020	326.00	0	2.70
3.28574	324.00	0	2.70
3.29027	321.00	0	2.70
3.29583	322.00	0	2.70
3.30036	320.00	0	2.70
3.30592	322.00	0	2.70
3.31040	323.00	0	2.70
3.31591	327.00	0	2.70
3.32045	332.00	0	2.70
3.32600	344.00	0	2.70
3.33049	361.00	1	2.70
3.33600	389.00	0	2.70
3.34055	418.00	0	2.71
3.34503	446.00	0	2.71
3.35064	477.00	0	2.71
3.35511	492.00	0	2.71
3.36072	508.00	0	2.71
3.36524	515.00	0	2.71
3.37082	524.00	0	2.71
3.37529	530.00	0	2.71
3.38084	535.00	0	2.71
3.38532	540.00	0	2.71
3.39088	542.00	0	2.71
3.39536	542.00	0	2.71
3.40092	540.00	0	2.71
3.40541	538.00	0	2.71
3.41098	531.00	0	2.71
3.41546	522.00	0	2.71
3.42102	498.00	1	2.71
3.42550	462.00	0	2.71
3.43105	414.00	0	2.66
3.43555	383.00	0	2.66
3.44110	356.00	0	2.66
3.44558	340.00	0	2.66
3.45007	332.00	0	2.66
3.45563	326.00	0	2.66
3.46011	324.00	0	2.66
3.46567	321.00	0	2.66
3.47015	318.00	0	2.66
3.47571	315.00	0	2.66
3.48019	311.00	0	2.66
3.48574	309.00	0	2.66
3.49024	307.00	0	2.66
3.49584	309.00	0	2.66
3.50033	306.00	0	2.66
3.50594	309.00	0	2.66
3.51038	312.00	0	2.66
3.51593	329.00	0	2.66
3.52042	358.00	1	2.66
3.52562	401.00	0	2.67
3.53088	446.00	0	2.67
3.53584	478.00	0	2.67
3.54048	498.00	0	2.67
3.54511	515.00	0	2.67
3.55064	531.00	0	2.67
3.55515	538.00	0	2.67
3.56069	549.00	0	2.67
3.56526	551.00	0	2.67
3.57081	555.00	0	2.67
3.57535	560.00	0	2.67
3.58088	560.00	0	2.67
3.58541	559.00	0	2.67
3.59097	551.00	0	2.67
3.59548	541.00	0	2.67
3.60101	518.00	1	2.67
3.60552	473.00	0	2.74
3.61002	423.00	0	2.74
3.61558	373.00	0	2.74
3.62007	353.00	0	2.74
3.62569	338.00	0	2.74
3.63016	330.00	0	2.74
3.63573	328.00	0	2.74
3.64026	326.00	0	2.74
3.64584	323.00	0	2.74
3.65068	322.00	0	2.74
3.65522	320.00	0	2.74
3.66078	320.00	0	2.74
3.66542	319.00	0	2.74
3.67079	321.00	0	2.74
3.67505	321.00	0	2.74
3.68051	325.00	0	2.74
3.68587	334.00	0	2.74
3.69029	343.00	0	2.74
3.69567	366.00	1	2.74
3.70004	390.00	0	2.74
3.70539	425.00	0	2.74
3.71079	457.00	0	2.74
3.71515	477.00	0	2.74
3.72052	496.00	0	2.74
3.72599	508.00	0	2.74
3.73028	516.00	0	2.74
3.73572	525.00	0	2.74
3.74003	531.00	0	2.74
3.74556	537.00	0	2.74
3.75090	539.00	0	2.74
3.75521	541.00	0	2.74
3.76027	541.00	0	2.74
3.76581	538.00	0	2.74
3.77002	536.00	0	2.74
3.77516	526.00	0	2.74
3.78046	509.00	1	2.74
3.78562	474.00	0	2.74
3.79086	430.00	0	2.78
3.79603	387.00	0	2.78
3.80019	363.00	0	2.78
3.80535	344.00	0	2.78
3.81053	333.00	0	2.78
3.81572	327.00	0	2.78
3.82094	323.00	0	2.78
3.82504	321.00	0	2.78
3.83022	319.00	0	2.78
3.83550	314.00	0	2.78
3.84076	312.00	0	2.78
3.84605	310.00	0	2.78
3.85016	309.00	0	2.78
3.85538	308.00	0	2.78
3.86057	308.00	0	2.78
3.86596	309.00	0	2.78
3.87025	312.00	0	2.78
3.87569	325.00	0	2.78
3.88104	357.00	1	2.78
3.88526	394.00	0	2.78
3.89066	438.00	0	2.77
3.89503	469.00	0	2.77
3.90046	496.00	0	2.77
3.90586	517.00	0	2.77
3.91020	528.00	0	2.77
3.91587	541.00	0	2.77
3.92031	549.00	0	2.77
3.92565	553.00	0	2.77
3.93107	560.00	0	2.77
3.93536	561.00	0	2.77
3.94071	561.00	0	2.77
3.94511	559.00	0	2.77
3.95046	553.00	0	2.77
3.95587	544.00	0	2.77
3.96054	524.00	1	2.77
3.96607	470.00	0	2.78
3.97044	423.00	0	2.78
3.97601	376.00	0	2.78
3.98011	354.00	0	2.78
3.98532	340.00	0	2.78
3.99056	331.00	0	2.78
3.99570	327.00	0	2.78
4.00103	326.00	0	2.78
4.00515	324.00	0	2.78
4.01035	322.00	0	2.78
4.01554	321.00	0	2.78
4.02073	320.00	0	2.78
4.02593	319.00	0	2.78
4.03008	319.00	0	2.78
4.03523	322.00	0	2.78
4.04044	325.00	0	2.78
4.04564	331.00	0	2.78
4.05089	344.00	0	2.78
4.05605	365.00	1	2.78
4.06014	388.00	0	2.78
4.06545	419.00	0	2.77
4.07079	451.00	0	2.77
4.07516	473.00	0	2.77
4.08056	493.00	0	2.77
4.08597	507.00	0	2.77
4.09027	515.00	0	2.77
4.09572	524.00	0	2.77
4.10107	532.00	0	2.77
4.10533	536.00	0	2.77
4.11075	540.00	0	2.77
4.11504	541.00	0	2.77
4.12049	542.00	0	2.77
4.12585	539.00	0	2.77
4.13017	536.00	0	2.77
4.13555	528.00	0	2.77
4.14100	511.00	1	2.77
4.14536	478.00	0	2.77
4.15073	430.00	0	2.77
4.15504	394.00	0	2.77
4.16044	363.00	0	2.77
4.16589	344.00	0	2.77
4.17001	334.00	0	2.77
4.17521	329.00	0	2.77
4.18041	325.00	0	2.77
4.18566	322.00	0	2.77
4.19080	319.00	0	2.77
4.19601	316.00	0	2.77
4.20013	314.00	0	2.77
4.20535	310.00	0	2.77
4.21056	310.00	0	2.77
4.21570	308.00	0	2.77
4.22105	309.00	0	2.77
4.22521	309.00	0	2.77
4.23044	314.00	0	2.77
4.23566	331.00	0	2.77
4.24100	366.00	1	2.77
4.24504	401.00	0	2.77
4.25025	445.00	0	2.78
4.25540	478.00	0	2.78
4.26063	505.00	0	2.78
4.26576	523.00	0	2.78
4.27022	535.00	0	2.78
4.27591	546.00	0	2.78
4.28042	553.00	0	2.78
4.28606	557.00	0	2.78
4.29062	562.00	0	2.78
4.29518	564.00	0	2.78
4.30078	563.00	0	2.78
4.30542	561.00	0	2.78
4.31103	554.00	0	2.78
4.31568	544.00	0	2.78
4.32021	521.00	1	2.78
4.32583	459.00	0	2.78
4.33034	412.00	0	2.78
4.33603	369.00	0	2.78
4.34054	350.00	0	2.78
4.34510	340.00	0	2.78
4.35069	333.00	0	2.78
4.35526	330.00	0	2.78
4.36091	327.00	0	2.78
4.36554	327.00	0	2.78
4.37105	326.00	0	2.78
4.37554	323.00	0	2.78
4.38104	322.00	0	2.78
4.38548	321.00	0	2.78
4.39104	324.00	0	2.78
4.39547	326.00	0	2.78
4.40103	329.00	0	2.78
4.40547	337.00	0	2.78
4.41102	351.00	0	2.78
4.41546	372.00	1	2.78
4.42100	404.00	0	2.78
4.42549	433.00	0	2.78
4.43103	465.00	0	2.78
4.43549	482.00	0	2.78
4.44104	500.00	0	2.78
4.44548	511.00	0	2.78
4.45097	518.00	0	2.78
4.45547	527.00	0	2.78
4.46098	534.00	0	2.78
4.46547	539.00	0	2.78
4.47098	542.00	0	2.78
4.47546	541.00	0	2.78
4.48097	539.00	0	2.78
4.48546	536.00	0	2.78
4.49095	527.00	0	2.78
4.49550	517.00	0	2.78
4.50101	485.00	1	2.78
4.50544	445.00	0	2.78
4.51100	398.00	0	2.78
4.51544	369.00	0	2.78
4.52099	346.00	0	2.78
4.52548	336.00	0	2.78
4.53104	327.00	0	2.78
4.53547	325.00	0	2.78
4.54103	322.00	0	2.78
4.54547	318.00	0	2.78
4.55003	315.00	0	2.78
4.55551	313.00	0	2.78
4.56106	311.00	0	2.78
4.56550	308.00	0	2.78
4.57106	307.00	0	2.78
4.57549	306.00	0	2.78
4.58105	308.00	0	2.78
4.58548	309.00	0	2.78
4.59098	315.00	0	2.78
4.59548	332.00	0	2.78
4.60099	374.00	1	2.78
4.60547	414.00	0	2.78
4.61097	458.00	0	2.78
4.61550	483.00	0	2.78
4.62106	509.00	0	2.78
4.62555	523.00	0	2.78
4.63104	536.00	0	2.78
4.63558	545.00	0	2.78
4.64002	549.00	0	2.78
4.64563	555.00	0	2.78
4.65006	556.00	0	2.78
4.65561	562.00	0	2.78
4.66010	558.00	0	2.78
4.66565	555.00	0	2.78
4.67008	549.00	0	2.78
4.67569	537.00	0	2.78
4.68017	506.00	1	2.78
4.68572	442.00	0	2.78
4.69015	398.00	0	2.78
4.69566	361.00	0	2.78
4.70019	345.00	0	2.78
4.70575	332.00	0	2.78
4.71024	328.00	0	2.78
4.71580	325.00	0	2.78
4.72028	323.00	0	2.78
4.72578	323.00	0	2.78
4.73028	320.00	0	2.78
4.73578	318.00	0	2.78
4.74026	319.00	0	2.78
4.74581	318.00	0	2.78
4.75029	320.00	0	2.78
4.75580	324.00	0	2.78
4.76024	326.00	0	2.78
4.76591	335.00	0	2.78
4.77039	346.00	0	2.78
4.77594	371.00	1	2.78
4.78042	399.00	0	2.78
4.78597	436.00	0	2.77
4.79047	462.00	0	2.77
4.79603	485.00	0	2.77
4.80046	500.00	0	2.77
4.80603	513.00	0	2.77
4.81046	519.00	0	2.77
4.81607	526.00	0	2.77
4.82055	534.00	0	2.77
4.82504	536.00	0	2.77
4.83055	541.00	0	2.77
4.83504	541.00	0	2.77
4.84065	539.00	0	2.77
4.84514	535.00	0	2.77
4.85065	526.00	0	2.77
4.85509	514.00	0	2.77
4.86065	482.00	1	2.77
4.86510	443.00	0	2.77
4.87066	398.00	0	2.78
4.87509	369.00	0	2.78
4.88065	346.00	0	2.78
4.88509	336.00	0	2.78
4.89065	327.00	0	2.78
4.89509	324.00	0	2.78
4.90070	321.00	0	2.78
4.90515	319.00	0	2.78
4.91083	316.00	0	2.78
4.91568	312.00	0	2.78
4.92038	310.00	0	2.78
4.92507	309.00	0	2.78
4.93079	307.00	0	2.78
4.93524	307.00	0	2.78
4.94077	307.00	0	2.78
4.94528	310.00	0	2.78
4.95082	319.00	0	2.78
4.95525	342.00	1	2.78
4.96083	387.00	0	2.82
4.96527	426.00	0	2.82
4.97076	468.00	0	2.82
4.97527	493.00	0	2.82
4.98079	514.00	0	2.82
4.98528	531.00	0	2.82
4.99077	538.00	0	2.82
4.99524	547.00	0	2.82
5.00073	555.00	0	2.82
5.00520	560.00	0	2.82
5.01086	561.00	0	2.82
5.01556	562.00	0	2.82
5.02009	560.00	0	2.82
5.02570	553.00	0	2.82
5.03018	545.00	0	2.82
5.03572	524.00	1	2.82
5.04022	482.00	0	2.82
5.04575	422.00	0	2.81
5.05019	384.00	0	2.81
5.05568	354.00	0	2.81
5.06015	341.00	0	2.81
5.06565	333.00	0	2.81
5.07011	329.00	0	2.81
5.07564	328.00	0	2.81
5.08015	325.00	0	2.81
5.08566	324.00	0	2.81
5.09017	322.00	0	2.81
5.09571	321.00	0	2.81
5.10022	321.00	0	2.81
5.10574	319.00	0	2.81
5.11021	321.00	0	2.81
5.11575	324.00	0	2.81
5.12023	329.00	0	2.81
5.12574	339.00	0	2.81
5.13017	354.00	1	2.81
5.13574	381.00	0	2.82
5.14018	410.00	0	2.82
5.14572	445.00	0	2.82
5.15022	469.00	0	2.82
5.15575	492.00	0	2.82
5.16018	503.00	0	2.82
5.16573	512.00	0	2.82
5.17020	521.00	0	2.82
5.17594	531.00	0	2.82
5.18043	533.00	0	2.82
5.18600	540.00	0	2.82
5.19048	539.00	0	2.82
5.19606	538.00	0	2.82
5.20054	537.00	0	2.82
5.20503	536.00	0	2.82
5.21052	526.00	0	2.82
5.21605	505.00	1	2.82
5.22054	473.00	0	2.82
5.22501	435.00	0	2.81
5.23058	391.00	0	2.81
5.23511	365.00	0	2.81
5.24061	343.00	0	2.81
5.24510	333.00	0	2.81
5.25066	326.00	0	2.81
5.25509	323.00	0	2.81
5.26071	320.00	0	2.81
5.26533	317.00	0	2.81
5.27096	313.00	0	2.81
5.27543	312.00	0	2.81
5.28102	309.00	0	2.81
5.28548	306.00	0	2.81
5.29106	306.00	0	2.81
5.29548	306.00	0	2.81
5.30006	305.00	0	2.81
5.30560	309.00	0	2.81
5.31009	317.00	0	2.81
5.31564	347.00	1	2.81
5.32023	384.00	0	2.77
5.32574	433.00	0	2.77
5.33022	466.00	0	2.77
5.33579	493.00	0	2.77
5.34032	514.00	0	2.77
5.34588	530.00	0	2.77
5.35036	539.00	0	2.77
5.35587	548.00	0	2.77
5.36039	553.00	0	2.77
5.36589	557.00	0	2.77
5.37042	560.00	0	2.77
5.37593	557.00	0	2.77
5.38041	555.00	0	2.77
5.38596	551.00	0	2.77
5.39046	542.00	0	2.77
5.39597	523.00	1	2.77
5.40051	483.00	0	2.78
5.40605	424.00	0	2.78
5.41054	384.00	0	2.78
5.41502	357.00	0	2.78
5.42059	338.00	0	2.78
5.42502	330.00	0	2.78
5.43062	326.00	0	2.78
5.43510	320.00	0	2.78
5.44065	324.00	0	2.78
5.44514	320.00	0	2.78
5.45073	318.00	0	2.78
5.45517	317.00	0	2.78
5.46068	316.00	0	2.78
5.46516	318.00	0	2.78
5.47072	318.00	0	2.78
5.47520	321.00	0	2.78
5.48071	325.00	0	2.78
5.48524	333.00	0	2.78
5.49075	348.00	0	2.78
5.49528	371.00	1	2.78
5.50084	407.00	0	2.78
5.50533	434.00	0	2.74
5.51088	467.00	0	2.74
5.51537	483.00	0	2.74
5.52092	500.00	0	2.74
5.52546	513.00	0	2.74
5.53096	520.00	0	2.74
5.53545	526.00	0	2.74
5.54096	533.00	0	2.74
5.54544	535.00	0	2.74
5.55093	541.00	0	2.74
5.55547	540.00	0	2.74
5.56103	538.00	0	2.74
5.56551	535.00	0	2.74
5.57100	528.00	0	2.74
5.57555	517.00	0	2.74
5.58003	501.00	1	2.74
5.58557	456.00	0	2.75
5.59001	417.00	0	2.75
5.59561	377.00	0	2.75
5.60009	355.00	0	2.75
5.60568	337.00	0	2.75
5.61012	330.00	0	2.75
5.61571	325.00	0	2.75
5.62027	322.00	0	2.75
5.62597	318.00	0	2.75
5.63044	315.00	0	2.75
5.63593	313.00	0	2.75
5.64042	310.00	0	2.75
5.64592	308.00	0	2.75
5.65041	306.00	0	2.75
5.65599	305.00	0	2.75
5.66060	304.00	0	2.75
5.66508	306.00	0	2.75
5.67066	311.00	0	2.75
5.67513	324.00	0	2.75
5.68071	363.00	1	2.75
5.68520	403.00	0	2.75
5.69078	450.00	0	2.74
5.69526	477.00	0	2.74
5.70087	504.00	0	2.74
5.70535	518.00	0	2.74
5.71092	533.00	0	2.74
5.71539	542.00	0	2.74
5.72096	551.00	0	2.74
5.72542	553.00	0	2.74
5.73096	557.00	0	2.74
5.73540	559.00	0	2.74
5.74100	559.00	0	2.74
5.74543	558.00	0	2.74
5.75105	551.00	0	2.74
5.75549	540.00	0	2.74
5.76104	515.00	1	2.74
5.76547	468.00	0	2.74
5.77107	409.00	0	2.74
5.77557	373.00	0	2.74
5.78005	352.00	0	2.74
5.78560	337.00	0	2.74
5.79010	330.00	0	2.74
5.79566	326.00	0	2.74
5.80009	325.00	0	2.74
5.80564	324.00	0	2.74
5.81014	323.00	0	2.74
5.81569	319.00	0	2.74
5.82018	319.00	0	2.74
5.82576	318.00	0	2.74
5.83025	320.00	0	2.74
5.83527	319.00	0	2.74
5.84088	323.00	0	2.74
5.84543	329.00	0	2.74
5.85096	342.00	0	2.74
5.85544	360.00	1	2.74
5.86096	391.00	0	2.74
5.86547	419.00	0	2.78
5.87096	452.00	0	2.78
5.87550	473.00	0	2.78
5.88101	495.00	0	2.78
5.88550	505.00	0	2.78
5.89099	514.00	0	2.78
5.89549	522.00	0	2.78
5.90005	527.00	0	2.78
5.90558	535.00	0	2.78
5.91008	537.00	0	2.78
5.91571	538.00	0	2.78
5.92032	537.00	0	2.78
5.92547	537.00	0	2.78
5.93011	535.00	0	2.78
5.93567	527.00	0	2.78
5.94026	515.00	0	2.78
5.94582	481.00	1	2.78
5.95036	440.00	0	2.73
5.95592	394.00	0	2.73
5.96040	366.00	0	2.73
5.96596	343.00	0	2.73
5.97045	332.00	0	2.73
5.97600	327.00	0	2.73
5.98049	324.00	0	2.73
5.98599	320.00	0	2.73
5.99053	316.00	0	2.73
5.99604	313.00	0	2.73
6.00058	311.00	0	2.73
6.00501	309.00	0	2.73
6.01055	307.00	0	2.73
6.01504	306.00	0	2.73
6.02059	306.00	0	2.73
6.02502	307.00	0	2.73
6.03052	310.00	0	2.73
6.03502	315.00	0	2.73
6.04052	338.00	1	2.73
6.04501	371.00	0	2.78
6.05056	419.00	0	2.78
6.05505	456.00	0	2.78
6.06055	485.00	0	2.78
6.06504	506.00	0	2.78
6.07059	524.00	0	2.78
6.07508	534.00	0	2.78
6.08058	545.00	0	2.78
6.08507	550.00	0	2.78
6.09056	554.00	0	2.78
6.09511	558.00	0	2.78
6.10067	559.00	0	2.78
6.10529	560.00	0	2.78
6.11086	558.00	0	2.78
6.11537	553.00	0	2.78
6.12085	541.00	0	2.78
6.12533	523.00	1	2.78
6.13083	467.00	0	2.78
6.13533	419.00	0	2.78
6.14088	373.00	0	2.75
6.14537	352.00	0	2.75
6.15098	337.00	0	2.75
6.15541	330.00	0	2.75
6.16097	326.00	0	2.75
6.16540	326.00	0	2.75
6.17101	324.00	0	2.75
6.17548	321.00	0	2.75
6.18006	319.00	0	2.75
6.18566	321.00	0	2.75
6.19017	319.00	0	2.75
6.19567	319.00	0	2.75
6.20014	320.00	0	2.75
6.20566	324.00	0	2.75
6.21010	328.00	0	2.75
6.21571	337.00	0	2.75
6.22014	354.00	1	2.75
6.22570	381.00	0	2.74
6.23019	409.00	0	2.74
6.23575	442.00	0	2.74
6.24023	466.00	0	2.74
6.24578	487.00	0	2.74
6.25027	500.00	0	2.74
6.25583	512.00	0	2.74
6.26031	520.00	0	2.74
6.26586	528.00	0	2.74
6.27035	531.00	0	2.74
6.27591	536.00	0	2.74
6.28034	539.00	0	2.74
6.28589	543.00	0	2.74
6.29032	541.00	0	2.74
6.29594	537.00	0	2.74
6.30043	533.00	0	2.74
6.30598	523.00	0	2.74
6.31046	505.00	1	2.74
6.31601	464.00	0	2.74
6.32045	425.00	0	2.74
6.32594	384.00	0	2.74
6.33044	359.00	0	2.74
6.33600	341.00	0	2.74
6.34054	333.00	0	2.74
6.34503	327.00	0	2.74
6.35057	325.00	0	2.74
6.35501	321.00	0	2.74
6.36057	319.00	0	2.74
6.36500	315.00	0	2.74
6.37060	311.00	0	2.74
6.37509	310.00	0	2.74
6.38064	307.00	0	2.74
6.38508	308.00	0	2.74
6.39063	306.00	0	2.74
6.39507	308.00	0	2.74
6.40067	308.00	0	2.74
6.40511	320.00	0	2.74
6.41060	349.00	1	2.74
6.41510	386.00	0	2.70
6.42066	432.00	0	2.70
6.42514	465.00	0	2.70
6.43069	494.00	0	2.70
6.43518	512.00	0	2.70
6.44069	526.00	0	2.70
6.44517	537.00	0	2.70
6.45066	546.00	0	2.70
6.45520	552.00	0	2.70
6.46071	557.00	0	2.70
6.46520	557.00	0	2.70
6.47076	559.00	0	2.70
6.47519	556.00	0	2.70
6.48075	553.00	0	2.70
6.48523	546.00	0	2.70
6.49079	531.00	0	2.70
6.49523	502.00	1	2.70
6.50078	442.00	0	2.70
6.50527	396.00	0	2.70
6.51088	359.00	0	2.70
6.51531	341.00	0	2.70
6.52086	330.00	0	2.70
6.52534	324.00	0	2.70
6.53089	322.00	0	2.70
6.53532	321.00	0	2.70
6.54087	320.00	0	2.70
6.54535	318.00	0	2.70
6.55091	318.00	0	2.70
6.55539	314.00	0	2.70
6.56095	316.00	0	2.70
6.56537	315.00	0	2.70
6.57100	318.00	0	2.70
6.57548	321.00	0	2.70
6.58103	328.00	0	2.70
6.58546	340.00	0	2.70
6.59108	362.00	1	2.70
6.59552	384.00	0	2.70
6.60107	419.00	0	2.70
6.60549	444.00	0	2.70
6.61100	471.00	0	2.70
6.61555	487.00	0	2.70
6.62106	502.00	0	2.70
6.62554	509.00	0	2.70
6.63003	515.00	0	2.70
6.63558	522.00	0	2.70
6.64002	530.00	0	2.70
6.64557	533.00	0	2.70
6.65006	533.00	0	2.70
6.65562	534.00	0	2.70
6.66005	533.00	0	2.70
6.66566	529.00	0	2.70
6.67014	522.00	0	2.70
6.67570	509.00	0	2.70
6.68018	488.00	1	2.70
6.68576	443.00	0	2.70
6.69021	405.00	0	2.70
6.69577	367.00	0	2.70
6.70025	347.00	0	2.70
6.70581	331.00	0	2.70
6.71029	322.00	0	2.70
6.71585	318.00	0	2.70
6.72033	317.00	0	2.70
6.72588	314.00	0	2.70
6.73037	311.00	0	2.70
6.73593	309.00	0	2.70
6.74037	307.00	0	2.70
6.74597	305.00	0	2.70
6.75041	302.00	0	2.70
6.75596	303.00	0	2.70
6.76044	300.00	0	2.70
6.76605	304.00	0	2.70
6.77053	308.00	0	2.70
6.77501	317.00	0	2.70
6.78052	349.00	1	2.70
6.78609	392.00	0	2.70
6.79057	428.00	0	2.70
6.79609	466.00	0	2.70
6.80056	489.00	0	2.70
6.80605	510.00	0	2.70
6.81051	523.00	0	2.70
6.81604	532.00	0	2.70
6.82052	539.00	0	2.70
6.82602	548.00	0	2.70
6.83052	552.00	0	2.70
6.83523	553.00	0	2.70
6.84087	553.00	0	2.70
6.84541	553.00	0	2.70
6.85100	547.00	0	2.70
6.85547	539.00	0	2.70
6.86105	520.00	1	2.70
6.86547	480.00	0	2.70
6.87099	418.00	0	2.73
6.87546	379.00	0	2.73
6.88094	348.00	0	2.73
6.88542	335.00	0	2.73
6.89094	326.00	0	2.73
6.89541	322.00	0	2.73
6.90093	320.00	0	2.73
6.90546	320.00	0	2.73
6.91095	317.00	0	2.73
6.91561	315.00	0	2.73
6.92010	315.00	0	2.73
6.92566	314.00	0	2.73
6.93013	316.00	0	2.73
6.93566	316.00	0	2.73
6.94012	319.00	0	2.73
6.94571	323.00	0	2.73
6.95014	330.00	0	2.73
6.95563	346.00	0	2.73
6.96008	364.00	1	2.73
6.96563	396.00	0	2.73
6.97014	422.00	0	2.71
6.97562	453.00	0	2.71
6.98006	474.00	0	2.71
6.98555	492.00	0	2.71
6.99007	502.00	0	2.71
6.99558	510.00	0	2.71
7.00014	518.00	0	2.71
7.00577	526.00	0	2.71
7.01025	529.00	0	2.71
7.01576	533.00	0	2.71
7.02025	533.00	0	2.71
7.02575	532.00	0	2.71
7.03017	530.00	0	2.71
7.03570	524.00	0	2.71
7.04019	516.00	0	2.71
7.04577	493.00	1	2.71
7.05020	459.00	0	2.71
7.05572	411.00	0	2.74
7.06013	377.00	0	2.74
7.06566	349.00	0	2.74
7.07007	335.00	0	2.74
7.07564	325.00	0	2.74
7.08010	321.00	0	2.74
7.08566	317.00	0	2.74
7.09007	315.00	0	2.74
7.09563	314.00	0	2.74
7.10012	311.00	0	2.74
7.10567	309.00	0	2.74
7.11014	306.00	0	2.74
7.11571	304.00	0	2.74
7.12019	302.00	0	2.74
7.12573	300.00	0	2.74
7.13019	301.00	0	2.74
7.13567	304.00	0	2.74
7.14019	306.00	0	2.74
7.14568	316.00	0	2.74
7.15019	341.00	1	2.74
7.15567	287.00	0	2.74
7.16018	418.00	0	2.71
7.16567	457.00	0	2.71
7.17018	480.00	0	2.71
7.17566	502.00	0	2.71
7.18008	516.00	0	2.71
7.18564	525.00	0	2.71
7.19006	538.00	0	2.71
7.19559	543.00	0	2.71
7.20106	551.00	0	2.71
7.20552	555.00	0	2.71
7.21100	555.00	0	2.71
7.21551	555.00	0	2.71
7.22104	551.00	0	2.71
7.22545	546.00	0	2.71
7.23103	533.00	0	2.71
7.23545	512.00	1	2.71
7.24101	456.00	0	2.67
7.24547	407.00	0	2.67
7.25071	368.00	0	2.67
7.25525	347.00	0	2.67
7.26082	332.00	0	2.67
7.26530	326.00	0	2.67
7.27086	322.00	0	2.67
7.27530	320.00	0	2.67
7.28086	320.00	0	2.67
7.28533	318.00	0	2.67
7.29089	318.00	0	2.67
7.29535	315.00	0	2.67
7.30096	314.00	0	2.67
7.30542	314.00	0	2.67
7.31098	316.00	0	2.67
7.31544	317.00	0	2.67
7.32100	323.00	0	2.67
7.32545	329.00	0	2.67
7.33102	343.00	0	2.67
7.33551	364.00	1	2.67
7.34004	390.00	0	2.66
7.34558	425.00	0	2.66
7.35007	450.00	0	2.66
7.35566	475.00	0	2.66
7.36019	493.00	0	2.66
7.36572	505.00	0	2.66
7.37022	510.00	0	2.66
7.37572	519.00	0	2.66
7.38015	526.00	0	2.66
7.38571	531.00	0	2.66
7.39020	532.00	0	2.66
7.39576	535.00	0	2.66
7.40024	534.00	0	2.66
7.40512	531.00	0	2.66
7.41067	524.00	0	2.66
7.41514	516.00	0	2.66
7.42062	493.00	1	2.66
7.42510	459.00	0	2.67
7.43063	412.00	0	2.67
7.43509	379.00	0	2.67
7.44061	350.00	0	2.67
7.44504	337.00	0	2.67
7.45056	326.00	0	2.67
7.45604	320.00	0	2.67
7.46054	318.00	0	2.67
7.46602	315.00	0	2.67
7.47048	312.00	0	2.67
7.47600	309.00	0	2.67
7.48047	307.00	0	2.67
7.48597	305.00	0	2.67
7.49038	303.00	0	2.67
7.49591	301.00	0	2.67
7.50037	301.00	0	2.67
7.50591	302.00	0	2.67
7.51037	305.00	0	2.67
7.51594	313.00	0	2.67
7.52039	339.00	1	2.67
7.52592	382.00	0	2.70
7.53034	420.00	0	2.70
7.53586	460.00	0	2.70
7.54033	485.00	0	2.70
7.54582	506.00	0	2.70
7.55032	520.00	0	2.70
7.55585	532.00	0	2.70
7.56035	540.00	0	2.70
7.56589	546.00	0	2.70
7.57035	550.00	0	2.70
7.57582	556.00	0	2.70
7.58029	554.00	0	2.70
7.58578	553.00	0	2.70
7.59024	548.00	0	2.70
7.59572	542.00	0	2.70
7.60013	533.00	0	2.70
7.60567	507.00	1	2.70
7.61013	463.00	0	2.70
7.61564	405.00	0	2.70
7.62005	370.00	0	2.70
7.62562	344.00	0	2.70
7.63004	333.00	0	2.70
7.63559	325.00	0	2.70
7.64001	321.00	0	2.70
7.64550	320.00	0	2.70
7.65106	318.00	0	2.70
7.65547	316.00	0	2.70
7.66099	316.00	0	2.70
7.66541	315.00	0	2.70
7.67097	313.00	0	2.70
7.67538	315.00	0	2.70
7.68094	314.00	0	2.70
7.68543	317.00	0	2.70
7.69097	323.00	0	2.70
7.69540	329.00	0	2.70
7.70100	339.00	0	2.70
7.70542	364.00	1	2.70
7.71094	396.00	0	2.70
7.71539	425.00	0	2.70
7.72087	456.00	0	2.70
7.72534	476.00	0	2.70
7.73082	493.00	0	2.70
7.73532	503.00	0	2.70
7.74079	514.00	0	2.70
7.74522	517.00	0	2.70
7.75074	525.00	0	2.70
7.75516	531.00	0	2.70
7.76067	534.00	0	2.70
7.76509	533.00	0	2.70
7.77067	532.00	0	2.70
7.77513	529.00	0	2.70
7.78066	523.00	0	2.70
7.78508	512.00	0	2.70
7.79056	488.00	1	2.70
7.79506	452.00	0	2.70
7.80053	403.00	0	2.70
7.80606	366.00	0	2.70
7.81051	345.00	0	2.70
7.81603	330.00	0	2.70
7.82045	323.00	0	2.70
7.82598	317.00	0	2.70
7.83040	314.00	0	2.70
7.83565	312.00	0	2.70
7.84027	310.00	0	2.70
7.84579	307.00	0	2.70
7.85025	304.00	0	2.70
7.85573	302.00	0	2.70
7.86023	301.00	0	2.70
7.86575	299.00	0	2.70
7.87025	300.00	0	2.70
7.87573	302.00	0	2.70
7.88020	307.00	0	2.70
7.88569	325.00	0	2.70
7.89011	358.00	1	2.70
7.89563	409.00	0	2.70
7.90011	444.00	0	2.70
7.90570	479.00	0	2.70
7.91041	499.00	0	2.70
7.91560	517.00	0	2.70
7.92009	528.00	0	2.70
7.92569	535.00	0	2.70
7.93016	544.00	0	2.70
7.93577	548.00	0	2.70
7.94031	553.00	0	2.70
7.94591	552.00	0	2.70
7.95033	552.00	0	2.70
7.95585	548.00	0	2.70
7.96033	541.00	0	2.70
7.96586	527.00	0	2.70
7.97032	495.00	1	2.70
7.97584	436.00	0	2.74
7.98032	390.00	0	2.74
7.98585	356.00	0	2.74
7.99027	338.00	0	2.74
7.99580	326.00	0	2.74
8.00030	323.00	0	2.74
8.00584	320.00	0	2.74
8.01029	319.00	0	2.74
8.01581	317.00	0	2.74
8.02029	316.00	0	2.74
8.02582	314.00	0	2.74
8.03031	313.00	0	2.74
8.03583	313.00	0	2.74
8.04034	314.00	0	2.74
8.04584	317.00	0	2.74
8.05030	321.00	0	2.74
8.05577	328.00	0	2.74
8.06020	340.00	0	2.74
8.06576	366.00	1	2.74
8.07019	391.00	0	2.74
8.07575	427.00	0	2.78
8.08017	452.00	0	2.78
8.08570	477.00	0	2.78
8.09011	493.00	0	2.78
8.09563	505.00	0	2.78
8.10011	512.00	0	2.78
8.10569	518.00	0	2.78
8.11015	525.00	0	2.78
8.11570	529.00	0	2.78
8.12012	531.00	0	2.78
8.12561	531.00	0	2.78
8.13011	531.00	0	2.78
8.13559	530.00	0	2.78
8.14009	524.00	0	2.78
8.14558	513.00	0	2.78
8.15004	496.00	1	2.78
8.15557	454.00	0	2.78
8.16108	408.00	0	2.78
8.16550	375.00	0	2.78
8.17101	346.00	0	2.78
8.17547	333.00	0	2.78
8.18094	323.00	0	2.78
8.18541	318.00	0	2.78
8.19101	315.00	0	2.78
8.19551	312.00	0	2.78
8.20102	309.00	0	2.78
8.20552	308.00	0	2.78
8.21100	303.00	0	2.78
8.21546	301.00	0	2.78
8.22093	299.00	0	2.78
8.22547	299.00	0	2.78
8.23094	299.00	0	2.78
8.23535	301.00	0	2.78
8.24092	305.00	0	2.78
8.24539	320.00	0	2.78
8.25091	357.00	1	2.78
8.25537	400.00	0	2.78
8.26090	443.00	0	2.77
8.26535	472.00	0	2.77
8.27086	496.00	0	2.77
8.27527	513.00	0	2.77
8.28079	525.00	0	2.77
8.28526	534.00	0	2.77
8.29074	540.00	0	2.77
8.29524	545.00	0	2.77
8.30076	550.00	0	2.77
8.30529	551.00	0	2.77
8.31077	550.00	0	2.77
8.31527	546.00	0	2.77
8.32077	541.00	0	2.77
8.32525	529.00	0	2.77
8.33078	503.00	1	2.77
8.33524	458.00	0	2.77
8.34074	399.00	0	2.77
8.34517	364.00	0	2.77
8.35074	340.00	0	2.77
8.35515	327.00	0	2.77
8.36066	323.00	0	2.77
8.36508	318.00	0	2.77
8.37062	316.00	0	2.77
8.37505	316.00	0	2.77
8.38056	313.00	0	2.77
8.38606	313.00	0	2.77
8.39048	312.00	0	2.77
8.39599	312.00	0	2.77
8.40041	312.00	0	2.77
8.40594	314.00	0	2.77
8.41035	317.00	0	2.77
8.41588	326.00	0	2.77
8.42030	336.00	0	2.77
8.42590	359.00	1	2.77
8.43032	387.00	0	2.77
8.43587	421.00	0	2.78
8.44030	447.00	0	2.78
8.44579	474.00	0	2.78
8.45028	487.00	0	2.78
8.45575	503.00	0	2.78
8.46025	510.00	0	2.78
8.46574	516.00	0	2.78
8.47024	520.00	0	2.78
8.47571	526.00	0	2.78
8.48015	531.00	0	2.78
8.48569	532.00	0	2.78
8.49011	531.00	0	2.78
8.49562	528.00	0	2.78
8.50006	524.00	0	2.78
8.50560	515.00	0	2.78
8.51002	496.00	1	2.78
8.51553	457.00	0	2.78
8.52105	409.00	0	2.78
8.52546	376.00	0	2.78
8.53098	346.00	0	2.78
8.53539	333.00	0	2.78
8.54090	322.00	0	2.78
8.54536	318.00	0	2.78
8.55088	314.00	0	2.78
8.55529	312.00	0	2.78
8.56081	309.00	0	2.78
8.56529	307.00	0	2.78
8.57085	304.00	0	2.78
8.57531	302.00	0	2.78
8.58078	299.00	0	2.78
8.58525	300.00	0	2.78
8.59073	298.00	0	2.78
8.59522	300.00	0	2.78
8.60074	304.00	0	2.78
8.60520	316.00	0	2.78
8.61067	354.00	1	2.78
8.61508	392.00	0	2.78
8.62063	438.00	0	2.78
8.62504	469.00	0	2.78
8.63056	492.00	0	2.78
8.63501	509.00	0	2.78
8.64052	524.00	0	2.78
8.64602	534.00	0	2.78
8.65047	539.00	0	2.78
8.65594	545.00	0	2.78
8.66036	547.00	0	2.78
8.66588	551.00	0	2.78
8.67029	551.00	0	2.78
8.67581	548.00	0	2.78
8.68023	545.00	0	2.78
8.68578	530.00	0	2.78
8.69020	511.00	1	2.78
8.69574	454.00	0	2.78
8.70020	406.00	0	2.78
8.70575	362.00	0	2.78
8.71017	342.00	0	2.78
8.71566	328.00	0	2.78
8.72011	323.00	0	2.78
8.72560	318.00	0	2.78
8.73006	318.00	0	2.78
8.73558	317.00	0	2.78
8.74020	314.00	0	2.78
8.74578	312.00	0	2.78
8.75024	311.00	0	2.78
8.75577	311.00	0	2.78
8.76028	312.00	0	2.78
8.76577	314.00	0	2.78
8.77024	317.00	0	2.78
8.77575	323.00	0	2.78
8.78036	336.00	0	2.78
8.78599	361.00	1	2.78
8.79047	388.00	0	2.78
8.79595	423.00	0	2.78
8.80041	446.00	0	2.78
8.80595	471.00	0	2.78
8.81035	486.00	0	2.78
8.81606	499.00	0	2.78
8.82053	507.00	0	2.78
8.82606	514.00	0	2.78
8.83052	518.00	0	2.78
8.83502	524.00	0	2.78
8.84065	528.00	0	2.78
8.84514	530.00	0	2.78
8.85067	531.00	0	2.78
8.85508	529.00	0	2.78
8.86061	523.00	0	2.78
8.86503	515.00	0	2.78
8.87056	499.00	1	2.78
8.87603	461.00	0	2.78
8.88049	420.00	0	2.77
8.88597	376.00	0	2.77
8.89045	352.00	0	2.77
8.89592	333.00	0	2.77
8.90038	325.00	0	2.77
8.90592	318.00	0	2.77
8.91056	317.00	0	2.77
8.91516	313.00	0	2.77
8.92077	310.00	0	2.77
8.92528	308.00	0	2.77
8.93080	305.00	0	2.77
8.93529	303.00	0	2.77
8.94080	301.00	0	2.77
8.94536	300.00	0	2.77
8.95087	301.00	0	2.77
8.95537	301.00	0	2.77
8.96087	304.00	0	2.77
8.96538	315.00	0	2.77
8.97089	348.00	1	2.77
8.97549	387.00	0	2.78
8.98106	434.00	0	2.78
8.98565	464.00	0	2.78
8.99020	488.00	0	2.78
8.99577	508.00	0	2.78
9.00026	521.00	0	2.78
9.00586	532.00	0	2.78
9.01032	538.00	0	2.78
9.01587	545.00	0	2.78
9.02036	549.00	0	2.78
9.02594	553.00	0	2.78
9.03039	553.00	0	2.78
9.03595	551.00	0	2.78
9.04043	547.00	0	2.78
9.04598	538.00	0	2.78
9.05042	524.00	0	2.78
9.05597	475.00	1	2.78
9.06045	427.00	0	2.78
9.06599	374.00	0	2.73
9.07048	350.00	0	2.73
9.07602	334.00	0	2.73
9.08050	326.00	0	2.73
9.08606	318.00	0	2.73
9.09049	320.00	0	2.73
9.09599	319.00	0	2.73
9.10054	317.00	0	2.73
9.10502	315.00	0	2.73
9.11057	315.00	0	2.73
9.11501	313.00	0	2.73
9.12056	313.00	0	2.73
9.12607	315.00	0	2.73
9.13055	317.00	0	2.73
9.13606	325.00	0	2.73
9.14054	330.00	0	2.73
9.14605	348.00	1	2.73
9.15048	370.00	0	2.73
9.15604	404.00	0	2.78
9.16047	430.00	0	2.78
9.16603	459.00	0	2.78
9.17047	477.00	0	2.78
9.17602	491.00	0	2.78
9.18046	503.00	0	2.78
9.18599	513.00	0	2.78
9.19044	518.00	0	2.78
9.19599	524.00	0	2.78
9.20043	529.00	0	2.78
9.20597	532.00	0	2.78
9.21040	532.00	0	2.78
9.21591	532.00	0	2.78
9.22044	529.00	0	2.78
9.22594	524.00	0	2.78
9.23053	516.00	0	2.78
9.23513	499.00	1	2.78
9.24074	460.00	0	2.74
9.24520	421.00	0	2.74
9.25074	378.00	0	2.74
9.25517	354.00	0	2.74
9.26072	335.00	0	2.74
9.26516	326.00	0	2.74
9.27071	320.00	0	2.74
9.27520	318.00	0	2.74
9.28074	314.00	0	2.74
9.28523	310.00	0	2.74
9.29077	308.00	0	2.74
9.29523	305.00	0	2.74
9.30083	304.00	0	2.74
9.30532	301.00	0	2.74
9.31088	300.00	0	2.74
9.31531	300.00	0	2.74
9.32086	300.00	0	2.74
9.32535	304.00	0	2.74
9.33091	313.00	0	2.74
9.33534	333.00	1	2.74
9.34094	378.00	0	2.74
9.34542	416.00	0	2.74
9.35097	456.00	0	2.74
9.35547	479.00	0	2.74
9.36101	503.00	0	2.74
9.36544	518.00	0	2.74
9.37113	531.00	0	2.74
9.37518	536.00	0	2.74
9.38031	543.00	0	2.74
9.38551	547.00	0	2.74
9.39063	552.00	0	2.74
9.39583	550.00	0	2.74
9.40103	552.00	0	2.74
9.40509	549.00	0	2.74
9.41021	544.00	0	2.74
9.41537	529.00	0	2.74
9.42051	499.00	1	2.74
9.42564	441.00	0	2.74
9.43078	390.00	0	2.74
9.43592	356.00	0	2.74
9.44106	336.00	0	2.74
9.44501	328.00	0	2.74
9.45023	322.00	0	2.74
9.45535	319.00	0	2.74
9.46060	316.00	0	2.74
9.46566	316.00	0	2.74
9.47089	316.00	0	2.74
9.47533	312.00	0	2.74
9.48088	312.00	0	2.74
9.48531	312.00	0	2.74
9.49087	313.00	0	2.74
9.49531	314.00	0	2.74
9.50086	319.00	0	2.74
9.50535	326.00	0	2.74
9.51090	339.00	0	2.74
9.51534	357.00	1	2.74
9.52084	387.00	0	2.74
9.52537	416.00	0	2.71
9.53088	449.00	0	2.71
9.53537	468.00	0	2.71
9.54088	489.00	0	2.71
9.54536	501.00	0	2.71
9.55085	511.00	0	2.71
9.55537	517.00	0	2.71
9.56088	523.00	0	2.71
9.56541	527.00	0	2.71
9.57103	531.00	0	2.71
9.57559	533.00	0	2.71
9.58003	531.00	0	2.71
9.58563	530.00	0	2.71
9.59003	526.00	0	2.71
9.59554	516.00	0	2.71
9.60002	498.00	1	2.71
9.60552	459.00	0	2.71
9.61001	419.00	0	2.74
9.61551	377.00	0	2.74
9.62107	347.00	0	2.74
9.62550	333.00	0	2.74
9.63106	321.00	0	2.74
9.63554	318.00	0	2.74
9.64002	315.00	0	2.74
9.64552	312.00	0	2.74
9.65109	309.00	0	2.74
9.65553	306.00	0	2.74
9.66001	304.00	0	2.74
9.66556	302.00	0	2.74
9.67106	298.00	0	2.74
9.67556	298.00	0	2.74
9.68107	297.00	0	2.74
9.68555	298.00	0	2.74
9.69104	303.00	0	2.74
9.69559	310.00	0	2.74
9.70003	331.00	1	2.74
9.70568	375.00	0	2.74
9.71012	411.00	0	2.74
9.71567	453.00	0	2.74
9.72011	480.00	0	2.74
9.72570	502.00	0	2.74
9.73019	514.00	0	2.74
9.73574	526.00	0	2.74
9.74022	533.00	0	2.74
9.74577	541.00	0	2.74
9.75025	546.00	0	2.74
9.75580	548.00	0	2.74
9.76024	550.00	0	2.74
9.76583	548.00	0	2.74
9.77026	547.00	0	2.74
9.77577	537.00	0	2.74
9.78026	523.00	0	2.74
9.78575	485.00	1	2.74
9.79024	434.00	0	2.74
9.79575	380.00	0	2.74
9.80023	352.00	0	2.74
9.80573	333.00	0	2.74
9.81022	325.00	0	2.74
9.81573	319.00	0	2.74
9.82021	316.00	0	2.74
9.82575	316.00	0	2.74
9.83029	315.00	0	2.74
9.83581	314.00	0	2.74
9.84045	312.00	0	2.74
9.84602	311.00	0	2.74
9.85054	312.00	0	2.74
9.85501	312.00	0	2.74
9.86056	314.00	0	2.74
9.86505	316.00	0	2.74
9.87057	324.00	0	2.74
9.87501	333.00	0	2.74
9.88051	354.00	1	2.74
9.88500	378.00	0	2.74
9.89050	411.00	0	2.74
9.89501	438.00	0	2.74
9.90052	466.00	0	2.74
9.90506	485.00	0	2.74
9.91061	249.00	0	2.74
9.91516	506.00	0	2.74
9.92067	517.00	0	2.74
9.92520	520.00	0	2.74
9.93071	529.00	0	2.74
9.93519	532.00	0	2.74
9.94070	532.00	0	2.74
9.94526	535.00	0	2.74
9.95079	532.00	0	2.74
9.95527	526.00	0	2.74
9.96077	518.00	0	2.74
9.96521	504.00	1	2.74
9.97076	469.00	0	2.74
9.97520	428.00	0	2.74
9.98076	385.00	0	2.74
9.98519	359.00	0	2.74
9.99074	339.00	0	2.74
9.99518	328.00	0	2.74
10.00073	321.00	0	2.74
