2.00237	435.00	0	0.00
2.00370	436.00	0	0.00
2.00508	437.00	0	0.00
2.00636	435.00	0	0.00
2.00763	437.00	0	0.00
2.00890	434.00	0	0.00
2.01018	431.00	0	0.00
2.01154	428.00	0	0.00
2.01291	426.00	0	0.00
2.01419	420.00	0	0.00
2.01546	414.00	0	0.00
2.01678	398.00	0	0.00
2.01816	382.00	0	0.00
2.01944	365.00	0	0.00
2.02071	343.00	0	0.00
2.02203	321.00	0	0.00
2.02337	299.00	0	0.00
2.02472	283.00	0	0.00
2.02600	273.00	0	0.00
2.02732	265.00	0	0.00
2.02867	260.00	0	0.00
2.03002	258.00	0	0.00
2.03130	254.00	0	0.00
2.03259	250.00	0	0.00
2.03394	243.00	0	0.00
2.03529	244.00	0	0.00
2.03657	241.00	0	0.00
2.03788	59.00	0	0.00
2.03923	235.00	0	0.00
2.04057	233.00	0	0.00
2.04185	231.00	0	0.00
2.04316	230.00	0	0.00
2.04450	231.00	0	0.00
2.04585	229.00	0	0.00
2.04713	229.00	0	0.00
2.04843	229.00	0	0.00
2.04977	229.00	0	0.00
2.05115	231.00	0	0.00
2.05242	232.00	0	0.00
2.05375	233.00	0	0.00
2.05515	235.00	0	0.00
2.05643	236.00	0	0.00
2.05770	237.00	0	0.00
2.05903	240.00	0	0.00
2.06037	245.00	0	0.00
2.06172	251.00	0	0.00
2.06301	254.00	0	0.00
2.06431	264.00	0	0.00
2.06564	275.00	0	0.00
2.06701	302.00	1	0.00
2.06830	330.00	0	0.00
2.06961	351.00	0	0.00
2.07098	368.00	0	0.00
2.07232	380.00	0	0.00
2.07360	392.00	0	0.00
2.07503	404.00	0	0.00
2.07644	413.00	0	0.00
2.07783	420.00	0	0.00
2.07911	429.00	0	0.00
2.08038	436.00	0	0.00
2.08168	441.00	0	0.00
2.08305	446.00	0	0.00
2.08440	452.00	0	0.00
2.08567	455.00	0	0.00
2.08700	454.00	0	0.00
2.08834	459.00	0	0.00
2.08967	457.00	0	0.00
2.09108	457.00	0	0.00
2.09238	459.00	0	0.00
2.09372	459.00	0	0.00
2.09510	457.00	0	0.00
2.09637	460.00	0	0.00
2.09763	455.00	0	0.00
2.09896	454.00	0	0.00
2.10030	453.00	0	0.00
2.10164	452.00	0	0.00
2.10296	450.00	0	0.00
2.10430	445.00	0	0.00
2.10564	442.00	0	0.00
2.10708	432.00	0	0.00
2.10841	419.00	0	0.00
2.10972	398.00	1	0.00
2.11110	371.00	0	0.00
2.11250	340.00	0	0.00
2.11377	312.00	0	0.00
2.11510	291.00	0	0.00
2.11646	278.00	0	0.00
2.11812	270.00	0	0.00
2.11941	263.00	0	0.00
2.12094	129.00	0	0.00
2.12239	255.00	0	0.00
2.12373	254.00	0	0.00
2.12518	251.00	0	0.00
2.12671	249.00	0	0.00
2.12808	249.00	0	0.00
2.12946	247.00	0	0.00
2.13128	245.00	0	0.00
2.13305	245.00	0	0.00
2.13434	243.00	0	0.00
2.13590	244.00	0	0.00
2.13740	244.00	0	0.00
2.13882	245.00	0	0.00
2.14123	244.00	0	0.00
2.14378	246.00	0	0.00
2.14627	245.00	0	0.00
2.14877	245.00	0	0.00
2.15129	245.00	0	0.00
2.15387	250.00	0	0.00
2.15638	262.00	1	0.00
2.15882	295.00	0	0.00
2.16134	332.00	0	0.00
2.16384	358.00	0	0.00
2.16636	381.00	0	0.00
2.16884	397.00	0	0.00
2.17129	408.00	0	0.00
2.17376	417.00	0	0.00
2.17618	422.00	0	0.00
2.17867	425.00	0	0.00
2.18117	431.00	0	0.00
2.18371	435.00	0	0.00
2.18623	437.00	0	0.00
2.18875	436.00	0	0.00
2.19141	436.00	0	0.00
2.19392	434.00	0	0.00
2.19639	428.00	0	0.00
2.19883	413.00	1	0.00
2.20135	390.00	0	0.00
2.20393	355.00	0	0.00
2.20647	309.00	0	0.00
2.20895	279.00	0	0.00
2.21151	264.00	0	0.00
2.21403	255.00	0	0.00
2.21659	251.00	0	0.00
2.21901	242.00	0	0.00
2.22158	238.00	0	0.00
2.22408	234.00	0	0.00
2.22653	231.00	0	0.00
2.22902	231.00	0	0.00
2.23145	230.00	0	0.00
2.23394	230.00	0	0.00
2.23642	233.00	0	0.00
2.23897	235.00	0	0.00
2.24148	239.00	0	0.00
2.24401	245.00	0	0.00
2.24648	255.00	0	0.00
2.24893	277.00	1	0.00
2.25152	327.00	0	0.00
2.25403	362.00	0	0.00
2.25656	388.00	0	0.00
2.25915	408.00	0	0.00
2.26161	424.00	0	0.00
2.26408	436.00	0	0.00
2.26661	445.00	0	0.00
2.26911	453.00	0	0.00
2.27159	458.00	0	0.00
2.27400	460.00	0	0.00
2.27649	460.00	0	0.00
2.27900	460.00	0	0.00
2.28144	455.00	0	0.00
2.28397	452.00	0	0.00
2.28642	451.00	0	0.00
2.28889	443.00	0	0.00
2.29142	425.00	1	0.00
2.29390	392.00	0	0.00
2.29640	337.00	0	0.00
2.29893	292.00	0	0.00
2.30140	272.00	0	0.00
2.30396	261.00	0	0.00
2.30648	256.00	0	5.50
2.30897	252.00	0	5.50
2.31174	248.00	0	5.50
2.31476	246.00	0	5.50
2.31761	244.00	0	5.50
2.32039	245.00	0	5.50
2.32334	244.00	0	5.50
2.32605	245.00	0	5.50
2.32868	245.00	0	5.50
2.33129	246.00	0	5.50
2.33389	245.00	0	5.50
2.33652	245.00	0	5.50
2.33906	252.00	0	5.50
2.34149	269.00	0	5.50
2.34399	305.00	1	5.50
2.34645	340.00	0	5.50
2.34898	363.00	0	5.50
2.35151	384.00	0	5.50
2.35398	400.00	0	5.50
2.35655	412.00	0	5.50
2.35909	417.00	0	5.50
2.36160	424.00	0	5.50
2.36414	427.00	0	5.50
2.36665	431.00	0	5.50
2.36916	434.00	0	5.50
2.37170	437.00	0	5.50
2.37410	435.00	0	5.50
2.37659	437.00	0	5.50
2.37911	431.00	0	5.50
2.38155	423.00	0	5.50
2.38406	409.00	1	5.50
2.38645	383.00	0	5.50
2.38895	342.00	0	5.50
2.39145	299.00	0	5.50
2.39403	274.00	0	5.50
2.39651	262.00	0	5.50
2.39891	255.00	0	5.50
2.40138	248.00	0	5.50
2.40387	242.00	0	5.50
2.40635	237.00	0	5.50
2.40890	234.00	0	5.40
2.41145	230.00	0	5.40
2.41446	231.00	0	5.40
2.41698	230.00	0	5.40
2.41942	249.00	0	5.40
2.42201	234.00	0	5.40
2.42450	235.00	0	5.40
2.42701	241.00	0	5.40
2.42950	247.00	0	5.40
2.43198	257.00	0	5.40
2.43450	281.00	1	5.40
2.43702	328.00	0	5.40
2.43953	365.00	0	5.40
2.44215	390.00	0	5.40
2.44470	409.00	0	5.40
2.44722	424.00	0	5.40
2.44972	438.00	0	5.40
2.45222	446.00	0	5.40
2.45475	453.00	0	5.40
2.45722	456.00	0	5.40
2.45970	459.00	0	5.40
2.46216	461.00	0	5.40
2.46459	459.00	0	5.40
2.46714	454.00	0	5.40
2.46963	453.00	0	5.40
2.47218	449.00	0	5.40
2.47468	437.00	0	5.40
2.47715	416.00	1	5.40
2.47962	371.00	0	5.40
2.48211	313.00	0	5.40
2.48463	283.00	0	5.40
2.48714	269.00	0	5.40
2.48962	259.00	0	5.40
2.49217	255.00	0	5.40
2.49468	250.00	0	5.40
2.49721	248.00	0	5.40
2.49971	246.00	0	5.40
2.50224	244.00	0	5.40
2.50474	244.00	0	5.40
2.50728	244.00	0	5.40
2.51003	245.00	0	5.38
2.51268	245.00	0	5.38
2.51525	245.00	0	5.38
2.51773	245.00	0	5.38
2.52021	244.00	0	5.38
2.52269	246.00	0	5.38
2.52518	254.00	0	5.38
2.52775	274.00	1	5.38
2.53030	312.00	0	5.38
2.53391	354.00	0	5.38
2.53642	377.00	0	5.38
2.53954	399.00	0	5.38
2.54241	413.00	0	5.38
2.54553	418.00	0	5.38
2.54835	427.00	0	5.38
2.55143	431.00	0	5.38
2.55390	437.00	0	5.38
2.55682	436.00	0	5.38
2.55947	439.00	0	5.38
2.56232	437.00	0	5.38
2.56488	432.00	0	5.38
2.56743	424.00	0	5.38
2.56995	405.00	1	5.38
2.57248	375.00	0	5.38
2.57506	332.00	0	5.38
2.57748	293.00	0	5.38
2.58004	271.00	0	5.38
2.58251	261.00	0	5.38
2.58499	254.00	0	5.38
2.58758	248.00	0	5.38
2.59011	242.00	0	5.38
2.59267	235.00	0	5.38
2.59520	234.00	0	5.38
2.59772	233.00	0	5.38
2.60026	233.00	0	5.38
2.60276	231.00	0	5.38
2.60526	232.00	0	5.38
2.60785	234.00	0	5.38
2.61040	236.00	0	5.38
2.61296	241.00	0	5.38
2.61546	248.00	0	5.38
2.61797	259.00	0	5.38
2.62047	288.00	1	5.38
2.62301	338.00	0	5.38
2.62562	371.00	0	5.38
2.62820	396.00	0	5.38
2.63069	416.00	0	5.38
2.63313	430.00	0	5.38
2.63570	442.00	0	5.38
2.63816	451.00	0	5.38
2.64059	458.00	0	5.38
2.64314	460.00	0	5.38
2.64563	462.00	0	5.38
2.64817	462.00	0	5.38
2.65068	458.00	0	5.38
2.65324	454.00	0	5.38
2.65580	453.00	0	5.38
2.65829	448.00	0	5.38
2.66076	430.00	0	5.38
2.66328	394.00	1	5.38
2.66586	336.00	0	5.38
2.66835	293.00	0	5.38
2.67093	273.00	0	5.38
2.67341	259.00	0	5.38
2.67590	256.00	0	5.38
2.67833	253.00	0	5.38
2.68092	250.00	0	5.38
2.68340	249.00	0	5.38
2.68586	247.00	0	5.38
2.68833	245.00	0	5.38
2.69079	244.00	0	5.38
2.69337	245.00	0	5.38
2.69595	245.00	0	5.38
2.69842	245.00	0	5.38
2.70099	247.00	0	5.38
2.70352	245.00	0	5.38
2.70592	246.00	0	5.38
2.70843	249.00	0	5.38
2.71100	262.00	0	5.37
2.71354	293.00	1	5.37
2.71609	333.00	0	5.37
2.71854	357.00	0	5.37
2.72096	378.00	0	5.37
2.72347	398.00	0	5.37
2.72584	409.00	0	5.37
2.72834	416.00	0	5.37
2.73082	422.00	0	5.37
2.73321	427.00	0	5.37
2.73575	433.00	0	5.37
2.73824	436.00	0	5.37
2.74070	437.00	0	5.37
2.74326	437.00	0	5.37
2.74575	437.00	0	5.37
2.74831	434.00	0	5.37
2.75077	423.00	0	5.37
2.75328	406.00	1	5.37
2.75582	376.00	0	5.37
2.75833	332.00	0	5.37
2.76086	296.00	0	5.37
2.76339	274.00	0	5.37
2.76591	263.00	0	5.37
2.76839	256.00	0	5.37
2.77084	250.00	0	5.37
2.77334	244.00	0	5.37
2.77590	239.00	0	5.37
2.77838	235.00	0	5.37
2.78092	232.00	0	5.37
2.78347	231.00	0	5.37
2.78594	234.00	0	5.37
2.78847	232.00	0	5.37
2.79100	232.00	0	5.37
2.79347	236.00	0	5.37
2.79600	239.00	0	5.37
2.79853	245.00	0	5.37
2.80104	253.00	0	5.37
2.80362	272.00	1	5.37
2.80615	316.00	0	5.37
2.80866	352.00	0	5.37
2.81118	390.00	0	5.46
2.81369	406.00	0	5.46
2.81621	424.00	0	5.46
2.81868	438.00	0	5.46
2.82117	450.00	0	5.46
2.82366	457.00	0	5.46
2.82622	460.00	0	5.46
2.82886	460.00	0	5.46
2.83152	462.00	0	5.46
2.83412	461.00	0	5.46
2.83673	457.00	0	5.46
2.83930	455.00	0	5.46
2.84185	451.00	0	5.46
2.84445	435.00	0	5.46
2.84698	405.00	1	5.46
2.84940	357.00	0	5.46
2.85202	303.00	0	5.46
2.85456	280.00	0	5.46
2.85706	267.00	0	5.46
2.85962	261.00	0	5.46
2.86224	254.00	0	5.46
2.86478	251.00	0	5.46
2.86745	251.00	0	5.46
2.86996	247.00	0	5.46
2.87245	247.00	0	5.46
2.87495	246.00	0	5.46
2.87750	246.00	0	5.46
2.88003	245.00	0	5.46
2.88271	246.00	0	5.46
2.88526	246.00	0	5.46
2.88781	246.00	0	5.46
2.89029	245.00	0	5.46
2.89274	247.00	0	5.46
2.89530	262.00	0	5.46
2.89784	282.00	1	5.46
2.90033	320.00	0	5.46
2.90275	351.00	0	5.46
2.90529	370.00	0	5.46
2.90783	395.00	0	5.46
2.91032	409.00	0	5.46
2.91291	415.00	0	5.43
2.91544	423.00	0	5.43
2.91813	429.00	0	5.43
2.92064	433.00	0	5.43
2.92318	439.00	0	5.43
2.92598	440.00	0	5.43
2.92861	437.00	0	5.43
2.93119	439.00	0	5.43
2.93370	434.00	0	5.43
2.93644	422.00	0	5.43
2.93893	403.00	1	5.43
2.94161	368.00	0	5.43
2.94438	324.00	0	5.43
2.94688	288.00	0	5.43
2.94962	269.00	0	5.43
2.95216	261.00	0	5.43
2.95459	256.00	0	5.43
2.95722	248.00	0	5.43
2.96000	242.00	0	5.43
2.96296	236.00	0	5.43
2.96563	233.00	0	5.43
2.96815	233.00	0	5.43
2.97084	232.00	0	5.43
2.97360	232.00	0	5.43
2.97613	234.00	0	5.43
2.97921	238.00	0	5.43
2.98171	241.00	0	5.43
2.98479	249.00	0	5.43
2.98778	265.00	1	5.43
2.99065	307.00	0	5.43
2.99333	356.00	0	5.43
2.99619	390.00	0	5.43
2.99898	411.00	0	5.43
3.00192	431.00	0	5.43
3.00461	444.00	0	5.43
3.00811	454.00	0	5.43
3.01079	458.00	0	5.43
3.01339	461.00	0	5.43
3.01603	459.00	0	5.43
3.01856	461.00	0	5.43
3.02110	459.00	0	5.43
3.02363	454.00	0	5.43
3.02607	453.00	0	5.43
3.02864	440.00	0	5.43
3.03118	412.00	1	5.43
3.03385	365.00	0	5.43
3.03636	311.00	0	5.43
3.03884	283.00	0	5.43
3.04136	269.00	0	5.43
3.04394	260.00	0	5.43
3.04645	256.00	0	5.43
3.04901	252.00	0	5.43
3.05154	250.00	0	5.43
3.05404	247.00	0	5.43
3.05659	247.00	0	5.43
3.05916	247.00	0	5.43
3.06169	246.00	0	5.43
3.06425	247.00	0	5.43
3.06679	247.00	0	5.43
3.06922	247.00	0	5.43
3.07185	248.00	0	5.43
3.07439	248.00	0	5.43
3.07710	252.00	0	5.43
3.07964	266.00	0	5.43
3.08213	295.00	1	5.43
3.08463	337.00	0	5.43
3.08722	363.00	0	5.43
3.08973	383.00	0	5.43
3.09220	401.00	0	5.43
3.09469	413.00	0	5.43
3.09713	418.00	0	5.43
3.09963	423.00	0	5.43
3.10216	430.00	0	5.43
3.10463	436.00	0	5.43
3.10724	443.00	0	5.43
3.10976	441.00	0	5.43
3.11229	441.00	0	5.43
3.11478	439.00	0	5.43
3.11726	436.00	0	5.43
3.11975	424.00	0	5.43
3.12224	411.00	1	5.43
3.12474	380.00	0	5.43
3.12734	340.00	0	5.43
3.12988	299.00	0	5.43
3.13244	275.00	0	5.43
3.13497	264.00	0	5.43
3.13746	257.00	0	5.43
3.13996	250.00	0	5.43
3.14245	246.00	0	5.43
3.14493	238.00	0	5.43
3.14745	236.00	0	5.43
3.14995	235.00	0	5.43
3.15248	232.00	0	5.43
3.15507	233.00	0	5.43
3.15755	233.00	0	5.43
3.16006	236.00	0	5.43
3.16255	237.00	0	5.43
3.16501	242.00	0	5.43
3.16752	250.00	0	5.43
3.17002	262.00	0	5.43
3.17251	292.00	1	5.43
3.17499	344.00	0	5.43
3.17749	376.00	0	5.43
3.18000	397.00	0	5.43
3.18250	420.00	0	5.43
3.18507	433.00	0	5.43
3.18774	447.00	0	5.43
3.19041	452.00	0	5.43
3.19295	459.00	0	5.43
3.19554	461.00	0	5.43
3.19807	463.00	0	5.43
3.20061	463.00	0	5.43
3.20319	458.00	0	5.43
3.20577	459.00	0	5.43
3.20837	453.00	0	5.43
3.21101	443.00	0	5.43
3.21356	422.00	1	5.43
3.21619	381.00	0	5.48
3.21872	324.00	0	5.48
3.22121	290.00	0	5.48
3.22382	272.00	0	5.48
3.22636	263.00	0	5.48
3.22892	257.00	0	5.48
3.23144	254.00	0	5.48
3.23393	250.00	0	5.48
3.23641	249.00	0	5.48
3.23882	247.00	0	5.48
3.24143	245.00	0	5.48
3.24399	246.00	0	5.48
3.24646	123.00	0	5.48
3.24789	247.00	0	5.48
3.24917	246.00	0	5.48
3.25159	248.00	0	5.48
3.25414	248.00	0	5.48
3.25667	247.00	0	5.48
3.25926	250.00	0	5.48
3.26177	259.00	0	5.48
3.26421	285.00	1	5.48
3.26677	326.00	0	5.48
3.26927	356.00	0	5.48
3.27183	378.00	0	5.48
3.27434	398.00	0	5.48
3.27681	411.00	0	5.48
3.27946	419.00	0	5.48
3.28200	423.00	0	5.48
3.28443	429.00	0	5.48
3.28700	435.00	0	5.48
3.28941	438.00	0	5.48
3.29209	440.00	0	5.48
3.29457	441.00	0	5.48
3.29702	438.00	0	5.48
3.29955	436.00	0	5.48
3.30196	432.00	0	5.48
3.30455	420.00	0	5.48
3.30708	392.00	1	5.48
3.30952	361.00	0	5.48
3.31210	321.00	0	5.48
3.31454	285.00	0	5.48
3.31718	269.00	0	5.41
3.31973	261.00	0	5.41
3.32227	253.00	0	5.41
3.32481	248.00	0	5.41
3.32741	241.00	0	5.41
3.32996	237.00	0	5.41
3.33244	235.00	0	5.41
3.33496	232.00	0	5.41
3.33748	234.00	0	5.41
3.33996	234.00	0	5.41
3.34250	237.00	0	5.41
3.34501	242.00	0	5.41
3.34754	241.00	0	5.41
3.35008	249.00	0	5.41
3.35256	259.00	0	5.41
3.35508	282.00	1	5.41
3.35757	332.00	0	5.41
3.36008	367.00	0	5.41
3.36264	394.00	0	5.41
3.36526	413.00	0	5.41
3.36782	432.00	0	5.41
3.37034	443.00	0	5.41
3.37282	453.00	0	5.41
3.37526	458.00	0	5.41
3.37780	462.00	0	5.41
3.38037	464.00	0	5.41
3.38285	465.00	0	5.41
3.38534	463.00	0	5.41
3.38777	456.00	0	5.41
3.39040	458.00	0	5.41
3.39289	455.00	0	5.41
3.39535	446.00	0	5.41
3.39786	425.00	1	5.41
3.40029	387.00	0	5.41
3.40283	328.00	0	5.41
3.40541	291.00	0	5.41
3.40794	272.00	0	5.41
3.41051	263.00	0	5.41
3.41305	258.00	0	5.41
3.41570	253.00	0	5.41
3.41824	253.00	0	5.43
3.42073	248.00	0	5.43
3.42331	248.00	0	5.43
3.42585	247.00	0	5.43
3.42838	248.00	0	5.43
3.43092	247.00	0	5.43
3.43345	248.00	0	5.43
3.43597	249.00	0	5.43
3.43840	248.00	0	5.43
3.44098	249.00	0	5.43
3.44348	251.00	0	5.43
3.44606	262.00	0	5.43
3.44855	287.00	1	5.43
3.45098	327.00	0	5.43
3.45350	358.00	0	5.43
3.45603	379.00	0	5.43
3.45844	398.00	0	5.43
3.46099	410.00	0	5.43
3.46358	419.00	0	5.43
3.46603	424.00	0	5.43
3.46868	429.00	0	5.43
3.47126	436.00	0	5.43
3.47374	440.00	0	5.43
3.47630	441.00	0	5.43
3.47887	440.00	0	5.43
3.48141	440.00	0	5.43
3.48399	438.00	0	5.43
3.48649	431.00	0	5.43
3.48900	417.00	0	5.43
3.49154	394.00	1	5.43
3.49404	360.00	0	5.43
3.49645	317.00	0	5.43
3.49906	280.00	0	5.43
3.50157	269.00	0	5.43
3.50414	261.00	0	5.43
3.50674	253.00	0	5.43
3.50927	246.00	0	5.43
3.51180	240.00	0	5.43
3.51440	237.00	0	5.43
3.51696	233.00	0	5.43
3.51952	233.00	0	5.42
3.52200	233.00	0	5.42
3.52454	234.00	0	5.42
3.52703	237.00	0	5.42
3.52967	239.00	0	5.42
3.53223	243.00	0	5.42
3.53473	248.00	0	5.42
3.53724	259.00	0	5.42
3.53975	282.00	1	5.42
3.54232	332.00	0	5.42
3.54484	367.00	0	5.42
3.54740	393.00	0	5.42
3.54996	412.00	0	5.42
3.55256	428.00	0	5.42
3.55506	441.00	0	5.42
3.55759	451.00	0	5.42
3.56016	458.00	0	5.42
3.56270	460.00	0	5.42
3.56524	463.00	0	5.42
3.56777	464.00	0	5.42
3.57058	462.00	0	5.42
3.57311	460.00	0	5.42
3.57572	456.00	0	5.42
3.57828	453.00	0	5.42
3.58080	440.00	0	5.42
3.58332	414.00	1	5.42
3.58595	364.00	0	5.42
3.58849	305.00	0	5.42
3.59117	281.00	0	5.42
3.59368	269.00	0	5.42
3.59626	259.00	0	5.42
3.59884	256.00	0	5.42
3.60141	254.00	0	5.42
3.60404	250.00	0	5.42
3.60665	248.00	0	5.42
3.60918	248.00	0	5.42
3.61171	246.00	0	5.42
3.61420	248.00	0	5.42
3.61674	247.00	0	5.42
3.61929	248.00	0	5.42
3.62185	249.00	0	5.39
3.62439	249.00	0	5.39
3.62695	249.00	0	5.39
3.62944	254.00	0	5.39
3.63193	271.00	0	5.39
3.63446	306.00	1	5.39
3.63700	342.00	0	5.39
3.63953	366.00	0	5.39
3.64194	387.00	0	5.39
3.64467	405.00	0	5.39
3.64731	414.00	0	5.39
3.64992	419.00	0	5.39
3.65246	426.00	0	5.39
3.65506	431.00	0	5.39
3.65762	437.00	0	5.39
3.66020	439.00	0	5.39
3.66269	440.00	0	5.39
3.66513	440.00	0	5.39
3.66767	439.00	0	5.39
3.67017	436.00	0	5.39
3.67263	426.00	0	5.39
3.67581	406.00	1	5.39
3.67929	360.00	0	5.39
3.68265	303.00	0	5.39
3.68663	269.00	0	5.39
3.69045	259.00	0	5.39
3.69387	248.00	0	5.39
3.69723	240.00	0	5.39
3.70127	235.00	0	5.39
3.70523	234.00	0	5.39
3.70870	233.00	0	5.39
3.71277	237.00	0	5.39
3.71659	239.00	0	5.39
3.72014	248.00	0	5.39
3.72415	264.00	1	5.43
3.72775	319.00	0	5.43
3.73150	370.00	0	5.43
3.73527	407.00	0	5.43
3.73910	431.00	0	5.43
3.74295	448.00	0	5.43
3.74730	461.00	0	5.43
3.75080	463.00	0	5.43
3.75464	464.00	0	5.43
3.75846	459.00	0	5.43
3.76214	456.00	0	5.43
3.76561	449.00	0	5.43
3.76942	412.00	1	5.43
3.77318	330.00	0	5.43
3.77621	285.00	0	5.43
3.77884	270.00	0	5.43
3.78154	262.00	0	5.43
3.78406	257.00	0	5.43
3.78690	254.00	0	5.43
3.78962	125.00	0	5.43
3.79121	249.00	0	5.43
3.79252	250.00	0	5.43
3.79618	246.00	0	5.43
3.79909	247.00	0	5.43
3.80216	251.00	0	5.43
3.80463	248.00	0	5.43
3.80714	248.00	0	5.43
3.80963	249.00	0	5.43
3.81249	248.00	0	5.43
3.81503	250.00	0	5.43
3.81760	260.00	0	5.43
3.82011	284.00	1	5.43
3.82263	321.00	0	5.43
3.82542	355.00	0	5.39
3.82796	377.00	0	5.39
3.83051	396.00	0	5.39
3.83315	411.00	0	5.39
3.83572	418.00	0	5.39
3.83818	423.00	0	5.39
3.84104	430.00	0	5.39
3.84383	436.00	0	5.39
3.84651	439.00	0	5.39
3.84917	441.00	0	5.39
3.85188	441.00	0	5.39
3.85454	441.00	0	5.39
3.85708	435.00	0	5.39
3.85968	425.00	0	5.39
3.86232	402.00	1	5.39
3.86491	372.00	0	5.39
3.86761	324.00	0	5.39
3.87030	286.00	0	5.39
3.87292	270.00	0	5.39
3.87567	260.00	0	5.39
3.87821	255.00	0	5.39
3.88087	248.00	0	5.39
3.88359	241.00	0	5.39
3.88614	238.00	0	5.39
3.88863	236.00	0	5.39
3.89125	234.00	0	5.39
3.89377	234.00	0	5.39
3.89639	233.00	0	5.39
3.89911	236.00	0	5.39
3.90162	234.00	0	5.39
3.90491	243.00	0	5.39
3.90769	249.00	0	5.39
3.91036	259.00	0	5.39
3.91544	333.00	1	5.39
3.92064	396.00	0	5.39
3.92546	429.00	0	5.23
3.93015	453.00	0	5.23
3.93507	461.00	0	5.23
3.94104	465.00	0	5.23
3.94600	459.00	0	5.23
3.95098	451.00	0	5.23
3.95507	421.00	1	5.23
3.96086	152.00	0	5.23
3.96555	268.00	0	5.23
3.97034	258.00	0	5.23
3.97531	252.00	0	5.23
3.98003	248.00	0	5.23
3.98579	247.00	0	5.23
3.99049	246.00	0	5.23
3.99518	248.00	0	5.23
4.00092	249.00	0	5.23
4.00565	275.00	0	5.23
4.01041	344.00	1	5.23
4.01515	387.00	0	5.23
4.02100	417.00	0	5.23
4.02507	425.00	0	5.25
4.03017	438.00	0	5.25
4.03508	440.00	0	5.25
4.04035	441.00	0	5.25
4.04545	418.00	0	5.25
4.05103	353.00	1	5.25
4.05509	294.00	0	5.25
4.06016	262.00	0	5.25
4.06527	249.00	0	5.25
4.07077	239.00	0	5.25
4.07583	234.00	0	5.25
4.08042	233.00	0	5.25
4.08557	236.00	0	5.25
4.09086	244.00	0	5.25
4.09596	262.00	0	5.25
4.10036	320.00	1	5.25
4.10544	391.00	0	5.25
4.11068	429.00	0	5.25
4.11584	454.00	0	5.25
4.12033	461.00	0	5.25
4.12547	463.00	0	5.41
4.13073	459.00	0	5.41
4.13587	452.00	0	5.41
4.14024	421.00	1	5.41
4.14571	316.00	0	5.41
4.15058	273.00	0	5.41
4.15545	258.00	0	5.41
4.16023	252.00	0	5.41
4.16516	248.00	0	5.41
4.17106	247.00	0	5.41
4.17582	248.00	0	5.41
4.18060	250.00	0	5.41
4.18536	247.00	0	5.41
4.19015	263.00	0	5.41
4.19618	345.00	1	5.41
4.20001	382.00	0	5.41
4.20599	415.00	0	5.41
4.21094	427.00	0	5.41
4.21568	436.00	0	5.41
4.22048	441.00	0	5.41
4.22538	440.00	0	5.41
4.23018	428.00	0	5.38
4.23604	374.00	1	5.38
4.24077	298.00	0	5.38
4.24584	264.00	0	5.38
4.25058	253.00	0	5.38
4.25535	242.00	0	5.38
4.26024	235.00	0	5.38
4.26603	234.00	0	5.38
4.27086	236.00	0	5.38
4.27561	241.00	0	5.38
4.28047	254.00	0	5.38
4.28515	310.00	1	5.38
4.29009	382.00	0	5.38
4.29509	423.00	0	5.38
4.30005	449.00	0	5.38
4.30604	461.00	0	5.38
4.31079	466.00	0	5.38
4.31541	460.00	0	5.38
4.32029	455.00	0	5.38
4.32612	420.00	1	5.38
4.33091	330.00	0	5.38
4.33555	277.00	0	5.38
4.34053	261.00	0	5.38
4.34533	253.00	0	5.38
4.35013	248.00	0	5.38
4.35608	248.00	0	5.38
4.36097	249.00	0	5.38
4.36586	248.00	0	5.38
4.37073	249.00	0	5.38
4.37558	269.00	0	5.38
4.38046	337.00	1	5.38
4.38532	384.00	0	5.38
4.39023	411.00	0	5.38
4.39507	424.00	0	5.38
4.40104	437.00	0	5.38
4.40572	441.00	0	5.38
4.41055	440.00	0	5.38
4.41543	429.00	0	5.38
4.42025	391.00	1	5.38
4.42608	301.00	0	5.38
4.43072	267.00	0	5.43
4.43575	253.00	0	5.43
4.44070	241.00	0	5.43
4.44552	234.00	0	5.43
4.45047	231.00	0	5.43
4.45555	237.00	0	5.43
4.46038	241.00	0	5.43
4.46512	255.00	0	5.43
4.47015	309.00	1	5.43
4.47521	385.00	0	5.43
4.48023	425.00	0	5.43
4.48512	448.00	0	5.43
4.49103	461.00	0	5.43
4.49586	463.00	0	5.43
4.50058	460.00	0	5.43
4.50543	455.00	0	5.43
4.51028	431.00	0	5.43
4.51518	351.00	1	5.43
4.52006	279.00	0	5.43
4.52603	262.00	0	5.43
4.53089	253.00	0	5.29
4.53552	249.00	0	5.29
4.54046	247.00	0	5.29
4.54513	248.00	0	5.29
4.55016	248.00	0	5.29
4.55599	249.00	0	5.29
4.56067	270.00	0	5.29
4.56532	339.00	1	5.29
4.57021	382.00	0	5.29
4.57602	417.00	0	5.29
4.58079	427.00	0	5.29
4.58561	436.00	0	5.29
4.59048	443.00	0	5.29
4.59519	440.00	0	5.29
4.60002	430.00	0	5.29
4.60605	383.00	1	5.29
4.61103	301.00	0	5.29
4.61503	269.00	0	5.29
4.62086	252.00	0	5.29
4.62575	240.00	0	5.29
4.63082	234.00	0	5.38
4.63556	233.00	0	5.38
4.64030	236.00	0	5.38
4.64505	240.00	0	5.38
4.65083	129.00	0	5.38
4.65545	322.00	0	5.38
4.66107	394.00	1	5.38
4.66573	429.00	0	5.38
4.67037	508.00	0	5.38
4.67503	459.00	0	5.38
4.68079	464.00	0	5.38
4.68550	460.00	1	5.38
4.69022	455.00	0	5.38
4.69600	422.00	0	5.38
4.70073	327.00	0	5.38
4.70538	274.00	0	5.38
4.71007	260.00	0	5.38
4.71583	251.00	0	5.38
4.72054	248.00	0	5.38
4.72528	247.00	0	5.38
4.73110	249.00	0	5.87
4.73579	250.00	0	5.87
4.74053	250.00	0	5.87
4.74522	276.00	0	5.87
4.75005	345.00	1	5.87
4.75514	390.00	0	5.87
4.76028	417.00	0	5.87
4.76518	429.00	0	5.87
4.77006	437.00	0	5.87
4.77594	442.00	0	5.87
4.78063	441.00	0	5.87
4.78554	427.00	0	5.87
4.79051	379.00	1	5.87
4.79521	302.00	0	5.87
4.80012	266.00	0	5.87
4.80593	251.00	0	5.87
4.81081	239.00	0	5.87
4.81555	235.00	0	5.87
4.82051	234.00	0	5.87
4.82533	237.00	0	5.87
4.83017	243.00	0	5.87
4.83512	260.00	0	5.42
4.84001	336.00	1	5.42
4.84599	402.00	0	5.42
4.85069	432.00	0	5.42
4.85561	453.00	0	5.42
4.86048	464.00	0	5.42
4.86537	464.00	0	5.42
4.87045	459.00	0	5.42
4.87556	455.00	0	5.42
4.88052	414.00	1	5.42
4.88558	311.00	0	5.42
4.89047	271.00	0	5.42
4.89526	257.00	0	5.42
4.90001	251.00	0	5.42
4.90586	248.00	0	5.42
4.91056	248.00	0	5.42
4.91524	249.00	0	5.42
4.92002	15.00	0	5.42
4.92568	253.00	0	5.42
4.93034	291.00	1	5.42
4.93506	356.00	0	5.55
4.94085	401.00	0	5.55
4.94558	421.00	0	5.55
4.95032	428.00	0	5.55
4.95503	437.00	0	5.55
4.96083	441.00	0	5.55
4.96558	439.00	0	5.55
4.97036	421.00	0	5.55
4.97507	371.00	1	5.55
4.98085	282.00	0	5.55
4.98559	261.00	0	5.55
4.99027	250.00	0	5.55
4.99501	237.00	0	5.55
5.00074	234.00	0	5.55
5.00544	233.00	0	5.55
5.01014	238.00	0	5.55
5.01588	247.00	0	5.55
5.02051	268.00	0	5.55
5.02522	346.00	1	5.55
5.03096	407.00	0	5.55
5.03566	437.00	0	5.40
5.04036	454.00	0	5.40
5.04606	462.00	0	5.40
5.05076	465.00	0	5.40
5.05563	458.00	0	5.40
5.06044	451.00	0	5.40
5.06527	403.00	1	5.40
5.07105	291.00	0	5.40
5.07574	265.00	0	5.40
5.08052	255.00	0	5.40
5.08526	250.00	0	5.40
5.09014	248.00	0	5.40
5.09592	249.00	0	5.40
5.10072	249.00	0	5.40
5.10549	248.00	0	5.40
5.11026	251.00	0	5.40
5.11606	304.00	1	5.40
5.12086	363.00	0	5.40
5.12560	402.00	0	5.40
5.13037	417.00	0	5.40
5.13519	445.00	0	5.38
5.14011	438.00	0	5.38
5.14588	441.00	0	5.38
5.15080	436.00	0	5.38
5.15594	410.00	0	5.38
5.16063	342.00	1	5.38
5.16549	277.00	0	5.38
5.17042	259.00	0	5.38
5.17545	247.00	0	5.38
5.18037	237.00	0	5.38
5.18505	236.00	0	5.38
5.19021	235.00	0	5.38
5.19511	238.00	0	5.38
5.20025	247.00	0	5.38
5.20623	281.00	1	5.38
5.21107	364.00	0	5.38
5.21589	410.00	0	5.38
5.22090	442.00	0	5.38
5.22563	460.00	0	5.38
5.23082	464.00	0	5.38
5.23568	463.00	0	5.52
5.24017	457.00	0	5.52
5.24604	439.00	0	5.52
5.25003	383.00	1	5.52
5.25605	280.00	0	5.52
5.26066	261.00	0	5.52
5.26528	254.00	0	5.52
5.27001	250.00	0	5.52
5.27578	247.00	0	5.52
5.28051	248.00	0	5.52
5.28527	248.00	0	5.52
5.29104	248.00	0	5.52
5.29573	258.00	0	5.52
5.30045	311.00	1	5.52
5.30518	367.00	0	5.52
5.31096	411.00	0	5.52
5.31565	422.00	0	5.52
5.32033	433.00	0	5.52
5.32503	440.00	0	5.52
5.33079	439.00	0	5.52
5.33548	433.00	0	5.42
5.34013	402.00	1	5.42
5.34583	311.00	0	5.42
5.35046	268.00	0	5.42
5.35517	257.00	0	5.42
5.36094	242.00	0	5.42
5.36578	235.00	0	5.42
5.37062	233.00	0	5.42
5.37531	236.00	0	5.42
5.38021	239.00	0	5.42
5.38595	254.00	0	5.42
5.39062	300.00	1	5.42
5.39541	377.00	0	5.42
5.40011	419.00	0	5.42
5.40607	452.00	0	5.42
5.41095	463.00	0	5.42
5.41586	465.00	0	5.42
5.42071	464.00	0	5.42
5.42539	456.00	0	5.42
5.43011	431.00	0	5.42
5.43581	325.00	0	5.42
5.44044	275.00	1	5.42
5.44521	260.00	0	5.42
5.45107	252.00	0	5.42
5.45573	249.00	0	5.42
5.46041	246.00	0	5.42
5.46510	247.00	0	5.42
5.47090	248.00	0	5.42
5.47553	247.00	0	5.42
5.48011	261.00	0	5.42
5.48589	338.00	1	5.42
5.49057	381.00	0	5.42
5.49533	411.00	0	5.42
5.50001	425.00	0	5.42
5.50574	436.00	0	5.42
5.51053	442.00	0	5.42
5.51530	438.00	0	5.42
5.52004	429.00	0	5.42
5.52575	372.00	1	5.42
5.53067	295.00	0	5.42
5.53537	265.00	0	5.42
5.54018	253.00	0	5.39
5.54597	240.00	0	5.39
5.55062	234.00	0	5.39
5.55539	234.00	0	5.39
5.56003	237.00	0	5.39
5.56569	242.00	0	5.39
5.57053	259.00	0	5.39
5.57528	326.00	1	5.39
5.58102	398.00	0	5.39
5.58571	433.00	0	5.39
5.59050	456.00	0	5.39
5.59519	450.00	0	5.39
5.60101	463.00	0	5.39
5.60522	459.00	0	5.39
5.61000	453.00	0	5.39
5.61605	399.00	1	5.39
5.62025	311.00	0	5.39
5.62508	268.00	0	5.39
5.63109	255.00	0	5.39
5.63547	251.00	0	5.39
5.64022	247.00	0	5.69
5.64514	247.00	0	5.69
5.65048	248.00	0	5.69
5.65536	248.00	0	5.69
5.66054	252.00	0	5.69
5.66562	298.00	1	5.69
5.67067	363.00	0	5.69
5.67559	402.00	0	5.69
5.68037	419.00	0	5.69
5.68549	433.00	0	5.69
5.69066	441.00	0	5.69
5.69560	441.00	0	5.69
5.70045	436.00	0	5.69
5.70515	414.00	0	5.69
5.71099	333.00	1	5.69
5.71567	277.00	0	5.69
5.72033	260.00	0	5.69
5.72504	246.00	0	5.69
5.73083	237.00	0	5.69
5.73549	234.00	0	5.69
5.74020	234.00	0	5.40
5.74597	239.00	0	5.40
5.75063	249.00	0	5.40
5.75539	285.00	1	5.40
5.76005	369.00	0	5.40
5.76584	419.00	0	5.40
5.77052	444.00	0	5.40
5.77516	458.00	0	5.40
5.78090	462.00	0	5.40
5.78560	461.00	0	5.40
5.79037	456.00	0	5.40
5.79503	442.00	0	5.40
5.80078	356.00	1	5.40
5.80550	284.00	0	5.40
5.81022	261.00	0	5.40
5.81598	252.00	0	5.40
5.82061	249.00	0	5.40
5.82535	247.00	0	5.40
5.83008	252.00	0	5.40
5.83583	248.00	0	5.40
5.84048	248.00	0	5.41
5.84507	260.00	0	5.41
5.85085	336.00	1	5.41
5.85551	381.00	0	5.41
5.86021	411.00	0	5.41
5.86594	424.00	0	5.41
5.87064	433.00	0	5.41
5.87534	440.00	0	5.41
5.88107	438.00	0	5.41
5.88583	430.00	0	5.41
5.89054	398.00	1	5.41
5.89519	324.00	0	5.41
5.90095	266.00	0	5.41
5.90568	253.00	0	5.41
5.91043	243.00	0	5.41
5.91511	236.00	0	5.41
5.92084	233.00	0	5.41
5.92555	236.00	0	5.41
5.93021	241.00	0	5.41
5.93606	261.00	0	5.41
5.94075	331.00	1	5.57
5.94509	387.00	0	5.57
5.95042	427.00	0	5.57
5.95526	448.00	0	5.57
5.96100	460.00	0	5.57
5.96602	464.00	0	5.57
5.97086	457.00	0	5.57
5.97586	454.00	0	5.57
5.98047	427.00	0	5.57
5.98552	334.00	0	5.57
5.99018	275.00	1	5.57
5.99520	258.00	0	5.57
6.00106	250.00	0	5.57
6.00593	246.00	0	5.57
6.01055	246.00	0	5.57
6.01525	247.00	0	5.57
6.02008	248.00	0	5.57
6.02589	249.00	0	5.57
6.03079	284.00	0	5.57
6.03581	354.00	1	5.57
6.04078	394.00	0	5.41
6.04562	417.00	0	5.41
6.05063	428.00	0	5.41
6.05568	439.00	0	5.41
6.06076	440.00	0	5.41
6.06544	438.00	0	5.41
6.07041	424.00	0	5.41
6.07541	372.00	1	5.41
6.08040	294.00	0	5.41
6.08526	264.00	0	5.41
6.09005	250.00	0	5.41
6.09515	239.00	0	5.41
6.10095	233.00	0	5.41
6.10596	233.00	0	5.41
6.11063	237.00	0	5.41
6.11549	244.00	0	5.41
6.12032	265.00	0	5.41
6.12522	350.00	1	5.41
6.13026	400.00	0	5.41
6.13522	430.00	0	5.41
6.14001	454.00	0	5.42
6.14592	461.00	0	5.42
6.15062	462.00	0	5.42
6.15538	458.00	0	5.42
6.16027	451.00	0	5.42
6.16501	412.00	1	5.42
6.17103	294.00	0	5.42
6.17581	264.00	0	5.42
6.18082	254.00	0	5.42
6.18583	249.00	0	5.42
6.19083	248.00	0	5.42
6.19597	246.00	0	5.42
6.20098	248.00	0	5.42
6.20506	247.00	0	5.42
6.21098	257.00	0	5.42
6.21508	298.00	1	5.42
6.22095	370.00	0	5.42
6.22606	406.00	0	5.42
6.23080	419.00	0	5.42
6.23606	431.00	0	5.42
6.24083	436.00	0	5.58
6.24586	439.00	0	5.58
6.25077	433.00	0	5.58
6.25586	409.00	0	5.58
6.26065	321.00	1	5.58
6.26587	275.00	0	5.58
6.27056	257.00	0	5.58
6.27564	243.00	0	5.58
6.28028	235.00	0	5.58
6.28534	232.00	0	5.58
6.29034	233.00	0	5.58
6.29529	237.00	0	5.58
6.30024	247.00	0	5.58
6.30602	284.00	1	5.58
6.31078	362.00	0	5.58
6.31550	408.00	0	5.58
6.32034	439.00	0	5.58
6.32510	455.00	0	5.58
6.33093	463.00	0	5.58
6.33561	461.00	0	5.58
6.34047	458.00	0	5.58
6.34552	443.00	0	5.53
6.35026	381.00	1	5.53
6.35528	288.00	0	5.53
6.36013	262.00	0	5.53
6.36607	251.00	0	5.53
6.37081	249.00	0	5.53
6.37570	246.00	0	5.53
6.38056	244.00	0	5.53
6.38560	246.00	0	5.53
6.39072	247.00	0	5.53
6.39517	255.00	0	5.53
6.40001	305.00	1	5.53
6.40597	379.00	0	5.53
6.41050	409.00	0	5.53
6.41551	420.00	0	5.53
6.42019	430.00	0	5.53
6.42500	439.00	0	5.53
6.43081	440.00	0	5.53
6.43556	434.00	0	5.53
6.44035	406.00	0	5.53
6.44510	333.00	1	5.41
6.45095	270.00	0	5.41
6.45563	257.00	0	5.41
6.46037	245.00	0	5.41
6.46511	236.00	0	5.41
6.47101	234.00	0	5.41
6.47588	235.00	0	5.41
6.48058	240.00	0	5.41
6.48574	255.00	0	5.41
6.49096	294.00	1	5.41
6.49606	374.00	0	5.41
6.50001	410.00	0	5.41
6.50508	440.00	0	5.41
6.51005	456.00	0	5.41
6.51500	463.00	0	5.41
6.52008	826.00	0	5.41
6.52594	455.00	0	5.41
6.53061	440.00	0	5.41
6.53534	368.00	1	5.41
6.54043	283.00	0	5.41
6.54530	261.00	0	5.40
6.55036	254.00	0	5.40
6.55511	250.00	0	5.40
6.56095	248.00	0	5.40
6.56589	247.00	0	5.40
6.57077	248.00	0	5.40
6.57557	248.00	0	5.40
6.58018	255.00	0	5.40
6.58508	302.00	1	5.40
6.59091	371.00	0	5.40
6.59573	406.00	0	5.40
6.60060	420.00	0	5.40
6.60552	433.00	0	5.40
6.61019	439.00	0	5.40
6.61507	440.00	0	5.40
6.62094	435.00	0	5.40
6.62595	395.00	1	5.40
6.63098	321.00	0	5.40
6.63588	271.00	0	5.40
6.64055	256.00	0	5.40
6.64560	247.00	0	5.53
6.65045	236.00	0	5.53
6.65535	232.00	0	5.53
6.66012	234.00	0	5.53
6.66594	238.00	0	5.53
6.67063	247.00	0	5.53
6.67529	271.00	0	5.53
6.68105	363.00	0	5.53
6.68575	404.00	1	5.53
6.69052	439.00	0	5.53
6.69522	456.00	0	5.53
6.70104	462.00	0	5.53
6.70577	462.00	0	5.53
6.71046	456.00	0	5.53
6.71519	446.00	0	5.53
6.72098	375.00	1	5.53
6.72584	289.00	0	5.53
6.73055	265.00	0	5.53
6.73533	256.00	0	5.53
6.74014	250.00	0	5.53
6.74604	247.00	0	5.39
6.75077	246.00	0	5.39
6.75554	247.00	0	5.39
6.76023	247.00	0	5.39
6.76608	249.00	0	5.39
6.77095	289.00	1	5.39
6.77570	354.00	0	5.39
6.78042	394.00	0	5.39
6.78518	415.00	0	5.39
6.79107	430.00	0	5.39
6.79579	438.00	0	5.39
6.80061	437.00	0	5.39
6.80535	437.00	0	5.39
6.81012	419.00	0	5.39
6.81592	349.00	1	5.39
6.82072	281.00	0	5.39
6.82563	261.00	0	5.39
6.83038	248.00	0	5.39
6.83512	239.00	0	5.39
6.84090	234.00	0	5.39
6.84569	234.00	0	5.26
6.85052	237.00	0	5.26
6.85525	243.00	0	5.26
6.86009	257.00	0	5.26
6.86591	343.00	1	5.26
6.87064	398.00	0	5.26
6.87540	431.00	0	5.26
6.88020	452.00	0	5.26
6.88602	461.00	0	5.26
6.89071	463.00	0	5.26
6.89537	459.00	0	5.26
6.90006	454.00	0	5.26
6.90585	414.00	1	5.26
6.91065	320.00	0	5.26
6.91526	274.00	0	5.26
6.92103	257.00	0	5.26
6.92587	251.00	0	5.26
6.93062	248.00	0	5.26
6.93533	246.00	0	5.26
6.94006	247.00	0	5.26
6.94597	248.00	0	5.41
6.95074	245.00	0	5.41
6.95563	269.00	0	5.41
6.96046	338.00	1	5.41
6.96528	384.00	0	5.41
6.97007	413.00	0	5.41
6.97584	423.00	0	5.41
6.98065	436.00	0	5.41
6.98545	441.00	0	5.41
6.99022	438.00	0	5.41
6.99594	430.00	0	5.41
7.00078	390.00	1	5.41
7.00554	315.00	0	5.41
7.01028	269.00	0	5.41
7.01505	256.00	0	5.41
7.02089	242.00	0	5.41
7.02563	236.00	0	5.41
7.03041	234.00	0	5.41
7.03521	236.00	0	5.41
7.04100	241.00	0	5.41
7.04582	253.00	0	5.41
7.05057	292.00	1	5.41
7.05529	371.00	0	5.41
7.06101	421.00	0	5.41
7.06574	446.00	0	5.41
7.07054	459.00	0	5.41
7.07543	465.00	0	5.41
7.08012	465.00	0	5.41
7.08588	459.00	0	5.41
7.09055	449.00	0	5.41
7.09527	399.00	1	5.41
7.10102	291.00	0	5.41
7.10565	266.00	0	5.41
7.11033	258.00	0	5.41
7.11607	251.00	0	5.41
7.12085	248.00	0	5.41
7.12564	250.00	0	5.41
7.13039	249.00	0	5.41
7.13515	248.00	0	5.41
7.14096	254.00	0	5.41
7.14571	296.00	1	5.41
7.15051	362.00	0	5.40
7.15525	400.00	0	5.40
7.16005	419.00	0	5.40
7.16594	432.00	0	5.40
7.17063	440.00	0	5.40
7.17544	443.00	0	5.40
7.18022	441.00	0	5.40
7.18603	421.00	0	5.40
7.19067	377.00	1	5.40
7.19534	296.00	0	5.40
7.20018	265.00	0	5.40
7.20590	250.00	0	5.40
7.21066	240.00	0	5.40
7.21539	235.00	0	5.40
7.22006	234.00	0	5.40
7.22575	237.00	0	5.40
7.23045	243.00	0	5.40
7.23510	259.00	0	5.40
7.24082	343.00	1	5.40
7.24559	396.00	0	5.40
7.25054	430.00	0	5.26
7.25518	450.00	0	5.26
7.26088	463.00	0	5.26
7.26563	465.00	0	5.26
7.27036	468.00	0	5.26
7.27503	457.00	0	5.26
7.28090	429.00	0	5.26
7.28564	344.00	1	5.26
7.29036	281.00	0	5.26
7.29505	263.00	0	5.26
7.30086	253.00	0	5.26
7.30560	250.00	0	5.26
7.31031	247.00	0	5.26
7.31504	249.00	0	5.26
7.32086	250.00	0	5.26
7.32559	250.00	0	5.26
7.33036	265.00	0	5.26
7.33507	329.00	1	5.26
7.34096	388.00	0	5.26
7.34570	414.00	0	5.26
7.35048	425.00	0	5.28
7.35517	436.00	0	5.28
7.36087	443.00	0	5.28
7.36563	446.00	0	5.28
7.37037	437.00	0	5.28
7.37518	409.00	0	5.28
7.38095	325.00	1	5.28
7.38573	273.00	0	5.28
7.39048	261.00	0	5.28
7.39520	245.00	0	5.28
7.40099	236.00	0	5.28
7.40574	239.00	0	5.28
7.41044	236.00	0	5.28
7.41595	243.00	0	5.28
7.42078	253.00	0	5.28
7.42555	293.00	1	5.28
7.43060	377.00	0	5.28
7.43544	419.00	0	5.28
7.44054	445.00	0	5.28
7.44567	461.00	0	5.28
7.45117	465.00	0	5.41
7.45516	466.00	0	5.41
7.46002	460.00	0	5.41
7.46583	445.00	0	5.41
7.47057	382.00	1	5.41
7.47539	293.00	0	5.41
7.48008	266.00	0	5.41
7.48594	255.00	0	5.41
7.49061	251.00	0	5.41
7.49519	249.00	0	5.41
7.50097	252.00	0	5.41
7.50569	251.00	0	5.41
7.51048	249.00	0	5.41
7.51516	258.00	0	5.41
7.52103	322.00	1	5.41
7.52574	370.00	0	5.41
7.53051	407.00	0	5.41
7.53523	422.00	0	5.41
7.54106	434.00	0	5.41
7.54588	444.00	0	5.41
7.55061	442.00	0	5.41
7.55532	439.00	0	5.38
7.56100	411.00	0	5.38
7.56582	347.00	1	5.38
7.57055	281.00	0	5.38
7.57525	262.00	0	5.38
7.58003	249.00	0	5.38
7.58599	236.00	0	5.38
7.59075	235.00	0	5.38
7.59561	236.00	0	5.38
7.60038	240.00	0	5.38
7.60506	247.00	0	5.38
7.61095	278.00	1	5.38
7.61578	360.00	0	5.38
7.62064	407.00	0	5.38
7.62545	439.00	0	5.38
7.63036	455.00	0	5.38
7.63521	465.00	0	5.38
7.64033	467.00	0	5.38
7.64564	461.00	0	5.38
7.65069	453.00	0	5.38
7.65573	403.00	1	5.39
7.66036	303.00	0	5.39
7.66506	271.00	0	5.39
7.67038	258.00	0	5.39
7.67542	253.00	0	5.39
7.68033	250.00	0	5.39
7.68593	249.00	0	5.39
7.69020	250.00	0	5.39
7.69578	250.00	0	5.39
7.70093	255.00	0	5.39
7.70547	288.00	1	5.39
7.71110	363.00	0	5.39
7.71576	399.00	0	5.39
7.72066	423.00	0	5.39
7.72553	430.00	0	5.39
7.73085	441.00	0	5.39
7.73591	443.00	0	5.39
7.74009	441.00	0	5.39
7.74606	425.00	0	5.39
7.75008	382.00	1	5.39
7.75586	293.00	0	5.43
7.76070	265.00	0	5.43
7.76616	250.00	0	5.43
7.77028	242.00	0	5.43
7.77573	236.00	0	5.43
7.78058	235.00	0	5.43
7.78583	238.00	0	5.43
7.79096	246.00	0	5.43
7.79559	259.00	0	5.43
7.80070	331.00	1	5.43
7.80604	396.00	0	5.43
7.81004	424.00	0	5.43
7.81517	449.00	0	5.43
7.82027	465.00	0	5.43
7.82558	466.00	0	5.43
7.83076	462.00	0	5.43
7.83523	460.00	0	5.43
7.84039	427.00	1	5.43
7.84563	324.00	0	5.43
7.85070	272.00	0	5.43
7.85604	260.00	0	5.42
7.86011	254.00	0	5.42
7.86548	250.00	0	5.42
7.87063	249.00	0	5.42
7.87579	250.00	0	5.42
7.88027	250.00	0	5.42
7.88580	248.00	0	5.42
7.89069	262.00	0	5.42
7.89574	323.00	1	5.42
7.90070	376.00	0	5.42
7.90545	410.00	0	5.42
7.91041	421.00	0	5.42
7.91544	435.00	0	5.42
7.92038	441.00	0	5.42
7.92526	442.00	0	5.42
7.93004	436.00	0	5.42
7.93578	401.00	1	5.42
7.94047	330.00	0	5.42
7.94518	277.00	0	5.42
7.95097	257.00	0	5.42
7.95570	245.00	0	5.38
7.96040	238.00	0	5.38
7.96513	235.00	0	5.38
7.97105	237.00	0	5.38
7.97579	240.00	0	5.38
7.98050	249.00	0	5.38
7.98523	275.00	1	5.38
7.99102	370.00	0	5.38
7.99566	411.00	0	5.38
8.00036	442.00	0	5.38
8.00500	459.00	0	5.38
8.01092	468.00	0	5.38
8.01584	464.00	0	5.38
8.02009	461.00	0	5.38
8.02505	446.00	0	5.38
8.03040	380.00	1	5.38
8.03528	291.00	0	5.38
8.04053	267.00	0	5.38
8.04544	258.00	0	5.38
8.05049	254.00	0	5.38
8.05520	250.00	0	5.38
8.06096	247.00	0	5.26
8.06565	250.00	0	5.26
8.07026	251.00	0	5.26
8.07508	252.00	0	5.26
8.08088	288.00	1	5.26
8.08567	358.00	0	5.26
8.09041	396.00	0	5.26
8.09512	420.00	0	5.26
8.10103	432.00	0	5.26
8.10570	443.00	0	5.26
8.11036	455.00	0	5.26
8.11505	443.00	0	5.26
8.12082	422.00	0	5.26
8.12555	370.00	1	5.26
8.13027	294.00	0	5.26
8.13608	263.00	0	5.26
8.14095	251.00	0	5.26
8.14578	242.00	0	5.26
8.15048	237.00	0	5.26
8.15522	237.00	0	5.26
8.16003	239.00	0	5.27
8.16590	246.00	0	5.27
8.17065	260.00	0	5.27
8.17533	326.00	1	5.27
8.18003	392.00	0	5.27
8.18591	435.00	0	5.27
8.19066	457.00	0	5.27
8.19539	466.00	0	5.27
8.20007	467.00	0	5.27
8.20584	464.00	0	5.27
8.21066	457.00	0	5.27
8.21536	430.00	0	5.27
8.22004	348.00	1	5.27
8.22578	277.00	0	5.27
8.23053	260.00	0	5.27
8.23524	256.00	0	5.27
8.24099	250.00	0	5.27
8.24579	250.00	0	5.27
8.25058	251.00	0	5.27
8.25529	252.00	0	5.27
8.26004	251.00	0	5.27
8.26585	269.00	0	5.27
8.27058	337.00	1	5.27
8.27537	384.00	0	5.27
8.28015	414.00	0	5.27
8.28593	428.00	0	5.27
8.29064	440.00	0	5.27
8.29529	444.00	0	5.27
8.30005	447.00	0	5.27
8.30579	437.00	0	5.27
8.31059	404.00	1	5.27
8.31540	333.00	0	5.27
8.32009	278.00	0	5.27
8.32578	259.00	0	5.27
8.33063	246.00	0	5.27
8.33539	239.00	0	5.27
8.34010	237.00	0	5.27
8.34584	238.00	0	5.27
8.35055	241.00	0	5.27
8.35532	251.00	0	5.27
8.36014	282.00	1	5.40
8.36596	378.00	0	5.40
8.37060	418.00	0	5.40
8.37583	448.00	0	5.40
8.38059	468.00	0	5.40
8.38525	469.00	0	5.40
8.39010	466.00	0	5.40
8.39530	464.00	0	5.40
8.40031	453.00	0	5.40
8.40544	392.00	1	5.40
8.41077	296.00	0	5.40
8.41548	269.00	0	5.40
8.42038	260.00	0	5.40
8.42505	254.00	0	5.40
8.43002	251.00	0	5.40
8.43600	252.00	0	5.40
8.44066	253.00	0	5.40
8.44589	251.00	0	5.40
8.45058	257.00	0	5.40
8.45535	304.00	1	5.40
8.46008	365.00	0	5.41
8.46584	410.00	0	5.41
8.47054	425.00	0	5.41
8.47522	436.00	0	5.41
8.48094	443.00	0	5.41
8.48566	447.00	0	5.41
8.49043	444.00	0	5.41
8.49509	426.00	0	5.41
8.50084	360.00	1	5.41
8.50552	291.00	0	5.41
8.51026	267.00	0	5.41
8.51598	251.00	0	5.41
8.52065	242.00	0	5.41
8.52539	238.00	0	5.41
8.53009	238.00	0	5.41
8.53582	242.00	0	5.41
8.54046	248.00	0	5.41
8.54512	266.00	0	5.41
8.55096	356.00	0	5.41
8.55562	405.00	1	5.41
8.56037	436.00	0	5.12
8.56515	459.00	0	5.12
8.57097	468.00	0	5.12
8.57568	472.00	0	5.12
8.58040	467.00	0	5.12
8.58509	461.00	0	5.12
8.59090	433.00	1	5.12
8.59555	344.00	0	5.12
8.60021	283.00	0	5.12
8.60596	264.00	0	5.12
8.61064	259.00	0	5.12
8.61533	254.00	0	5.12
8.62004	253.00	0	5.12
8.62586	254.00	0	5.12
8.63055	254.00	0	5.12
8.63523	255.00	0	5.12
8.64102	283.00	0	5.12
8.64601	352.00	1	5.12
8.65072	394.00	0	5.12
8.65537	422.00	0	5.12
8.66010	432.00	0	5.24
8.66584	444.00	0	5.24
8.67050	448.00	0	5.24
8.67521	450.00	0	5.24
8.68099	438.00	0	5.24
8.68570	400.00	1	5.24
8.69049	325.00	0	5.24
8.69515	278.00	0	5.24
8.70091	261.00	0	5.24
8.70563	250.00	0	5.24
8.71029	242.00	0	5.24
8.71602	241.00	0	5.24
8.72080	244.00	0	5.24
8.72554	250.00	0	5.24
8.73022	261.00	0	5.24
8.73605	331.00	1	5.24
8.74077	395.00	0	5.24
8.74549	433.00	0	5.24
8.75020	452.00	0	5.24
8.75597	470.00	0	5.24
8.76064	476.00	0	5.54
8.76539	474.00	0	5.54
8.77011	471.00	0	5.54
8.77583	454.00	0	5.54
8.78082	370.00	1	5.54
8.78596	290.00	0	5.54
8.79092	270.00	0	5.54
8.79588	262.00	0	5.54
8.80084	259.00	0	5.54
8.80585	256.00	0	5.54
8.81077	258.00	0	5.54
8.81574	258.00	0	5.54
8.82069	257.00	0	5.54
8.82576	271.00	0	5.54
8.83071	336.00	1	5.54
8.83563	386.00	0	5.54
8.84056	420.00	0	5.54
8.84557	436.00	0	5.54
8.85053	443.00	0	5.54
8.85546	453.00	0	5.54
8.86049	454.00	0	5.41
8.86556	449.00	0	5.41
8.87059	423.00	0	5.41
8.87557	351.00	1	5.41
8.88023	289.00	0	5.41
8.88597	267.00	0	5.41
8.89070	253.00	0	5.41
8.89538	246.00	0	5.41
8.90002	243.00	0	5.41
8.90570	244.00	0	5.41
8.91042	248.00	0	5.41
8.91507	258.00	0	5.41
8.92083	295.00	1	5.41
8.92558	376.00	0	5.41
8.93034	420.00	0	5.41
8.93607	455.00	0	5.41
8.94086	470.00	0	5.41
8.94561	475.00	0	5.41
8.95030	476.00	0	5.41
8.95603	472.00	0	5.41
8.96076	461.00	0	5.41
8.96546	408.00	1	5.41
8.97020	311.00	0	5.41
8.97522	277.00	0	5.41
8.98043	265.00	0	5.41
8.98542	260.00	0	5.41
8.99019	259.00	0	5.41
8.99598	258.00	0	5.41
9.00105	257.00	0	5.41
9.00584	496.00	0	5.41
9.01049	261.00	0	5.41
9.01509	296.00	0	5.41
9.02007	367.00	1	5.41
9.02513	408.00	0	5.41
9.03026	429.00	0	5.41
9.03527	442.00	0	5.41
9.04023	454.00	0	5.41
9.04620	454.00	0	5.41
9.05099	454.00	0	5.41
9.05585	433.00	0	5.41
9.06054	379.00	1	5.41
9.06531	301.00	0	5.41
9.07011	274.00	0	5.41
9.07534	259.00	0	5.41
9.08077	250.00	0	5.41
9.08567	244.00	0	5.41
9.09062	244.00	0	5.41
9.09627	248.00	0	5.41
9.10054	252.00	0	5.41
9.10574	267.00	0	5.41
9.11098	340.00	1	5.41
9.11570	398.00	0	5.41
9.12039	436.00	0	5.41
9.12509	461.00	0	5.41
9.13090	474.00	0	5.41
9.13560	477.00	0	5.41
9.14040	472.00	0	5.41
9.14517	469.00	0	5.41
9.15003	448.00	0	5.41
9.15599	333.00	0	5.41
9.16076	283.00	1	5.41
9.16583	269.00	0	5.12
9.17062	263.00	0	5.12
9.17533	259.00	0	5.12
9.18003	257.00	0	5.12
9.18583	256.00	0	5.12
9.19061	259.00	0	5.12
9.19550	257.00	0	5.12
9.20002	267.00	0	5.12
9.20601	342.00	1	5.12
9.21084	390.00	0	5.12
9.21569	421.00	0	5.12
9.22044	435.00	0	5.12
9.22530	446.00	0	5.12
9.23014	452.00	0	5.12
9.23590	454.00	0	5.12
9.24066	446.00	0	5.12
9.24544	410.00	1	5.12
9.25047	331.00	0	5.12
9.25520	281.00	0	5.12
9.26097	265.00	0	5.12
9.26568	252.00	0	5.41
9.27074	244.00	0	5.41
9.27599	242.00	0	5.41
9.28008	244.00	0	5.41
9.28554	247.00	0	5.41
9.29089	258.00	0	5.41
9.29570	289.00	1	5.41
9.30084	378.00	0	5.41
9.30589	424.00	0	5.41
9.31061	454.00	0	5.41
9.31622	471.00	0	5.41
9.32098	477.00	0	5.41
9.32605	474.00	0	5.41
9.33099	467.00	0	5.41
9.33578	452.00	0	5.41
9.34085	385.00	1	5.41
9.34592	295.00	0	5.41
9.35056	273.00	0	5.41
9.35538	266.00	0	5.41
9.36017	259.00	0	5.41
9.36605	256.00	0	5.55
9.37080	256.00	0	5.55
9.37557	257.00	0	5.55
9.38051	258.00	0	5.55
9.38525	259.00	0	5.55
9.39022	290.00	0	5.55
9.39605	371.00	1	5.55
9.40001	404.00	0	5.55
9.40601	433.00	0	5.55
9.41084	440.00	0	5.55
9.41557	451.00	0	5.55
9.42059	454.00	0	5.55
9.42530	454.00	0	5.55
9.43022	433.00	0	5.55
9.43511	382.00	1	5.55
9.44107	294.00	0	5.55
9.44600	269.00	0	5.55
9.45066	257.00	0	5.55
9.45544	247.00	0	5.55
9.46016	242.00	0	5.55
9.46605	242.00	0	5.27
9.47077	245.00	0	5.27
9.47573	252.00	0	5.27
9.48055	133.00	0	5.27
9.48519	331.00	0	5.27
9.49090	406.00	1	5.27
9.49559	439.00	0	5.27
9.50050	463.00	0	5.27
9.50517	472.00	0	5.27
9.51105	474.00	0	5.27
9.51584	470.00	0	5.27
9.52054	466.00	0	5.27
9.52542	431.00	1	5.27
9.53035	334.00	0	5.27
9.53534	284.00	0	5.27
9.54021	267.00	0	5.27
9.54601	259.00	0	5.27
9.55069	258.00	0	5.27
9.55567	255.00	0	5.27
9.56060	255.00	0	5.27
9.56535	257.00	0	5.42
9.57035	257.00	0	5.42
9.57520	271.00	0	5.42
9.58007	338.00	1	5.42
9.58583	396.00	0	5.42
9.59059	424.00	0	5.42
9.59524	436.00	0	5.42
9.60001	446.00	0	5.42
9.60508	452.00	0	5.42
9.61019	452.00	0	5.42
9.61605	441.00	0	5.42
9.62071	403.00	1	5.42
9.62575	325.00	0	5.42
9.63068	278.00	0	5.42
9.63593	265.00	0	5.42
9.64089	251.00	0	5.42
9.64508	244.00	0	5.42
9.65089	241.00	0	5.42
9.65559	244.00	0	5.42
9.66031	246.00	0	5.42
9.66503	258.00	0	5.39
9.67092	307.00	1	5.39
9.67564	387.00	0	5.39
9.68034	427.00	0	5.39
9.68507	454.00	0	5.39
9.69091	454.00	0	5.39
9.69560	473.00	0	5.39
9.70023	473.00	0	5.39
9.70598	467.00	0	5.39
9.71064	450.00	0	5.39
9.71539	388.00	1	5.39
9.72008	303.00	0	5.39
9.72584	271.00	0	5.39
9.73045	263.00	0	5.39
9.73502	258.00	0	5.39
9.74080	256.00	0	5.39
9.74553	257.00	0	5.39
9.75030	258.00	0	5.39
9.75602	257.00	0	5.39
9.76070	265.00	0	5.39
9.76548	324.00	1	5.26
9.77017	378.00	0	5.26
9.77597	421.00	0	5.26
9.78067	429.00	0	5.26
9.78539	442.00	0	5.26
9.79005	451.00	0	5.26
9.79574	451.00	0	5.26
9.80039	448.00	0	5.26
9.80508	427.00	0	5.26
9.81083	353.00	1	5.26
9.81547	289.00	0	5.26
9.82013	269.00	0	5.26
9.82583	253.00	0	5.26
9.83054	245.00	0	5.26
9.83525	241.00	0	5.26
9.84100	242.00	0	5.26
9.84578	247.00	0	5.26
9.85047	257.00	0	5.26
9.85508	283.00	1	5.26
9.86076	380.00	0	5.26
9.86534	420.00	0	5.26
9.87099	454.00	0	5.43
9.87561	470.00	0	5.43
9.88021	475.00	0	5.43
9.88588	476.00	0	5.43
9.89054	474.00	0	5.43
9.89519	462.00	0	5.43
9.90087	409.00	1	5.43
9.90559	312.00	0	5.43
9.91024	278.00	0	5.43
9.91601	496.00	0	5.43
9.92072	259.00	0	5.43
9.92532	256.00	0	5.43
9.93002	256.00	0	5.43
9.93580	258.00	0	5.43
9.94046	257.00	0	5.43
9.94509	259.00	0	5.43
9.95089	305.00	1	5.43
9.95556	368.00	0	5.43
9.96030	409.00	0	5.43
9.96605	429.00	0	5.43
9.97078	441.00	0	5.39
9.97547	448.00	0	5.39
9.98009	453.00	0	5.39
9.98588	450.00	0	5.39
9.99052	437.00	0	5.39
9.99519	396.00	1	5.39
10.00091	304.00	0	5.39
