0.00001	194.00	0	0.00
0.00129	193.00	0	0.00
0.00574	193.00	0	0.00
0.01017	193.00	0	0.00
0.01569	193.00	0	0.00
0.02013	193.00	0	0.00
0.02563	193.00	0	0.00
0.03007	193.00	0	0.00
0.03558	193.00	0	0.00
0.04001	194.00	0	0.00
0.04552	196.00	0	0.00
0.05101	201.00	0	0.00
0.05545	216.00	0	0.00
0.06095	255.00	1	0.00
0.06539	291.00	0	0.00
0.07089	329.00	0	0.00
0.07533	348.00	0	0.00
0.08084	368.00	0	0.00
0.08527	377.00	0	0.00
0.09077	386.00	0	0.00
0.09521	389.00	0	0.00
0.10072	397.00	0	0.00
0.10515	400.00	0	0.00
0.11067	390.00	0	0.00
0.11512	388.00	0	0.00
0.12062	370.00	0	0.00
0.12507	308.00	1	0.00
0.13057	242.00	0	0.00
0.13529	220.00	0	0.00
0.14084	211.00	0	0.00
0.14529	206.00	0	0.00
0.15079	206.00	0	0.00
0.15524	203.00	0	0.00
0.16074	202.00	0	0.00
0.16519	201.00	0	0.00
0.17069	204.00	0	0.00
0.17513	211.00	0	0.00
0.18065	232.00	1	0.00
0.18508	264.00	0	0.00
0.19060	308.00	0	0.00
0.19503	333.00	0	0.00
0.20057	351.00	0	0.00
0.20606	364.00	0	0.00
0.21052	372.00	0	0.00
0.21602	376.00	0	0.00
0.22047	379.00	0	0.00
0.22597	374.00	0	0.00
0.23040	364.00	0	0.00
0.23592	312.00	1	0.00
0.24035	257.00	0	0.00
0.24587	221.00	0	0.00
0.25030	210.00	0	0.00
0.25586	204.00	0	0.00
0.26036	202.00	0	0.00
0.26589	198.00	0	0.00
0.27032	195.00	0	0.00
0.27585	194.00	0	0.00
0.28028	193.00	0	0.00
0.28580	199.00	0	0.00
0.29023	226.00	1	0.00
0.29576	289.00	0	0.00
0.30022	329.00	0	4.36
0.30572	361.00	0	4.36
0.31018	375.00	0	4.36
0.31569	388.00	0	4.36
0.32014	393.00	0	4.36
0.32564	397.00	0	4.36
0.33017	393.00	0	4.36
0.33502	381.00	0	4.36
0.34069	320.00	1	4.36
0.34524	254.00	0	4.36
0.35077	219.00	0	4.64
0.35521	210.00	0	4.64
0.36072	208.00	0	4.64
0.36518	206.00	0	4.64
0.37068	203.00	0	4.64
0.37514	202.00	0	4.64
0.38064	204.00	0	4.64
0.38510	207.00	0	4.64
0.39061	222.00	0	4.64
0.39507	251.00	1	4.64
0.40057	298.00	0	4.64
0.40502	326.00	0	4.64
0.41055	346.00	0	4.66
0.41606	361.00	0	4.66
0.42061	373.00	0	4.66
0.42509	377.00	0	4.66
0.43063	378.00	0	4.66
0.43506	374.00	0	4.66
0.44058	360.00	0	4.66
0.44502	314.00	1	4.66
0.45058	247.00	0	4.78
0.45502	222.00	0	4.78
0.46054	209.00	0	4.78
0.46603	204.00	0	4.78
0.47047	201.00	0	4.78
0.47599	197.00	0	4.78
0.48043	195.00	0	4.78
0.48595	194.00	0	4.78
0.49038	196.00	0	4.78
0.49591	211.00	0	4.78
0.50034	257.00	1	4.78
0.50589	315.00	0	4.76
0.51036	347.00	0	4.76
0.51592	371.00	0	4.76
0.52039	385.00	0	4.76
0.52599	393.00	0	4.76
0.53047	397.00	0	4.76
0.53602	394.00	0	4.76
0.54049	387.00	0	4.76
0.54606	336.00	1	4.76
0.55053	262.00	0	4.76
0.55500	225.00	0	4.87
0.56055	212.00	0	4.87
0.56504	208.00	0	4.87
0.57059	206.00	0	4.87
0.57510	204.00	0	4.87
0.58061	203.00	0	4.87
0.58511	203.00	0	4.87
0.59065	208.00	0	4.87
0.59517	216.00	0	4.87
0.60074	249.00	1	4.87
0.60523	287.00	0	4.86
0.61078	325.00	0	4.86
0.61527	344.00	0	4.86
0.62081	360.00	0	4.86
0.62530	369.00	0	4.86
0.63084	377.00	0	4.86
0.63535	379.00	0	4.86
0.64088	375.00	0	4.86
0.64544	366.00	0	4.86
0.65009	324.00	1	4.86
0.65544	257.00	0	4.88
0.66105	221.00	0	4.88
0.66557	210.00	0	4.88
0.67019	206.00	0	4.88
0.67584	203.00	0	4.88
0.68032	201.00	0	4.88
0.68588	195.00	0	4.88
0.69041	194.00	0	4.88
0.69601	195.00	0	4.88
0.70048	199.00	0	4.88
0.70604	236.00	1	4.88
0.71051	291.00	0	4.88
0.71607	340.00	0	4.86
0.72056	361.00	0	4.86
0.72506	377.00	0	4.86
0.73063	389.00	0	4.86
0.73513	396.00	0	4.86
0.74069	395.00	0	4.86
0.74516	391.00	0	4.86
0.75076	368.00	0	4.86
0.75530	300.00	1	4.86
0.76089	235.00	0	4.78
0.76535	215.00	0	4.78
0.77093	208.00	0	4.78
0.77540	207.00	0	4.78
0.78100	205.00	0	4.78
0.78552	202.00	0	4.78
0.79007	202.00	0	4.78
0.79559	204.00	0	4.78
0.80009	209.00	0	4.78
0.80563	225.00	0	4.78
0.81014	256.00	1	4.78
0.81569	302.00	0	4.78
0.82018	329.00	0	4.78
0.82569	350.00	0	4.78
0.83019	362.00	0	4.78
0.83573	373.00	0	4.78
0.84023	380.00	0	4.78
0.84576	379.00	0	4.78
0.85031	372.00	0	4.78
0.85584	352.00	0	4.78
0.86034	295.00	1	4.78
0.86587	239.00	0	4.78
0.87038	217.00	0	4.76
0.87594	207.00	0	4.76
0.88043	204.00	0	4.76
0.88597	201.00	0	4.76
0.89046	198.00	0	4.76
0.89599	195.00	0	4.76
0.90049	194.00	0	4.76
0.90602	195.00	0	4.76
0.91052	202.00	0	4.76
0.91502	240.00	1	4.76
0.92058	306.00	0	4.79
0.92505	342.00	0	4.79
0.93062	367.00	0	4.79
0.93508	380.00	0	4.79
0.94064	391.00	0	4.79
0.94510	396.00	0	4.79
0.95067	395.00	0	4.79
0.95531	386.00	0	4.79
0.96087	348.00	1	4.79
0.96534	273.00	0	4.79
0.97093	227.00	0	4.86
0.97545	213.00	0	4.86
0.98101	208.00	0	4.86
0.98548	206.00	0	4.86
0.99104	203.00	0	4.86
0.99549	202.00	0	4.86
1.00105	201.00	0	4.86
1.00552	203.00	0	4.86
1.01001	208.00	0	4.86
1.01555	225.00	0	4.86
1.02008	258.00	1	4.86
1.02558	304.00	0	4.86
1.03008	332.00	0	4.76
1.03561	130.00	0	4.76
1.04006	361.00	0	4.76
1.04555	373.00	0	4.76
1.05001	378.00	0	4.76
1.05558	378.00	0	4.76
1.06004	371.00	0	4.76
1.06560	350.00	0	4.76
1.07007	297.00	1	4.76
1.07568	239.00	0	4.77
1.08014	217.00	0	4.77
1.08570	207.00	0	4.77
1.09017	204.00	0	4.77
1.09574	200.00	0	4.77
1.10020	197.00	0	4.77
1.10576	195.00	0	4.77
1.11024	194.00	0	4.77
1.11581	194.00	0	4.77
1.12027	201.00	0	4.77
1.12583	246.00	1	4.77
1.13032	298.00	0	4.77
1.13588	344.00	0	4.74
1.14033	364.00	0	4.74
1.14586	382.00	0	4.74
1.15033	389.00	0	4.74
1.15588	395.00	0	4.74
1.16034	396.00	0	4.74
1.16588	387.00	0	4.74
1.17034	367.00	0	4.74
1.17589	279.00	1	4.74
1.18040	233.00	0	4.74
1.18594	214.00	0	4.65
1.19041	208.00	0	4.65
1.19600	205.00	0	4.65
1.20045	204.00	0	4.65
1.20599	203.00	0	4.65
1.21046	201.00	0	4.65
1.21600	204.00	0	4.65
1.22045	209.00	0	4.65
1.22601	227.00	0	4.65
1.23051	263.00	1	4.65
1.23605	309.00	0	4.75
1.24051	334.00	0	4.75
1.24605	352.00	0	4.75
1.25051	362.00	0	4.75
1.25500	373.00	0	4.75
1.26065	94.00	0	4.75
1.26509	377.00	0	4.75
1.27061	371.00	0	4.75
1.27507	356.00	0	4.75
1.28066	291.00	1	4.75
1.28511	244.00	0	4.75
1.29073	216.00	0	4.75
1.29519	208.00	0	4.75
1.30078	204.00	0	4.75
1.30523	201.00	0	4.75
1.31078	196.00	0	4.75
1.31528	195.00	0	4.75
1.32083	193.00	0	4.75
1.32528	194.00	0	4.75
1.33085	203.00	0	4.75
1.33539	244.00	1	4.75
1.34099	308.00	0	4.77
1.34547	342.00	0	4.77
1.35102	368.00	0	4.77
1.35576	381.00	0	4.77
1.36044	390.00	0	4.77
1.36602	396.00	0	4.77
1.37055	394.00	0	4.77
1.37503	388.00	0	4.77
1.38058	371.00	0	4.77
1.38503	305.00	1	4.77
1.39058	238.00	0	4.78
1.39503	217.00	0	4.78
1.40059	208.00	0	4.78
1.40509	206.00	0	4.78
1.41064	203.00	0	4.78
1.41510	202.00	0	4.78
1.42064	202.00	0	4.78
1.42509	203.00	0	4.78
1.43064	208.00	0	4.78
1.43509	220.00	0	4.78
1.44061	258.00	1	4.78
1.44508	295.00	0	4.76
1.45061	331.00	0	4.76
1.45508	347.00	0	4.76
1.46060	360.00	0	4.76
1.46507	369.00	0	4.76
1.47060	375.00	0	4.76
1.47513	378.00	0	4.76
1.48064	373.00	0	4.76
1.48512	365.00	0	4.76
1.49064	322.00	1	4.76
1.49512	263.00	0	4.76
1.50068	223.00	0	4.76
1.50516	211.00	0	4.76
1.51068	204.00	0	4.76
1.51516	202.00	0	4.76
1.52067	198.00	0	4.76
1.52512	195.00	0	4.76
1.53067	192.00	0	4.76
1.53512	193.00	0	4.76
1.54066	197.00	0	4.76
1.54511	223.00	1	4.76
1.55066	288.00	0	4.77
1.55512	328.00	0	4.77
1.56068	360.00	0	4.77
1.56515	375.00	0	4.77
1.57081	386.00	0	4.77
1.57531	392.00	0	4.77
1.58091	396.00	0	4.77
1.58541	392.00	0	4.77
1.59101	376.00	0	4.77
1.59547	329.00	1	4.77
1.60101	244.00	0	4.75
1.60547	222.00	0	4.75
1.61000	211.00	0	4.75
1.61562	206.00	0	4.75
1.62010	205.00	0	4.75
1.62562	203.00	0	4.75
1.63007	201.00	0	4.75
1.63562	202.00	0	4.75
1.64012	206.00	0	4.75
1.64567	216.00	0	4.75
1.65012	242.00	1	4.75
1.65572	288.00	0	4.77
1.66017	319.00	0	4.77
1.66571	343.00	0	4.77
1.67018	355.00	0	4.77
1.67574	368.00	0	4.77
1.68024	375.00	0	4.77
1.68578	377.00	0	4.77
1.69023	376.00	0	4.77
1.69578	367.00	0	4.77
1.70023	345.00	1	4.77
1.70577	273.00	0	4.77
1.71026	233.00	0	4.77
1.71585	212.00	0	4.77
1.72030	206.00	0	4.77
1.72581	202.00	0	4.77
1.73030	198.00	0	4.77
1.73586	196.00	0	4.77
1.74034	194.00	0	4.77
1.74590	193.00	0	4.77
1.75039	196.00	0	4.77
1.75597	219.00	0	4.77
1.76051	270.00	1	4.77
1.76604	325.00	0	4.77
1.77054	350.00	0	4.64
1.77502	369.00	0	4.64
1.78069	383.00	0	4.64
1.78518	390.00	0	4.64
1.79071	394.00	0	4.64
1.79519	392.00	0	4.64
1.80081	383.00	0	4.64
1.80530	356.00	1	4.64
1.81085	265.00	0	4.77
1.81529	227.00	0	4.77
1.82085	211.00	0	4.77
1.82533	207.00	0	4.77
1.83094	204.00	0	4.77
1.83542	203.00	0	4.77
1.84103	202.00	0	4.77
1.84551	201.00	0	4.77
1.85106	205.00	0	4.77
1.85556	212.00	0	4.77
1.86004	232.00	1	4.77
1.86560	276.00	0	4.77
1.87008	310.00	0	4.76
1.87564	339.00	0	4.76
1.88012	351.00	0	4.76
1.88563	365.00	0	4.76
1.89011	373.00	0	4.76
1.89572	378.00	0	4.76
1.90020	379.00	0	4.76
1.90581	369.00	0	4.76
1.91030	353.00	0	4.76
1.91590	283.00	1	4.76
1.92034	238.00	0	4.76
1.92589	214.00	0	4.64
1.93038	206.00	0	4.64
1.93594	202.00	0	4.64
1.94042	198.00	0	4.64
1.94598	197.00	0	4.64
1.95046	194.00	0	4.64
1.95602	194.00	0	4.64
1.96051	195.00	0	4.64
1.96607	216.00	0	4.64
1.97055	268.00	1	4.64
1.97509	157.00	0	4.76
1.98059	351.00	0	4.76
1.98503	370.00	0	4.76
1.99058	384.00	0	4.76
1.99507	392.00	0	4.76
2.00062	395.00	0	4.76
2.00516	395.00	0	4.76
2.01081	385.00	0	4.76
2.01539	349.00	1	4.76
2.02095	258.00	0	4.76
2.02540	225.00	0	4.76
2.03092	211.00	0	4.76
2.03541	208.00	0	4.76
2.04097	206.00	0	4.76
2.04547	203.00	0	4.76
2.05002	202.00	0	4.76
2.05568	202.00	0	4.76
2.06018	207.00	0	4.76
2.06576	217.00	0	4.76
2.07026	242.00	1	4.76
2.07586	288.00	0	4.76
2.08037	317.00	0	4.76
2.08593	346.00	0	4.76
2.09045	355.00	0	4.76
2.09602	367.00	0	4.76
2.10050	373.00	0	4.76
2.10606	377.00	0	4.76
2.11055	374.00	0	4.76
2.11505	366.00	0	4.76
2.12057	328.00	1	4.76
2.12506	267.00	0	4.89
2.13061	224.00	0	4.89
2.13513	210.00	0	4.89
2.14068	204.00	0	4.89
2.14517	201.00	0	4.89
2.15071	197.00	0	4.89
2.15520	194.00	0	4.89
2.16080	191.00	0	4.89
2.16529	193.00	0	4.89
2.17084	196.00	0	4.89
2.17537	217.00	0	4.89
2.18093	278.00	1	4.89
2.18541	323.00	0	4.75
2.19097	356.00	0	4.75
2.19546	373.00	0	4.75
2.20101	387.00	0	4.75
2.20550	391.00	0	4.75
2.21102	392.00	0	4.75
2.21546	391.00	0	4.75
2.22102	378.00	0	4.75
2.22552	320.00	1	4.75
2.23035	248.00	0	4.76
2.23507	219.00	0	4.76
2.24097	209.00	0	4.76
2.24569	207.00	0	4.76
2.25040	204.00	0	4.76
2.25608	201.00	0	4.76
2.26071	201.00	0	4.76
2.26534	203.00	0	4.76
2.27014	206.00	0	4.76
2.27502	216.00	0	4.76
2.28118	253.00	1	4.76
2.28597	292.00	0	4.76
2.29061	324.00	0	4.76
2.29519	342.00	0	4.74
2.30074	358.00	0	4.74
2.30526	367.00	0	4.74
2.31081	375.00	0	4.74
2.31531	378.00	0	4.74
2.32085	374.00	0	4.74
2.32536	364.00	0	4.74
2.33092	307.00	1	4.74
2.33572	250.00	0	4.75
2.34025	222.00	0	4.75
2.34584	209.00	0	4.75
2.35034	205.00	0	4.75
2.35591	202.00	0	4.75
2.36041	199.00	0	4.75
2.36599	195.00	0	4.75
2.37050	195.00	0	4.75
2.37500	195.00	0	4.75
2.38055	198.00	0	4.75
2.38506	227.00	1	4.75
2.39062	292.00	0	4.75
2.39513	334.00	0	4.90
2.40092	364.00	0	4.90
2.40551	379.00	0	4.90
2.41105	392.00	0	4.90
2.41558	397.00	0	4.90
2.42003	396.00	0	4.90
2.42567	389.00	0	4.90
2.43016	372.00	0	4.90
2.43572	284.00	1	4.90
2.44020	237.00	0	4.90
2.44576	215.00	0	4.76
2.45025	210.00	0	4.76
2.45581	206.00	0	4.76
2.46029	205.00	0	4.76
2.46585	202.00	0	4.76
2.47034	201.00	0	4.76
2.47590	204.00	0	4.76
2.48038	209.00	0	4.76
2.48594	223.00	0	4.76
2.49043	255.00	1	4.76
2.49599	302.00	0	4.78
2.50047	332.00	0	4.78
2.50603	351.00	0	4.78
2.51052	361.00	0	4.78
2.51501	372.00	0	4.78
2.52056	377.00	0	4.78
2.52505	378.00	0	4.78
2.53061	372.00	0	4.78
2.53509	358.00	0	4.78
2.54065	299.00	1	4.78
2.54514	248.00	0	4.77
2.55071	219.00	0	4.77
2.55519	209.00	0	4.77
2.56075	204.00	0	4.77
2.56523	201.00	0	4.77
2.57079	198.00	0	4.77
2.57536	196.00	0	4.77
2.58088	194.00	0	4.77
2.58537	195.00	0	4.77
2.59093	202.00	0	4.77
2.59542	239.00	1	4.77
2.60097	305.00	0	4.77
2.60546	342.00	0	4.75
2.61102	364.00	0	4.75
2.61550	381.00	0	4.75
2.62106	391.00	0	4.75
2.62554	398.00	0	4.75
2.63003	395.00	0	4.75
2.63561	389.00	0	4.75
2.64009	372.00	0	4.75
2.64568	289.00	1	4.75
2.65034	237.00	0	4.75
2.65602	215.00	0	4.76
2.66052	210.00	0	4.76
2.66606	208.00	0	4.76
2.67053	205.00	0	4.76
2.67607	203.00	0	4.76
2.68052	202.00	0	4.76
2.68501	204.00	0	4.76
2.69062	210.00	0	4.76
2.69506	224.00	0	4.76
2.70065	264.00	1	4.76
2.70510	303.00	0	4.76
2.71064	336.00	0	4.76
2.71509	352.00	0	4.76
2.72063	364.00	0	4.76
2.72512	374.00	0	4.76
2.73071	378.00	0	4.76
2.73515	378.00	0	4.76
2.74076	370.00	0	4.76
2.74520	354.00	0	4.76
2.75075	284.00	1	4.76
2.75520	242.00	0	4.76
2.76076	217.00	0	4.76
2.76521	208.00	0	4.76
2.77076	204.00	0	4.76
2.77521	201.00	0	4.76
2.78080	196.00	0	4.76
2.78524	195.00	0	4.76
2.79076	194.00	0	4.76
2.79523	195.00	0	4.76
2.80079	210.00	0	4.76
2.80526	260.00	1	4.76
2.81078	320.00	0	4.76
2.81530	352.00	0	4.77
2.82086	374.00	0	4.77
2.82532	385.00	0	4.77
2.83084	396.00	0	4.77
2.83533	395.00	0	4.77
2.84083	391.00	0	4.77
2.84528	382.00	0	4.77
2.85083	326.00	1	4.77
2.85527	257.00	0	4.77
2.86080	220.00	0	4.87
2.86525	211.00	0	4.87
2.87082	208.00	0	4.87
2.87527	205.00	0	4.87
2.88080	203.00	0	4.87
2.88525	202.00	0	4.87
2.89079	203.00	0	4.87
2.89524	207.00	0	4.87
2.90074	222.00	0	4.87
2.90526	254.00	1	4.87
2.91077	304.00	0	4.87
2.91524	331.00	0	4.89
2.92075	350.00	0	4.89
2.92526	359.00	0	4.89
2.93078	373.00	0	4.89
2.93529	376.00	0	4.89
2.94080	378.00	0	4.89
2.94527	372.00	0	4.89
2.95083	355.00	0	4.89
2.95530	302.00	1	4.89
2.96082	244.00	0	4.89
2.96527	219.00	0	4.89
2.97081	206.00	0	4.89
2.97530	204.00	0	4.89
2.98084	200.00	0	4.89
2.98532	197.00	0	4.89
2.99092	194.00	0	4.89
2.99536	194.00	0	4.89
3.00090	195.00	0	4.89
3.00538	208.00	0	4.89
3.01092	270.00	1	4.89
3.01537	317.00	0	4.89
3.02091	355.00	0	4.86
3.02537	372.00	0	4.86
3.03092	385.00	0	4.86
3.03538	393.00	0	4.86
3.04093	396.00	0	4.86
3.04539	394.00	0	4.86
3.05095	382.00	0	4.86
3.05544	345.00	1	4.86
3.06098	256.00	0	4.89
3.06544	224.00	0	4.89
3.07098	211.00	0	4.89
3.07544	207.00	0	4.89
3.08099	205.00	0	4.89
3.08544	204.00	0	4.89
3.09101	202.00	0	4.89
3.09550	202.00	0	4.89
3.10002	207.00	0	4.89
3.10554	220.00	0	4.89
3.11003	250.00	1	4.89
3.11559	297.00	0	4.89
3.12008	327.00	0	4.88
3.12560	347.00	0	4.88
3.13011	360.00	0	4.88
3.13564	370.00	0	4.88
3.14012	376.00	0	4.88
3.14564	377.00	0	4.88
3.15013	375.00	0	4.88
3.15567	362.00	0	4.88
3.16020	312.00	1	4.88
3.16572	247.00	0	4.88
3.17022	220.00	0	4.88
3.17581	207.00	0	4.88
3.18029	203.00	0	4.88
3.18581	200.00	0	4.88
3.19035	197.00	0	4.88
3.19590	194.00	0	4.88
3.20042	193.00	0	4.88
3.20594	195.00	0	4.88
3.21044	206.00	0	4.88
3.21596	264.00	1	4.88
3.22048	315.00	0	4.88
3.22600	350.00	0	4.88
3.23049	368.00	0	4.88
3.23601	385.00	0	4.88
3.24046	391.00	0	4.88
3.24601	396.00	0	4.88
3.25046	396.00	0	4.88
3.25603	384.00	0	4.88
3.26057	355.00	1	4.88
3.26505	276.00	0	4.87
3.27061	226.00	0	4.87
3.27510	213.00	0	4.87
3.28063	208.00	0	4.87
3.28512	206.00	0	4.87
3.29070	204.00	0	4.87
3.29536	202.00	0	4.87
3.30037	202.00	0	4.87
3.30504	208.00	0	4.87
3.31075	218.00	0	4.87
3.31535	246.00	1	4.87
3.32091	292.00	0	4.87
3.32543	324.00	0	4.87
3.33111	346.00	0	4.87
3.33574	359.00	0	4.87
3.34027	380.00	0	4.87
3.34589	376.00	0	4.87
3.35045	379.00	0	4.87
3.35605	375.00	0	4.87
3.36057	363.00	0	4.87
3.36504	334.00	1	4.87
3.37065	262.00	0	4.88
3.37511	228.00	0	4.88
3.38065	210.00	0	4.88
3.38511	205.00	0	4.88
3.39072	202.00	0	4.88
3.39518	199.00	0	4.88
3.40076	195.00	0	4.88
3.40525	194.00	0	4.88
3.41080	194.00	0	4.88
3.41526	199.00	0	4.88
3.42081	235.00	1	4.88
3.42526	287.00	0	4.88
3.43082	337.00	0	4.88
3.43528	357.00	0	4.88
3.44083	379.00	0	4.88
3.44528	389.00	0	4.88
3.45083	396.00	0	4.88
3.45529	396.00	0	4.88
3.46087	390.00	0	4.88
3.46532	377.00	0	4.88
3.47088	299.00	1	4.88
3.47533	242.00	0	4.88
3.48088	215.00	0	4.75
3.48533	210.00	0	4.75
3.49089	207.00	0	4.75
3.49535	205.00	0	4.75
3.50089	203.00	0	4.75
3.50538	201.00	0	4.75
3.51094	204.00	0	4.75
3.51545	211.00	0	4.75
3.52101	232.00	1	4.75
3.52547	267.00	0	4.75
3.53102	310.00	0	4.86
3.53547	334.00	0	4.86
3.54101	352.00	0	4.86
3.54551	364.00	0	4.86
3.55106	374.00	0	4.86
3.55551	379.00	0	4.86
3.56003	378.00	0	4.86
3.56558	371.00	0	4.86
3.57011	357.00	0	4.86
3.57564	291.00	1	4.86
3.58012	243.00	0	4.75
3.58563	215.00	0	4.75
3.59012	208.00	0	4.75
3.59567	203.00	0	4.75
3.60025	200.00	0	4.75
3.60580	197.00	0	4.75
3.61032	195.00	0	4.75
3.61584	194.00	0	4.75
3.62029	194.00	0	4.75
3.62586	208.00	0	4.75
3.63034	253.00	1	4.75
3.63589	315.00	0	4.77
3.64034	345.00	0	4.77
3.64592	370.00	0	4.77
3.65044	383.00	0	4.77
3.65508	391.00	0	4.77
3.66058	395.00	0	4.77
3.66507	393.00	0	4.77
3.67059	383.00	0	4.77
3.67500	352.00	1	4.77
3.68055	260.00	0	4.90
3.68515	224.00	0	4.90
3.69071	210.00	0	4.90
3.69514	206.00	0	4.90
3.70074	204.00	0	4.90
3.70518	203.00	0	4.90
3.71075	201.00	0	4.90
3.71517	201.00	0	4.90
3.72072	206.00	0	4.90
3.72519	213.00	0	4.90
3.73077	243.00	1	4.90
3.73519	280.00	0	4.90
3.74069	319.00	0	4.90
3.74523	341.00	0	4.77
3.75072	357.00	0	4.77
3.75515	364.00	0	4.77
3.76047	374.00	0	4.77
3.76582	378.00	0	4.77
3.77006	374.00	0	4.77
3.77546	365.00	0	4.77
3.78074	322.00	1	4.77
3.78609	254.00	0	4.88
3.79031	224.00	0	4.88
3.79560	210.00	0	4.88
3.80098	204.00	0	4.88
3.80519	202.00	0	4.88
3.81056	198.00	0	4.88
3.81589	194.00	0	4.88
3.82014	193.00	0	4.88
3.82542	193.00	0	4.88
3.83081	197.00	0	4.88
3.83506	216.00	0	4.88
3.84039	279.00	1	4.88
3.84578	330.00	0	4.76
3.85001	355.00	0	4.76
3.85536	375.00	0	4.76
3.86063	387.00	0	4.76
3.86600	394.00	0	4.76
3.87023	395.00	0	4.76
3.87563	390.00	0	4.76
3.88096	370.00	0	4.76
3.88519	302.00	1	4.76
3.89051	236.00	0	4.76
3.89579	215.00	0	4.76
3.90010	208.00	0	4.76
3.90541	206.00	0	4.76
3.91076	204.00	0	4.76
3.91605	202.00	0	4.76
3.92036	201.00	0	4.76
3.92566	203.00	0	4.76
3.93101	209.00	0	4.76
3.93522	220.00	0	4.76
3.94051	258.00	1	4.76
3.94585	303.00	0	4.77
3.95006	328.00	0	4.77
3.95541	348.00	0	4.77
3.96076	362.00	0	4.77
3.96504	371.00	0	4.77
3.97034	376.00	0	4.77
3.97572	377.00	0	4.77
3.98100	369.00	0	4.77
3.98524	351.00	0	4.77
3.99058	288.00	1	4.77
3.99586	235.00	0	4.77
4.00016	216.00	0	4.77
4.00551	207.00	0	4.77
4.01085	203.00	0	4.77
4.01506	201.00	0	4.77
4.02039	197.00	0	4.77
4.02569	194.00	0	4.77
4.03103	194.00	0	4.77
4.03524	193.00	0	4.77
4.04052	203.00	0	4.77
4.04586	258.00	1	4.77
4.05005	302.00	0	4.77
4.05540	347.00	0	4.87
4.06068	371.00	0	4.87
4.06602	385.00	0	4.87
4.07025	392.00	0	4.87
4.07564	395.00	0	4.87
4.08092	393.00	0	4.87
4.08514	384.00	0	4.87
4.09053	342.00	1	4.87
4.09586	259.00	0	4.87
4.10013	226.00	0	4.87
4.10541	212.00	0	4.87
4.11073	208.00	0	4.87
4.11607	204.00	0	4.87
4.12032	204.00	0	4.87
4.12562	202.00	0	4.87
4.13097	203.00	0	4.87
4.13518	206.00	0	4.87
4.14046	216.00	0	4.87
4.14586	247.00	1	4.87
4.15008	284.00	0	4.87
4.15548	323.00	0	4.87
4.16080	347.00	0	4.87
4.16507	357.00	0	4.87
4.17036	371.00	0	4.87
4.17574	376.00	0	4.87
4.18098	379.00	0	4.87
4.18520	376.00	0	4.87
4.19059	363.00	0	4.87
4.19587	312.00	1	4.87
4.20011	261.00	0	4.87
4.20539	224.00	0	4.87
4.21070	212.00	0	4.87
4.21598	205.00	0	4.87
4.22022	202.00	0	4.87
4.22552	199.00	0	4.87
4.23086	195.00	0	4.87
4.23507	194.00	0	4.87
4.24042	194.00	0	4.87
4.24575	200.00	0	4.87
4.25103	242.00	1	4.87
4.25528	296.00	0	4.87
4.26063	341.00	0	4.87
4.26607	368.00	0	4.87
4.27036	380.00	0	4.87
4.27569	390.00	0	4.87
4.28101	397.00	0	4.87
4.28522	395.00	0	4.87
4.29056	389.00	0	4.87
4.29584	366.00	1	4.87
4.30011	300.00	0	4.87
4.30541	237.00	0	4.87
4.31079	214.00	0	4.87
4.31510	208.00	0	4.87
4.32047	208.00	0	4.87
4.32576	205.00	0	4.87
4.33111	203.00	0	4.87
4.33538	202.00	0	4.87
4.34079	204.00	0	4.87
4.34512	211.00	0	4.87
4.35042	233.00	1	4.87
4.35574	276.00	0	4.89
4.36002	311.00	0	4.89
4.36540	339.00	0	4.89
4.37070	353.00	0	4.89
4.37602	369.00	0	4.89
4.38028	374.00	0	4.89
4.38558	379.00	0	4.89
4.39097	377.00	0	4.89
4.39527	370.00	0	4.89
4.40063	342.00	1	4.89
4.40594	271.00	0	4.89
4.41027	233.00	0	4.88
4.41560	213.00	0	4.88
4.42092	206.00	0	4.88
4.42514	203.00	0	4.88
4.43044	200.00	0	4.88
4.43577	196.00	0	4.88
4.44104	193.00	0	4.88
4.44529	194.00	0	4.88
4.45059	198.00	0	4.88
4.45596	231.00	1	4.88
4.46017	285.00	0	4.88
4.46556	335.00	0	4.88
4.47086	363.00	0	4.88
4.47511	377.00	0	4.88
4.48043	389.00	0	4.88
4.48578	397.00	0	4.88
4.49004	398.00	0	4.88
4.49538	392.00	0	4.88
4.50070	375.00	0	4.88
4.50602	294.00	1	4.88
4.51035	241.00	0	4.76
4.51562	216.00	0	4.76
4.52094	207.00	0	4.76
4.52516	206.00	0	4.76
4.53045	204.00	0	4.76
4.53577	202.00	0	4.76
4.54104	202.00	0	4.76
4.54529	205.00	0	4.76
4.55059	212.00	0	4.76
4.55591	236.00	1	4.76
4.56013	272.00	0	4.76
4.56546	314.00	0	4.87
4.57074	341.00	0	4.87
4.57606	358.00	0	4.87
4.58026	364.00	0	4.87
4.58556	376.00	0	4.87
4.59088	378.00	0	4.87
4.59513	378.00	0	4.87
4.60049	370.00	0	4.87
4.60584	342.00	1	4.87
4.61008	288.00	0	4.87
4.61537	235.00	0	4.87
4.62069	213.00	0	4.87
4.62598	207.00	0	4.87
4.63020	203.00	0	4.87
4.63559	200.00	0	4.87
4.64103	197.00	0	4.87
4.64554	195.00	0	4.87
4.65103	194.00	0	4.87
4.65540	199.00	0	4.87
4.66046	222.00	0	4.87
4.66516	279.00	1	4.87
4.67096	334.00	0	4.87
4.67575	360.00	0	4.78
4.68035	375.00	0	4.78
4.68592	386.00	0	4.78
4.69043	395.00	0	4.78
4.69597	397.00	0	4.78
4.70042	394.00	0	4.78
4.70597	380.00	0	4.78
4.71047	323.00	1	4.78
4.71605	243.00	0	4.89
4.72050	220.00	0	4.89
4.72607	210.00	0	4.89
4.73054	208.00	0	4.89
4.73548	205.00	0	4.89
4.74106	204.00	0	4.89
4.74556	203.00	0	4.89
4.75006	204.00	0	4.89
4.75557	210.00	0	4.89
4.76009	225.00	0	4.89
4.76564	267.00	1	4.89
4.77012	304.00	0	4.77
4.77565	336.00	0	4.77
4.78016	349.00	0	4.77
4.78568	365.00	0	4.77
4.79016	372.00	0	4.77
4.79569	378.00	0	4.77
4.80017	378.00	0	4.77
4.80571	372.00	0	4.77
4.81018	358.00	0	4.77
4.81572	291.00	1	4.77
4.82021	242.00	0	4.76
4.82572	216.00	0	4.76
4.83023	208.00	0	4.76
4.83576	205.00	0	4.76
4.84024	200.00	0	4.76
4.84575	197.00	0	4.76
4.85023	194.00	0	4.76
4.85576	194.00	0	4.76
4.86023	196.00	0	4.76
4.86578	217.00	0	4.76
4.87027	266.00	1	4.76
4.87579	323.00	0	4.76
4.88031	353.00	0	4.88
4.88582	376.00	0	4.88
4.89034	385.00	0	4.88
4.89589	394.00	0	4.88
4.90037	400.00	0	4.88
4.90588	395.00	0	4.88
4.91035	385.00	0	4.88
4.91590	328.00	1	4.88
4.92037	257.00	0	4.87
4.92588	221.00	0	4.87
4.93033	213.00	0	4.87
4.93585	209.00	0	4.87
4.94032	206.00	0	4.87
4.94585	205.00	0	4.87
4.95034	203.00	0	4.87
4.95591	206.00	0	4.87
4.96058	210.00	0	4.87
4.96511	222.00	0	4.87
4.97062	259.00	1	4.87
4.97508	296.00	0	4.88
4.98058	330.00	0	4.88
4.98502	349.00	0	4.88
4.99055	362.00	0	4.88
4.99605	372.00	0	4.88
5.00055	379.00	0	4.88
5.00605	381.00	0	4.88
5.01057	375.00	0	4.88
5.01505	363.00	0	4.88
5.02057	302.00	1	4.88
5.02505	249.00	0	4.88
5.03058	218.00	0	4.88
5.03501	209.00	0	4.88
5.04055	205.00	0	4.88
5.04604	202.00	0	4.88
5.05050	198.00	0	4.88
5.05600	196.00	0	4.88
5.06043	195.00	0	4.88
5.06595	197.00	0	4.88
5.07041	208.00	0	4.88
5.07595	267.00	1	4.88
5.08039	314.00	0	4.88
5.08591	352.00	0	4.86
5.09036	370.00	0	4.86
5.09588	386.00	0	4.86
5.10032	396.00	0	4.86
5.10581	398.00	0	4.86
5.11028	396.00	0	4.86
5.11578	385.00	0	4.86
5.12029	343.00	1	4.86
5.12580	255.00	0	4.86
5.13027	225.00	0	4.89
5.13579	211.00	0	4.89
5.14032	209.00	0	4.89
5.14583	206.00	0	4.89
5.15033	205.00	0	4.89
5.15588	203.00	0	4.89
5.16035	204.00	0	4.89
5.16588	209.00	0	4.89
5.17036	218.00	0	4.89
5.17591	253.00	1	4.89
5.18042	291.00	0	4.87
5.18592	328.00	0	4.87
5.19036	346.00	0	4.87
5.19588	360.00	0	4.87
5.20031	370.00	0	4.87
5.20583	378.00	0	4.87
5.21027	379.00	0	4.87
5.21579	373.00	0	4.87
5.22022	363.00	0	4.87
5.22575	300.00	1	4.87
5.23019	248.00	0	4.87
5.23570	218.00	0	4.87
5.24020	208.00	0	4.87
5.24570	204.00	0	4.87
5.25017	202.00	0	4.87
5.25568	198.00	0	4.87
5.26023	195.00	0	4.87
5.26581	194.00	0	4.87
5.27029	194.00	0	4.87
5.27579	202.00	0	4.87
5.28025	241.00	1	4.87
5.28575	306.00	0	4.87
5.29021	342.00	0	4.87
5.29575	370.00	0	4.89
5.30018	382.00	0	4.89
5.30575	394.00	0	4.89
5.31019	396.00	0	4.89
5.31573	395.00	0	4.89
5.32015	387.00	0	4.89
5.32567	348.00	1	4.89
5.33012	270.00	0	4.89
5.33571	225.00	0	4.87
5.34024	213.00	0	4.87
5.34580	208.00	0	4.87
5.35037	206.00	0	4.87
5.35602	204.00	0	4.87
5.36078	202.00	0	4.87
5.36525	202.00	0	4.87
5.37080	205.00	0	4.87
5.37524	212.00	0	4.87
5.38080	231.00	0	4.87
5.38528	274.00	1	4.87
5.39083	318.00	0	4.78
5.39533	340.00	0	4.78
5.40090	356.00	0	4.78
5.40532	367.00	0	4.78
5.41086	375.00	0	4.78
5.41529	378.00	0	4.78
5.42080	374.00	0	4.78
5.42523	365.00	0	4.78
5.43073	327.00	1	4.78
5.43547	266.00	0	4.88
5.44105	225.00	0	4.88
5.44560	211.00	0	4.88
5.45004	206.00	0	4.88
5.45562	202.00	0	4.88
5.46008	199.00	0	4.88
5.46561	196.00	0	4.88
5.47006	194.00	0	4.88
5.47559	194.00	0	4.88
5.48002	195.00	0	4.88
5.48551	216.00	0	4.88
5.49105	281.00	1	4.88
5.49548	326.00	0	4.88
5.50104	358.00	0	4.74
5.50548	376.00	0	4.74
5.51101	387.00	0	4.74
5.51544	394.00	0	4.74
5.52096	394.00	0	4.74
5.52539	390.00	0	4.74
5.53089	377.00	0	4.74
5.53535	326.00	1	4.74
5.54089	246.00	0	4.74
5.54539	221.00	0	4.77
5.55090	210.00	0	4.77
5.55535	207.00	0	4.77
5.56086	205.00	0	4.77
5.56531	203.00	0	4.77
5.57085	202.00	0	4.77
5.57528	202.00	0	4.77
5.58081	207.00	0	4.77
5.58524	216.00	0	4.77
5.59081	250.00	1	4.77
5.59524	290.00	0	4.77
5.60076	327.00	0	4.87
5.60518	346.00	0	4.87
5.61069	359.00	0	4.87
5.61515	370.00	0	4.87
5.62068	377.00	0	4.87
5.62514	379.00	0	4.87
5.63069	374.00	0	4.87
5.63514	363.00	0	4.87
5.64063	318.00	1	4.87
5.64508	261.00	0	4.76
5.65059	223.00	0	4.76
5.65503	211.00	0	4.76
5.66055	205.00	0	4.76
5.66605	200.00	0	4.76
5.67052	198.00	0	4.76
5.67601	195.00	0	4.76
5.68046	194.00	0	4.76
5.68525	193.00	0	4.76
5.69095	198.00	0	4.76
5.69540	225.00	0	4.76
5.70093	291.00	1	4.76
5.70540	333.00	0	4.76
5.71097	362.00	0	4.76
5.71540	375.00	0	4.76
5.72090	387.00	0	4.76
5.72540	396.00	0	4.76
5.73095	397.00	0	4.76
5.73541	390.00	0	4.76
5.74090	378.00	0	4.76
5.74540	322.00	1	4.76
5.75091	243.00	0	4.76
5.75537	220.00	0	4.76
5.76090	210.00	0	4.76
5.76540	207.00	0	4.76
5.77098	204.00	0	4.76
5.77549	203.00	0	4.76
5.78098	202.00	0	4.76
5.78541	202.00	0	4.76
5.79096	208.00	0	4.76
5.79539	220.00	0	4.76
5.80091	256.00	1	4.76
5.80539	295.00	0	4.76
5.81093	332.00	0	4.76
5.81536	346.00	0	4.76
5.82088	362.00	0	4.76
5.82531	371.00	0	4.76
5.83085	375.00	0	4.76
5.83528	375.00	0	4.76
5.84082	375.00	0	4.76
5.84527	364.00	0	4.76
5.85077	314.00	1	4.76
5.85525	260.00	0	4.76
5.86078	223.00	0	4.76
5.86523	210.00	0	4.76
5.87073	205.00	0	4.76
5.87516	201.00	0	4.76
5.88068	197.00	0	4.76
5.88510	194.00	0	4.76
5.89063	192.00	0	4.76
5.89506	192.00	0	4.76
5.90058	199.00	0	4.76
5.90500	230.00	1	4.76
5.91052	296.00	0	4.90
5.91600	341.00	0	4.90
5.92043	362.00	0	4.90
5.92594	380.00	0	4.90
5.93038	388.00	0	4.90
5.93590	393.00	0	4.90
5.94032	394.00	0	4.90
5.94584	389.00	0	4.90
5.95027	375.00	0	4.90
5.95579	297.00	1	4.90
5.96022	241.00	0	4.90
5.96572	215.00	0	4.90
5.97019	208.00	0	4.75
5.97570	207.00	0	4.75
5.98016	204.00	0	4.75
5.98569	202.00	0	4.75
5.99016	201.00	0	4.75
5.99566	204.00	0	4.75
6.00012	210.00	0	4.75
6.00566	232.00	0	4.75
6.01009	266.00	1	4.75
6.01562	311.00	0	4.78
6.02005	334.00	0	4.78
6.02556	351.00	0	4.78
6.03001	362.00	0	4.78
6.03554	372.00	0	4.78
6.04001	376.00	0	4.78
6.04553	379.00	0	4.78
6.05103	369.00	0	4.78
6.05549	354.00	0	4.78
6.06101	287.00	1	4.78
6.06550	241.00	0	4.78
6.07103	214.00	0	4.76
6.07550	206.00	0	4.76
6.08102	203.00	0	4.76
6.08546	199.00	0	4.76
6.09099	195.00	0	4.76
6.09542	193.00	0	4.76
6.10094	192.00	0	4.76
6.10537	195.00	0	4.76
6.11091	213.00	0	4.76
6.11533	261.00	1	4.76
6.12083	320.00	0	4.76
6.12529	350.00	0	4.75
6.13080	372.00	0	4.75
6.13525	382.00	0	4.75
6.14074	390.00	0	4.75
6.14519	397.00	0	4.75
6.15069	395.00	0	4.75
6.15512	384.00	0	4.75
6.16063	345.00	1	4.75
6.16508	267.00	0	4.75
6.17061	223.00	0	4.88
6.17503	211.00	0	4.88
6.18059	206.00	0	4.88
6.18502	204.00	0	4.88
6.19055	203.00	0	4.88
6.19604	201.00	0	4.88
6.20047	201.00	0	4.88
6.20598	207.00	0	4.88
6.21042	219.00	0	4.88
6.21600	257.00	1	4.88
6.22047	294.00	0	4.88
6.22599	330.00	0	4.86
6.23042	344.00	0	4.86
6.23594	360.00	0	4.86
6.24036	367.00	0	4.86
6.24584	375.00	0	4.86
6.25035	376.00	0	4.86
6.25586	371.00	0	4.86
6.26058	358.00	0	4.86
6.26510	309.00	1	4.86
6.27064	243.00	0	4.90
6.27512	218.00	0	4.90
6.28064	205.00	0	4.90
6.28507	202.00	0	4.90
6.29060	197.00	0	4.90
6.29503	196.00	0	4.90
6.30057	193.00	0	4.90
6.30502	192.00	0	4.90
6.31057	194.00	0	4.90
6.31502	205.00	0	4.90
6.32051	261.00	1	4.90
6.32602	319.00	0	4.87
6.33046	347.00	0	4.87
6.33601	371.00	0	4.87
6.34051	383.00	0	4.87
6.34603	392.00	0	4.87
6.35047	393.00	0	4.87
6.35600	391.00	0	4.87
6.36048	383.00	0	4.87
6.36607	328.00	1	4.87
6.37063	254.00	0	4.87
6.37515	221.00	0	4.87
6.38069	210.00	0	4.87
6.38513	206.00	0	4.87
6.39071	204.00	0	4.87
6.39517	202.00	0	4.87
6.40074	201.00	0	4.87
6.40520	201.00	0	4.87
6.41076	207.00	0	4.87
6.41523	218.00	0	4.87
6.42078	253.00	1	4.87
6.42524	293.00	0	4.87
6.43082	327.00	0	4.88
6.43533	345.00	0	4.88
6.44089	361.00	0	4.88
6.44539	369.00	0	4.88
6.45095	375.00	0	4.88
6.45543	377.00	0	4.88
6.46098	370.00	0	4.88
6.46547	358.00	0	4.88
6.47105	289.00	1	4.88
6.47553	242.00	0	4.88
6.48001	217.00	0	4.86
6.48554	206.00	0	4.86
6.49004	203.00	0	4.86
6.49557	198.00	0	4.86
6.50006	195.00	0	4.86
6.50557	193.00	0	4.86
6.51005	192.00	0	4.86
6.51556	194.00	0	4.86
6.52005	205.00	0	4.86
6.52556	261.00	1	4.86
6.53004	311.00	0	4.88
6.53560	350.00	0	4.88
6.54008	369.00	0	4.88
6.54559	383.00	0	4.88
6.55007	393.00	0	4.88
6.55563	394.00	0	4.88
6.56011	195.00	0	4.88
6.56567	378.00	0	4.88
6.57011	325.00	1	4.88
6.57572	242.00	0	4.90
6.58016	218.00	0	4.90
6.58570	210.00	0	4.90
6.59018	207.00	0	4.90
6.59574	204.00	0	4.90
6.60018	202.00	0	4.90
6.60572	202.00	0	4.90
6.61020	203.00	0	4.90
6.61578	210.00	0	4.90
6.62024	224.00	0	4.90
6.62589	265.00	1	4.90
6.63038	302.00	0	4.90
6.63596	334.00	0	4.88
6.64045	349.00	0	4.88
6.64603	363.00	0	4.88
6.65052	373.00	0	4.88
6.65604	378.00	0	4.88
6.66051	379.00	0	4.88
6.66605	369.00	0	4.88
6.67049	348.00	0	4.88
6.67600	275.00	1	4.88
6.68048	232.00	0	4.88
6.68599	213.00	0	4.88
6.69047	206.00	0	4.88
6.69597	204.00	0	4.88
6.70050	200.00	0	4.88
6.70601	197.00	0	4.88
6.71044	195.00	0	4.88
6.71600	195.00	0	4.88
6.72043	199.00	0	4.88
6.72599	230.00	1	4.88
6.73048	286.00	0	4.88
6.73603	339.00	0	4.99
6.74047	366.00	0	4.99
6.74600	385.00	0	4.99
6.75044	398.00	0	4.99
6.75596	403.00	0	4.99
6.76048	403.00	0	4.99
6.76607	396.00	0	4.99
6.77055	375.00	0	4.99
6.77504	299.00	1	4.99
6.78059	237.00	0	4.88
6.78503	219.00	0	4.88
6.79058	213.00	0	4.88
6.79507	210.00	0	4.88
6.80064	206.00	0	4.88
6.80507	205.00	0	4.88
6.81068	203.00	0	4.88
6.81516	204.00	0	4.88
6.82072	211.00	0	4.88
6.82515	230.00	0	4.88
6.83070	276.00	1	4.88
6.83519	311.00	0	4.88
6.84081	338.00	0	4.88
6.84524	351.00	0	4.88
6.85079	364.00	0	4.88
6.85523	372.00	0	4.88
6.86085	375.00	0	4.88
6.86528	370.00	0	4.88
6.87083	357.00	0	4.88
6.87534	313.00	1	4.88
6.88089	245.00	0	5.02
6.88533	218.00	0	5.02
6.89088	205.00	0	5.02
6.89537	202.00	0	5.02
6.90093	198.00	0	5.02
6.90536	195.00	0	5.02
6.91090	192.00	0	5.02
6.91536	192.00	0	5.02
6.92090	194.00	0	5.02
6.92533	200.00	0	5.02
6.93086	250.00	1	5.02
6.93529	304.00	0	5.02
6.94078	352.00	0	5.02
6.94521	367.00	0	4.88
6.95070	384.00	0	4.88
6.95520	392.00	0	4.88
6.96074	393.00	0	4.88
6.96521	392.00	0	4.88
6.97070	379.00	0	4.88
6.97514	337.00	1	4.88
6.98061	251.00	0	4.88
6.98502	222.00	0	4.88
6.99053	210.00	0	5.00
6.99600	205.00	0	5.00
7.00044	203.00	0	5.00
7.00591	202.00	0	5.00
7.01050	201.00	0	5.00
7.01506	201.00	0	5.00
7.02067	206.00	0	5.00
7.02508	215.00	0	5.00
7.03069	253.00	1	5.00
7.03518	294.00	0	5.00
7.04073	331.00	0	5.00
7.04518	347.00	0	5.00
7.05076	363.00	0	5.00
7.05520	372.00	0	5.00
7.06074	377.00	0	5.00
7.06522	377.00	0	5.00
7.07076	368.00	0	5.00
7.07519	353.00	0	5.00
7.08071	283.00	1	5.00
7.08519	238.00	0	4.87
7.09072	214.00	0	4.87
7.09526	206.00	0	4.87
7.10077	201.00	0	4.87
7.10521	198.00	0	4.87
7.11077	195.00	0	4.87
7.11525	194.00	0	4.87
7.12081	193.00	0	4.87
7.12529	196.00	0	4.87
7.13079	219.00	0	4.87
7.13527	274.00	1	4.87
7.14077	330.00	0	4.87
7.14526	357.00	0	4.89
7.15076	378.00	0	4.89
7.15520	387.00	0	4.89
7.16077	394.00	0	4.89
7.16525	393.00	0	4.89
7.17081	390.00	0	4.89
7.17524	376.00	0	4.89
7.18075	307.00	1	4.89
7.18524	245.00	0	4.89
7.19078	215.00	0	4.86
7.19523	209.00	0	4.86
7.20079	205.00	0	4.86
7.20523	203.00	0	4.86
7.21076	201.00	0	4.86
7.21519	201.00	0	4.86
7.22074	202.00	0	4.86
7.22529	207.00	0	4.86
7.23083	226.00	0	4.86
7.23526	261.00	1	4.86
7.24082	309.00	0	4.86
7.24526	334.00	0	4.89
7.25077	353.00	0	4.89
7.25520	364.00	0	4.89
7.26099	374.00	0	4.89
7.26556	376.00	0	4.89
7.27005	375.00	0	4.89
7.27564	365.00	0	4.89
7.28009	349.00	0	4.89
7.28563	279.00	1	4.89
7.29008	234.00	0	4.89
7.29557	211.00	0	4.89
7.30001	205.00	0	4.88
7.30552	200.00	0	4.88
7.31106	197.00	0	4.88
7.31551	194.00	0	4.88
7.32107	193.00	0	4.88
7.32555	193.00	0	4.88
7.33004	197.00	0	4.88
7.33555	221.00	0	4.88
7.34014	277.00	1	4.88
7.34565	333.00	0	4.88
7.35014	359.00	0	4.88
7.35563	379.00	0	4.88
7.36015	387.00	0	4.88
7.36571	395.00	0	4.88
7.37019	397.00	0	4.88
7.37570	390.00	0	4.88
7.38023	377.00	0	4.88
7.38574	316.00	1	4.88
7.39017	249.00	0	4.88
7.39573	217.00	0	4.88
7.40016	210.00	0	4.88
7.40567	205.00	0	4.88
7.41011	203.00	0	4.88
7.41570	201.00	0	4.88
7.42042	200.00	0	4.88
7.42602	203.00	0	4.88
7.43053	207.00	0	4.88
7.43500	222.00	0	4.88
7.44052	266.00	1	4.88
7.44602	311.00	0	4.87
7.45045	334.00	0	4.87
7.45596	352.00	0	4.87
7.46040	365.00	0	4.87
7.46591	374.00	0	4.87
7.47039	377.00	0	4.87
7.47588	376.00	0	4.87
7.48039	369.00	0	4.87
7.48590	349.00	0	4.87
7.49033	291.00	1	4.87
7.49583	233.00	0	4.89
7.50031	215.00	0	4.89
7.50582	205.00	0	4.89
7.51026	201.00	0	4.89
7.51579	197.00	0	4.89
7.52022	194.00	0	4.89
7.52576	193.00	0	4.89
7.53019	193.00	0	4.89
7.53569	197.00	0	4.89
7.54019	213.00	0	4.89
7.54574	278.00	1	4.89
7.55022	322.00	0	4.86
7.55572	358.00	0	4.86
7.56025	373.00	0	4.86
7.56576	387.00	0	4.86
7.57024	393.00	0	4.86
7.57575	394.00	0	4.86
7.58023	390.00	0	4.86
7.58574	377.00	0	4.86
7.59022	346.00	1	4.86
7.59578	253.00	0	4.86
7.60022	222.00	0	4.86
7.60577	208.00	0	4.89
7.61021	206.00	0	4.89
7.61576	203.00	0	4.89
7.62020	202.00	0	4.89
7.62574	200.00	0	4.89
7.63017	201.00	0	4.89
7.63570	207.00	0	4.89
7.64015	215.00	0	4.89
7.64574	253.00	1	4.89
7.65017	292.00	0	4.89
7.65566	326.00	0	4.89
7.66017	345.00	0	4.87
7.66568	358.00	0	4.87
7.67031	368.00	0	4.87
7.67589	375.00	0	4.87
7.68037	377.00	0	4.87
7.68589	370.00	0	4.87
7.69037	361.00	0	4.87
7.69587	309.00	1	4.87
7.70036	251.00	0	4.87
7.70591	217.00	0	4.87
7.71038	205.00	0	4.87
7.71587	201.00	0	4.87
7.72034	198.00	0	4.87
7.72591	194.00	0	4.87
7.73035	192.00	0	4.87
7.73591	192.00	0	4.87
7.74034	194.00	0	4.87
7.74590	204.00	0	4.87
7.75034	243.00	1	4.87
7.75589	306.00	0	4.89
7.76033	340.00	0	4.89
7.76588	366.00	0	4.89
7.77031	379.00	0	4.89
7.77589	387.00	0	4.89
7.78033	393.00	0	4.89
7.78585	391.00	0	4.89
7.79033	386.00	0	4.89
7.79582	364.00	0	4.89
7.80033	287.00	1	4.89
7.80585	228.00	0	4.89
7.81033	211.00	0	4.76
7.81582	205.00	0	4.76
7.82033	202.00	0	4.76
7.82584	199.00	0	4.76
7.83028	198.00	0	4.76
7.83584	199.00	0	4.76
7.84032	201.00	0	4.76
7.84583	208.00	0	4.76
7.85027	228.00	0	4.76
7.85582	273.00	1	4.76
7.86026	307.00	0	4.76
7.86579	337.00	0	4.76
7.87023	349.00	0	4.76
7.87575	363.00	0	4.76
7.88022	371.00	0	4.76
7.88581	375.00	0	4.76
7.89024	372.00	0	4.76
7.89573	365.00	0	4.76
7.90022	346.00	0	4.76
7.90579	273.00	1	4.76
7.91028	229.00	0	4.76
7.91577	209.00	0	4.76
7.92030	203.00	0	4.76
7.92580	199.00	0	4.76
7.93029	196.00	0	4.76
7.93578	192.00	0	4.76
7.94031	192.00	0	4.76
7.94582	192.00	0	4.76
7.95030	195.00	0	4.76
7.95580	215.00	0	4.76
7.96031	267.00	1	4.76
7.96581	324.00	0	4.76
7.97025	354.00	0	4.76
7.97585	374.00	0	4.76
7.98029	384.00	0	4.76
7.98580	393.00	0	4.76
7.99023	393.00	0	4.76
7.99579	386.00	0	4.76
8.00027	376.00	0	4.76
8.00583	312.00	1	4.76
8.01029	245.00	0	4.76
8.01582	216.00	0	4.87
8.02023	207.00	0	4.87
8.02572	205.00	0	4.87
8.03014	202.00	0	4.87
8.03563	200.00	0	4.87
8.04007	199.00	0	4.87
8.04554	202.00	0	4.87
8.05105	206.00	0	4.87
8.05545	215.00	0	4.87
8.06095	252.00	1	4.87
8.06535	290.00	0	4.87
8.07086	326.00	0	4.88
8.07535	344.00	0	4.88
8.08091	360.00	0	4.88
8.08537	370.00	0	4.88
8.09085	375.00	0	4.88
8.09527	377.00	0	4.88
8.10074	369.00	0	4.88
8.10518	357.00	0	4.88
8.11067	297.00	1	4.88
8.11509	245.00	0	4.88
8.12057	215.00	0	4.88
8.12606	205.00	0	4.88
8.13049	202.00	0	4.88
8.13595	198.00	0	4.88
8.14039	196.00	0	4.88
8.14586	192.00	0	4.88
8.15030	192.00	0	4.88
8.15578	194.00	0	4.88
8.16028	201.00	0	4.88
8.16580	248.00	1	4.88
8.17024	301.00	0	4.88
8.17581	345.00	0	4.87
8.18022	365.00	0	4.87
8.18571	383.00	0	4.87
8.19012	390.00	0	4.87
8.19564	396.00	0	4.87
8.20013	393.00	0	4.87
8.20566	385.00	0	4.87
8.21014	364.00	1	4.87
8.21565	274.00	0	4.89
8.22008	234.00	0	4.89
8.22554	212.00	0	4.89
8.23004	208.00	0	4.89
8.23552	205.00	0	4.89
8.24102	203.00	0	4.89
8.24542	202.00	0	4.89
8.25093	202.00	0	4.89
8.25534	204.00	0	4.89
8.26100	211.00	0	4.89
8.26549	227.00	0	4.89
8.27104	272.00	1	4.89
8.27545	309.00	0	4.89
8.28095	338.00	0	4.76
8.28541	353.00	0	4.76
8.29089	368.00	0	4.76
8.29538	377.00	0	4.76
8.30087	381.00	0	4.76
8.30530	378.00	0	4.76
8.31077	370.00	0	4.76
8.31521	353.00	0	4.76
8.32068	280.00	1	4.76
8.32508	237.00	0	4.76
8.33064	214.00	0	4.76
8.33511	208.00	0	4.76
8.34073	204.00	0	4.76
8.34521	200.00	0	4.76
8.35074	196.00	0	4.76
8.35523	195.00	0	4.76
8.36088	196.00	0	4.76
8.36550	197.00	0	4.76
8.37103	211.00	0	4.76
8.37544	259.00	1	4.76
8.38095	322.00	0	4.77
8.38536	353.00	0	4.77
8.39088	376.00	0	4.77
8.39530	386.00	0	4.77
8.40079	396.00	0	4.77
8.40528	401.00	0	4.77
8.41081	394.00	0	4.77
8.41521	384.00	0	4.77
8.42069	347.00	1	4.77
8.42512	270.00	0	4.75
8.43059	226.00	0	4.75
8.43504	214.00	0	4.75
8.44051	210.00	0	4.75
8.44600	207.00	0	4.75
8.45042	205.00	0	4.75
8.45592	204.00	0	4.75
8.46039	204.00	0	4.75
8.46595	208.00	0	4.75
8.47037	212.00	0	4.75
8.47584	237.00	1	4.75
8.48033	275.00	0	4.88
8.48585	318.00	0	4.88
8.49031	342.00	0	4.88
8.49584	360.00	0	4.88
8.50027	371.00	0	4.88
8.50573	376.00	0	4.88
8.51017	379.00	0	4.88
8.51564	378.00	0	4.88
8.52010	369.00	0	4.88
8.52559	340.00	1	4.88
8.53001	280.00	0	4.88
8.53551	231.00	0	4.88
8.54103	213.00	0	4.88
8.54553	207.00	0	4.88
8.55000	204.00	0	4.88
8.55551	200.00	0	4.88
8.56001	197.00	0	4.88
8.56560	196.00	0	4.88
8.57008	195.00	0	4.88
8.57562	199.00	0	4.88
8.58008	210.00	0	4.88
8.58554	272.00	1	4.88
8.59105	330.00	0	4.76
8.59545	352.00	0	4.76
8.60102	380.00	0	4.76
8.60542	392.00	0	4.76
8.61004	398.00	0	4.76
8.61567	401.00	0	4.76
8.62016	397.00	0	4.76
8.62563	387.00	0	4.76
8.63004	360.00	1	4.76
8.63556	269.00	0	4.78
8.64105	226.00	0	4.78
8.64549	215.00	0	4.78
8.65097	209.00	0	4.78
8.65542	208.00	0	4.78
8.66094	206.00	0	4.78
8.66543	205.00	0	4.78
8.67091	204.00	0	4.78
8.67535	207.00	0	4.78
8.68081	215.00	0	4.78
8.68521	236.00	1	4.78
8.69077	282.00	0	4.78
8.69523	319.00	0	4.78
8.70072	345.00	0	4.78
8.70518	360.00	0	4.78
8.71069	372.00	0	4.78
8.71509	378.00	0	4.78
8.72058	384.00	0	4.78
8.72605	380.00	0	4.78
8.73049	374.00	0	4.78
8.73601	349.00	1	4.78
8.74041	292.00	0	4.78
8.74596	236.00	0	4.75
8.75042	217.00	0	4.75
8.75591	209.00	0	4.75
8.76042	206.00	0	4.75
8.76599	201.00	0	4.75
8.77049	199.00	0	4.75
8.77601	197.00	0	4.75
8.78046	197.00	0	4.75
8.78600	200.00	0	4.75
8.79051	210.00	0	4.75
8.79607	269.00	1	4.75
8.80050	318.00	0	4.75
8.80604	355.00	0	4.75
8.81053	378.00	0	4.75
8.81606	392.00	0	4.75
8.82050	400.00	0	4.75
8.82601	401.00	0	4.75
8.83086	398.00	0	4.75
8.83533	391.00	0	4.75
8.84102	367.00	1	4.75
8.84592	284.00	0	4.75
8.85057	236.00	0	4.74
8.85506	218.00	0	4.74
8.86060	211.00	0	4.74
8.86504	209.00	0	4.74
8.87056	206.00	0	4.74
8.87506	204.00	0	4.74
8.88059	203.00	0	4.74
8.88503	207.00	0	4.74
8.89053	212.00	0	4.74
8.89502	226.00	0	4.74
8.90054	269.00	1	4.74
8.90503	305.00	0	4.64
8.91053	340.00	0	4.64
8.91507	355.00	0	4.64
8.92058	369.00	0	4.64
8.92506	376.00	0	4.64
8.93057	382.00	0	4.64
8.93504	383.00	0	4.64
8.94055	379.00	0	4.64
8.94503	365.00	0	4.64
8.95053	309.00	1	4.64
8.95606	246.00	0	4.66
8.96054	221.00	0	4.66
8.96508	211.00	0	4.66
8.97063	206.00	0	4.66
8.97512	203.00	0	4.66
8.98067	199.00	0	4.66
8.98511	197.00	0	4.66
8.99066	197.00	0	4.66
8.99511	198.00	0	4.66
9.00065	209.00	0	4.66
9.00509	250.00	1	4.66
9.01062	315.00	0	4.78
9.01505	349.00	0	4.78
9.02057	373.00	0	4.78
9.02500	386.00	0	4.78
9.03051	399.00	0	4.78
9.03501	401.00	0	4.78
9.04052	401.00	0	4.78
9.04606	392.00	0	4.78
9.05049	373.00	0	4.78
9.05603	283.00	0	4.78
9.06046	238.00	1	4.78
9.06597	218.00	0	4.78
9.07050	212.00	0	4.56
9.07601	209.00	0	4.56
9.08045	207.00	0	4.56
9.08596	205.00	0	4.56
9.09044	205.00	0	4.56
9.09595	209.00	0	4.56
9.10042	215.00	0	4.56
9.10592	241.00	1	4.56
9.11036	278.00	0	4.56
9.11589	320.00	0	4.87
9.12036	343.00	0	4.87
9.12585	360.00	0	4.87
9.13029	371.00	0	4.87
9.13583	382.00	0	4.87
9.14027	385.00	0	4.87
9.14581	384.00	0	4.87
9.15024	373.00	0	4.87
9.15575	354.00	0	4.87
9.16047	291.00	1	4.87
9.16603	236.00	0	4.87
9.17051	218.00	0	4.76
9.17602	208.00	0	4.76
9.18056	205.00	0	4.76
9.18606	201.00	0	4.76
9.19052	199.00	0	4.76
9.19604	197.00	0	4.76
9.20047	197.00	0	4.76
9.20603	201.00	0	4.76
9.21047	214.00	0	4.76
9.21598	274.00	1	4.76
9.22042	322.00	0	4.76
9.22596	359.00	0	4.74
9.23042	378.00	0	4.74
9.23592	393.00	0	4.74
9.24032	398.00	0	4.74
9.24578	402.00	0	4.74
9.25031	401.00	0	4.74
9.25579	389.00	0	4.74
9.26041	364.00	1	4.74
9.26595	270.00	0	4.74
9.27041	232.00	0	5.00
9.27589	216.00	0	5.00
9.28032	211.00	0	5.00
9.28579	209.00	0	5.00
9.29024	207.00	0	5.00
9.29571	206.00	0	5.00
9.30017	205.00	0	5.00
9.30572	209.00	0	5.00
9.31020	215.00	0	5.00
9.31582	241.00	1	5.00
9.32028	278.00	0	5.00
9.32584	320.00	0	4.76
9.33026	343.00	0	4.76
9.33585	360.00	0	4.76
9.34033	371.00	0	4.76
9.34584	380.00	0	4.76
9.35027	383.00	0	4.76
9.35576	383.00	0	4.76
9.36016	374.00	0	4.76
9.36569	357.00	0	4.76
9.37011	300.00	1	4.76
9.37562	238.00	0	4.76
9.38005	220.00	0	4.77
9.38552	209.00	0	4.77
9.39103	205.00	0	4.77
9.39544	202.00	0	4.77
9.40095	199.00	0	4.77
9.40553	197.00	0	4.77
9.41009	196.00	0	4.77
9.41559	200.00	0	4.77
9.42000	208.00	0	4.77
9.42557	261.00	1	4.77
9.43106	321.00	0	4.77
9.43549	355.00	0	4.77
9.44095	379.00	0	4.77
9.44538	390.00	0	4.77
9.45091	399.00	0	4.77
9.45536	403.00	0	4.77
9.46082	400.00	0	4.77
9.46522	391.00	0	4.77
9.47073	363.00	1	4.77
9.47513	281.00	0	4.77
9.48067	230.00	0	4.75
9.48507	217.00	0	4.75
9.49062	211.00	0	4.75
9.49507	209.00	0	4.75
9.50056	208.00	0	4.75
9.50602	206.00	0	4.75
9.51044	205.00	0	4.75
9.51593	209.00	0	4.75
9.52032	214.00	0	4.75
9.52582	233.00	0	4.75
9.53025	268.00	1	4.75
9.53576	312.00	0	4.66
9.54021	337.00	0	4.66
9.54570	357.00	0	4.66
9.55010	368.00	0	4.66
9.55558	379.00	0	4.66
9.56005	385.00	0	4.66
9.56555	384.00	0	4.66
9.57006	378.00	0	4.66
9.57557	362.00	0	4.66
9.58000	312.00	1	4.66
9.58553	247.00	0	4.66
9.59103	219.00	0	4.76
9.59543	211.00	0	4.76
9.60095	206.00	0	4.76
9.60543	203.00	0	4.76
9.61091	201.00	0	4.76
9.61533	200.00	0	4.76
9.62079	197.00	0	4.76
9.62527	199.00	0	4.76
9.63074	204.00	0	4.76
9.63515	233.00	1	4.76
9.64064	299.00	0	4.77
9.64504	339.00	0	4.77
9.65059	371.00	0	4.77
9.65514	385.00	0	4.77
9.66094	396.00	0	4.77
9.66592	404.00	0	4.77
9.67089	400.00	0	4.77
9.67577	394.00	0	4.77
9.68067	377.00	0	4.77
9.68563	305.00	1	4.77
9.69054	242.00	0	4.77
9.69548	220.00	0	4.65
9.70035	213.00	0	4.65
9.70538	210.00	0	4.65
9.71036	207.00	0	4.65
9.71523	206.00	0	4.65
9.72016	205.00	0	4.65
9.72505	206.00	0	4.65
9.73114	211.00	0	4.65
9.73601	223.00	0	4.65
9.74091	255.00	1	4.65
9.74587	297.00	0	4.75
9.75077	331.00	0	4.75
9.75588	351.00	0	4.75
9.76051	365.00	0	4.75
9.76604	376.00	0	4.75
9.77048	383.00	0	4.75
9.77606	384.00	0	4.75
9.78046	379.00	0	4.75
9.78592	367.00	0	4.75
9.79037	329.00	1	4.75
9.79589	259.00	0	4.75
9.80031	229.00	0	4.75
9.80577	212.00	0	4.75
9.81021	208.00	0	4.75
9.81575	204.00	0	4.75
9.82024	201.00	0	4.75
9.82570	198.00	0	4.75
9.83011	197.00	0	4.75
9.83567	198.00	0	4.75
9.84006	201.00	0	4.75
9.84555	223.00	0	4.75
9.85102	288.00	1	4.75
9.85545	333.00	0	4.63
9.86091	367.00	0	4.63
9.86533	383.00	0	4.63
9.87086	394.00	0	4.63
9.87535	401.00	0	4.63
9.88081	401.00	0	4.63
9.88521	396.00	0	4.63
9.89071	383.00	0	4.63
9.89510	333.00	1	4.63
9.90060	252.00	0	4.77
9.90605	222.00	0	4.77
9.91048	214.00	0	4.77
9.91594	210.00	0	4.77
9.92037	208.00	0	4.77
9.92582	206.00	0	4.77
9.93023	205.00	0	4.77
9.93574	205.00	0	4.77
9.94013	208.00	0	4.77
9.94562	216.00	0	4.77
9.95003	240.00	1	4.77
9.95553	290.00	0	4.78
9.96099	155.00	0	4.78
9.96549	349.00	0	4.78
9.97097	365.00	0	4.78
9.97540	376.00	0	4.78
9.98089	381.00	0	4.78
9.98534	382.00	0	4.78
9.99086	378.00	0	4.78
9.99526	369.00	0	4.78
10.00082	325.00	1	4.78
