0.00035	245.00	0	0.00
0.00164	248.00	0	0.00
0.00510	249.00	0	0.00
0.01067	250.00	0	0.00
0.01522	245.00	0	0.00
0.02074	250.00	0	0.00
0.02519	244.00	0	0.00
0.03073	250.00	0	0.00
0.03519	253.00	0	0.00
0.04082	249.00	0	0.00
0.04539	257.00	0	0.00
0.05092	252.00	0	0.00
0.05538	252.00	0	0.00
0.06089	256.00	0	0.00
0.06537	263.00	0	0.00
0.07099	290.00	1	0.00
0.07546	306.00	0	0.00
0.08098	347.00	0	0.00
0.08545	388.00	0	0.00
0.09097	406.00	0	0.00
0.09542	424.00	0	0.00
0.10094	427.00	0	0.00
0.10538	433.00	0	0.00
0.11091	437.00	0	0.00
0.11535	434.00	0	0.00
0.12088	442.00	0	0.00
0.12547	438.00	0	0.00
0.13100	439.00	0	0.00
0.13545	443.00	0	0.00
0.14098	438.00	0	0.00
0.14553	431.00	0	0.00
0.15008	368.00	1	0.00
0.15576	312.00	0	0.00
0.16028	278.00	0	0.00
0.16582	254.00	0	0.00
0.17027	258.00	0	0.00
0.17580	245.00	0	0.00
0.18025	244.00	0	0.00
0.18578	240.00	0	0.00
0.19023	235.00	0	0.00
0.19576	241.00	0	0.00
0.20021	236.00	0	0.00
0.20574	245.00	0	0.00
0.21019	259.00	0	0.00
0.21569	307.00	1	0.00
0.22017	363.00	0	0.00
0.22567	420.00	0	0.00
0.23016	441.00	0	0.00
0.23567	449.00	0	0.00
0.24014	448.00	0	0.00
0.24565	456.00	0	0.00
0.25014	450.00	0	0.00
0.25566	452.00	0	0.00
0.26014	450.00	0	0.00
0.26565	438.00	0	0.00
0.27010	386.00	1	0.00
0.27565	310.00	0	0.00
0.28010	275.00	0	0.00
0.28564	257.00	0	0.00
0.29010	252.00	0	0.00
0.29564	256.00	0	0.00
0.30008	246.00	0	0.00
0.30562	249.00	0	0.00
0.31007	252.00	0	0.00
0.31561	252.00	0	0.00
0.32005	258.00	0	0.00
0.32559	257.00	0	0.00
0.33004	287.00	1	0.00
0.33557	342.00	0	3.86
0.34002	389.00	0	3.86
0.34553	417.00	0	3.86
0.35000	421.00	0	3.86
0.35551	431.00	0	3.86
0.36105	436.00	0	3.86
0.36552	434.00	0	3.86
0.37106	442.00	0	3.86
0.37550	436.00	0	3.86
0.38104	429.00	0	3.86
0.38550	377.00	1	3.86
0.39103	304.00	0	4.25
0.39547	273.00	0	4.25
0.40103	253.00	0	4.25
0.40561	248.00	0	4.25
0.41010	244.00	0	4.25
0.41564	235.00	0	4.25
0.42010	240.00	0	4.25
0.42565	235.00	0	4.25
0.43012	240.00	0	4.25
0.43566	253.00	0	4.25
0.44010	288.00	1	4.25
0.44564	365.00	0	4.46
0.45008	412.00	0	4.46
0.45566	437.00	0	4.46
0.46022	444.00	0	4.46
0.46576	445.00	0	4.46
0.47020	453.00	0	4.46
0.47573	448.00	0	4.46
0.48014	451.00	0	4.46
0.48572	446.00	0	4.46
0.49019	390.00	1	4.46
0.49573	316.00	0	4.54
0.50018	268.00	0	4.54
0.50578	254.00	0	4.54
0.51031	253.00	0	4.54
0.51587	245.00	0	4.54
0.52032	251.00	0	4.54
0.52588	247.00	0	4.54
0.53035	253.00	0	4.54
0.53592	256.00	0	4.54
0.54039	250.00	0	4.54
0.54594	284.00	0	4.54
0.55040	318.00	1	4.54
0.55591	388.00	0	4.54
0.56040	411.00	0	4.54
0.56597	418.00	0	4.54
0.57048	432.00	0	4.54
0.57600	432.00	0	4.54
0.58049	434.00	0	4.54
0.58503	438.00	0	4.54
0.59065	435.00	0	4.54
0.59516	434.00	0	4.54
0.60077	355.00	1	4.54
0.60528	305.00	0	4.54
0.61083	263.00	0	4.65
0.61528	252.00	0	4.65
0.62083	249.00	0	4.65
0.62531	237.00	0	4.65
0.63088	236.00	0	4.65
0.63533	239.00	0	4.65
0.64087	236.00	0	4.65
0.64535	248.00	0	4.65
0.65090	276.00	1	4.65
0.65536	334.00	0	4.65
0.66109	412.00	0	4.74
0.66578	428.00	0	4.74
0.67046	445.00	0	4.74
0.67505	443.00	0	4.74
0.68059	451.00	0	4.74
0.68510	448.00	0	4.74
0.69065	447.00	0	4.74
0.69515	451.00	0	4.74
0.70068	398.00	1	4.74
0.70519	328.00	0	4.75
0.71075	270.00	0	4.75
0.71524	253.00	0	4.75
0.72078	256.00	0	4.75
0.72528	246.00	0	4.75
0.73087	246.00	0	4.75
0.73536	249.00	0	4.75
0.74090	249.00	0	4.75
0.74541	256.00	0	4.75
0.75094	256.00	0	4.75
0.75545	287.00	1	4.75
0.76098	349.00	0	4.75
0.76550	392.00	0	4.88
0.77001	417.00	0	4.88
0.77562	422.00	0	4.88
0.78008	432.00	0	4.88
0.78565	433.00	0	4.88
0.79012	436.00	0	4.88
0.79567	442.00	0	4.88
0.80014	432.00	0	4.88
0.80572	385.00	1	4.88
0.81019	321.00	0	4.88
0.81574	265.00	0	4.88
0.82021	260.00	0	4.88
0.82578	246.00	0	4.88
0.83033	243.00	0	4.88
0.83591	238.00	0	4.88
0.84039	235.00	0	4.88
0.84597	241.00	0	4.88
0.85044	238.00	0	4.88
0.85602	262.00	0	4.88
0.86050	312.00	1	4.88
0.86501	370.00	0	4.77
0.87056	427.00	0	4.77
0.87510	434.00	0	4.77
0.88061	445.00	0	4.77
0.88509	446.00	0	4.77
0.89063	446.00	0	4.77
0.89510	450.00	0	4.77
0.90061	445.00	0	4.77
0.90507	423.00	0	4.77
0.91062	326.00	0	4.77
0.91506	274.00	1	4.77
0.92065	259.00	0	4.66
0.92529	249.00	0	4.66
0.93091	249.00	0	4.66
0.93544	248.00	0	4.66
0.94098	245.00	0	4.66
0.94545	258.00	0	4.66
0.95099	253.00	0	4.66
0.95544	255.00	0	4.66
0.96098	289.00	0	4.66
0.96544	332.00	1	4.66
0.97098	401.00	0	4.76
0.97543	411.00	0	4.76
0.98097	425.00	0	4.76
0.98543	430.00	0	4.76
0.99097	431.00	0	4.76
0.99545	441.00	0	4.76
1.00003	435.00	0	4.76
1.00561	435.00	0	4.76
1.01006	379.00	1	4.76
1.01560	302.00	0	4.89
1.02006	270.00	0	4.89
1.02561	252.00	0	4.89
1.03017	248.00	0	4.89
1.03572	241.00	0	4.89
1.04018	235.00	0	4.89
1.04579	241.00	0	4.89
1.05031	236.00	0	4.89
1.05585	245.00	0	4.89
1.06030	267.00	0	4.89
1.06589	329.00	1	4.89
1.07048	401.00	0	4.89
1.07504	425.00	0	4.87
1.08056	443.00	0	4.87
1.08506	447.00	0	4.87
1.09058	448.00	0	4.87
1.09512	452.00	0	4.87
1.10063	446.00	0	4.87
1.10512	448.00	0	4.87
1.11064	372.00	1	4.87
1.11518	303.00	0	5.11
1.12069	264.00	0	5.11
1.12519	251.00	0	5.11
1.13071	253.00	0	5.11
1.13520	248.00	0	5.11
1.14071	245.00	0	5.11
1.14535	254.00	0	5.11
1.15107	252.00	0	5.11
1.15581	254.00	0	5.11
1.16031	259.00	0	5.11
1.16589	293.00	1	5.11
1.17035	355.00	0	5.11
1.17589	400.00	0	4.99
1.18042	419.00	0	4.99
1.18597	428.00	0	4.99
1.19043	428.00	0	4.99
1.19603	440.00	0	4.99
1.20050	433.00	0	4.99
1.20608	438.00	0	4.99
1.21060	423.00	0	4.99
1.21512	350.00	1	4.99
1.22072	290.00	0	4.88
1.22521	256.00	0	4.88
1.23079	252.00	0	4.88
1.23524	245.00	0	4.88
1.24085	236.00	0	4.88
1.24533	240.00	0	4.88
1.25094	236.00	0	4.88
1.25541	240.00	0	4.88
1.26096	251.00	0	4.88
1.26545	281.00	1	4.88
1.27098	359.00	0	5.01
1.27543	409.00	0	5.01
1.28097	433.00	0	5.01
1.28546	444.00	0	5.01
1.29100	444.00	0	5.01
1.29545	452.00	0	5.01
1.30099	445.00	0	5.01
1.30546	450.00	0	5.01
1.31106	427.00	0	5.01
1.31551	342.00	1	5.01
1.32105	282.00	0	4.88
1.32552	254.00	0	4.88
1.33003	256.00	0	4.88
1.33557	252.00	0	4.88
1.34003	246.00	0	4.88
1.34564	250.00	0	4.88
1.35009	249.00	0	4.88
1.35570	255.00	0	4.88
1.36021	253.00	0	4.88
1.36581	266.00	0	4.88
1.37026	312.00	1	4.88
1.37579	379.00	0	4.89
1.38024	408.00	0	4.89
1.38584	423.00	0	4.89
1.39029	426.00	0	4.89
1.39582	436.00	0	4.89
1.40030	432.00	0	4.89
1.40608	435.00	0	4.89
1.41066	439.00	0	4.89
1.41512	400.00	0	4.89
1.42068	325.00	1	4.89
1.42517	274.00	0	4.89
1.43081	256.00	0	4.86
1.43533	251.00	0	4.86
1.44088	239.00	0	4.86
1.44535	242.00	0	4.86
1.45096	235.00	0	4.86
1.45541	240.00	0	4.86
1.46095	243.00	0	4.86
1.46542	249.00	0	4.86
1.47096	308.00	1	4.86
1.47541	360.00	0	4.86
1.48095	423.00	0	4.87
1.48542	438.00	0	4.87
1.49098	442.00	0	4.87
1.49544	451.00	0	4.87
1.50100	444.00	0	4.87
1.50548	448.00	0	4.87
1.51104	448.00	0	4.87
1.51555	407.00	1	4.87
1.52003	337.00	0	5.00
1.52557	271.00	0	5.00
1.53006	259.00	0	5.00
1.53559	254.00	0	5.00
1.54008	249.00	0	5.00
1.54562	251.00	0	5.00
1.55018	244.00	0	5.00
1.55578	253.00	0	5.00
1.56028	254.00	0	5.00
1.56588	252.00	0	5.00
1.57043	283.00	0	5.00
1.57597	335.00	1	5.00
1.58047	394.00	0	4.86
1.58601	417.00	0	4.86
1.59055	420.00	0	4.86
1.59502	431.00	0	4.86
1.60057	431.00	0	4.86
1.60505	437.00	0	4.86
1.61066	439.00	0	4.86
1.61513	433.00	0	4.86
1.62073	368.00	1	4.86
1.62521	304.00	0	4.86
1.63080	262.00	0	5.00
1.63527	255.00	0	5.00
1.64088	243.00	0	5.00
1.64540	244.00	0	5.00
1.65096	235.00	0	5.00
1.65547	238.00	0	5.00
1.66103	241.00	0	5.00
1.66551	241.00	0	5.00
1.67000	270.00	0	5.00
1.67553	329.00	1	5.00
1.68002	400.00	0	4.89
1.68556	432.00	0	4.89
1.69005	440.00	0	4.89
1.69562	449.00	0	4.89
1.70011	445.00	0	4.89
1.70567	450.00	0	4.89
1.71016	449.00	0	4.89
1.71569	441.00	0	4.89
1.72023	382.00	1	4.89
1.72582	299.00	0	4.89
1.73036	265.00	0	4.89
1.73589	256.00	0	4.89
1.74040	249.00	0	4.89
1.74596	252.00	0	4.89
1.75046	245.00	0	4.89
1.75601	250.00	0	4.89
1.76051	256.00	0	4.89
1.76605	250.00	0	4.89
1.77059	268.00	0	4.89
1.77505	295.00	1	4.89
1.78065	375.00	0	5.02
1.78514	403.00	0	5.02
1.79070	417.00	0	5.02
1.79517	431.00	0	5.02
1.80072	429.00	0	5.02
1.80520	437.00	0	5.02
1.81075	439.00	0	5.02
1.81521	435.00	0	5.02
1.82082	430.00	0	5.02
1.82529	361.00	1	5.02
1.83087	296.00	0	4.89
1.83534	263.00	0	4.89
1.84090	251.00	0	4.89
1.84538	251.00	0	4.89
1.85099	238.00	0	4.89
1.85545	239.00	0	4.89
1.86101	241.00	0	4.89
1.86549	237.00	0	4.89
1.87104	253.00	0	4.89
1.87550	283.00	1	4.89
1.88106	359.00	0	5.00
1.88554	414.00	0	5.00
1.89000	432.00	0	5.00
1.89555	446.00	0	5.00
1.90002	444.00	0	5.00
1.90558	452.00	0	5.00
1.91004	450.00	0	5.00
1.91565	446.00	0	5.00
1.92016	448.00	0	5.00
1.92573	370.00	1	5.00
1.93024	309.00	0	5.00
1.93580	262.00	0	4.87
1.94026	254.00	0	4.87
1.94588	257.00	0	4.87
1.95035	246.00	0	4.87
1.95590	248.00	0	4.87
1.96042	250.00	0	4.87
1.96599	250.00	0	4.87
1.97045	257.00	0	4.87
1.97600	270.00	0	4.87
1.98048	313.00	1	4.87
1.98604	387.00	0	4.87
1.99052	408.00	0	4.87
1.99501	423.00	0	4.87
2.00053	424.00	0	4.87
2.00503	433.00	0	4.87
2.01062	436.00	0	4.87
2.01511	437.00	0	4.87
2.02064	441.00	0	4.87
2.02514	416.00	0	4.87
2.03069	337.00	1	4.87
2.03519	285.00	0	4.87
2.04072	254.00	0	4.87
2.04527	255.00	0	4.87
2.05080	240.00	0	4.87
2.05529	240.00	0	4.87
2.06082	238.00	0	4.87
2.06541	236.00	0	4.87
2.07002	244.00	0	4.87
2.07559	255.00	0	4.87
2.08006	305.00	1	4.87
2.08564	378.00	0	4.89
2.09011	420.00	0	4.89
2.09566	441.00	0	4.89
2.10013	443.00	0	4.89
2.10577	450.00	0	4.89
2.11024	450.00	0	4.89
2.11580	447.00	0	4.89
2.12026	450.00	0	4.89
2.12583	411.00	1	4.89
2.13032	335.00	0	4.89
2.13588	273.00	0	5.00
2.14041	255.00	0	5.00
2.14605	256.00	0	5.00
2.15063	247.00	0	5.00
2.15513	249.00	0	5.00
2.16071	250.00	0	5.00
2.16522	251.00	0	5.00
2.17075	258.00	0	5.00
2.17534	253.00	0	5.00
2.18092	294.00	1	5.00
2.18543	348.00	0	4.99
2.19101	399.00	0	4.99
2.19555	418.00	0	4.99
2.20006	420.00	0	4.99
2.20567	431.00	0	4.99
2.21014	433.00	0	4.99
2.21574	432.00	0	4.99
2.22020	443.00	0	4.99
2.22506	428.00	0	4.99
2.23082	349.00	1	4.99
2.23541	294.00	0	5.00
2.24099	253.00	0	5.00
2.24555	257.00	0	5.00
2.25002	242.00	0	5.00
2.25559	240.00	0	5.00
2.26007	237.00	0	5.00
2.26564	235.00	0	5.00
2.27011	243.00	0	5.00
2.27569	249.00	0	5.00
2.28020	295.00	1	5.00
2.28577	365.00	0	5.00
2.29028	414.00	0	5.00
2.29584	440.00	0	5.00
2.30030	444.00	0	5.00
2.30589	451.00	0	5.00
2.31035	449.00	0	5.00
2.31590	446.00	0	5.00
2.32037	450.00	0	5.00
2.32599	415.00	0	5.00
2.33045	339.00	1	5.00
2.33600	276.00	0	4.89
2.34047	255.00	0	4.89
2.34605	256.00	0	4.89
2.35051	247.00	0	4.89
2.35606	247.00	0	4.89
2.36058	249.00	0	4.89
2.36505	251.00	0	4.89
2.37062	258.00	0	4.89
2.37508	252.00	0	4.89
2.38063	286.00	0	4.89
2.38515	334.00	1	4.89
2.39071	394.00	0	4.90
2.39517	416.00	0	4.90
2.40072	422.00	0	4.90
2.40522	427.00	0	4.90
2.41077	434.00	0	4.90
2.41529	435.00	0	4.90
2.42084	444.00	0	4.90
2.42536	428.00	0	4.90
2.43097	352.00	1	4.90
2.43546	297.00	0	4.90
2.44101	257.00	0	5.00
2.44549	256.00	0	5.00
2.45104	242.00	0	5.00
2.45550	242.00	0	5.00
2.46105	239.00	0	5.00
2.46553	235.00	0	5.00
2.47001	241.00	0	5.00
2.47561	242.00	0	5.00
2.48022	275.00	1	5.00
2.48580	342.00	0	5.00
2.49030	403.00	0	5.00
2.49582	436.00	0	5.00
2.50031	437.00	0	5.00
2.50589	447.00	0	5.00
2.51043	450.00	0	5.00
2.51503	448.00	0	5.00
2.52063	450.00	0	5.00
2.52516	437.00	0	5.00
2.53072	358.00	1	5.00
2.53519	298.00	0	5.00
2.54079	256.00	0	4.99
2.54527	257.00	0	4.99
2.55082	248.00	0	4.99
2.55536	250.00	0	4.99
2.56091	250.00	0	4.99
2.56539	249.00	0	4.99
2.57094	259.00	0	4.99
2.57540	250.00	0	4.99
2.58096	269.00	0	4.99
2.58543	305.00	1	4.99
2.59098	374.00	0	4.99
2.59544	409.00	0	4.99
2.60099	417.00	0	4.99
2.60546	429.00	0	4.99
2.61101	434.00	0	4.99
2.61547	434.00	0	4.99
2.62001	439.00	0	4.99
2.62555	434.00	0	4.99
2.63009	412.00	0	4.99
2.63566	325.00	1	4.99
2.64019	275.00	0	4.89
2.64573	260.00	0	4.89
2.65022	248.00	0	4.89
2.65575	244.00	0	4.89
2.66024	237.00	0	4.89
2.66578	234.00	0	4.89
2.67027	241.00	0	4.89
2.67585	238.00	0	4.89
2.68033	252.00	0	4.89
2.68587	305.00	1	4.89
2.69036	361.00	0	4.86
2.69588	425.00	0	4.86
2.70040	433.00	0	4.86
2.70593	447.00	0	4.86
2.71042	446.00	0	4.86
2.71594	445.00	0	4.86
2.72044	450.00	0	4.86
2.72602	440.00	0	4.86
2.73050	404.00	1	4.86
2.73603	316.00	0	4.86
2.74053	266.00	0	5.01
2.74505	260.00	0	5.01
2.75062	250.00	0	5.01
2.75508	253.00	0	5.01
2.76063	248.00	0	5.01
2.76514	247.00	0	5.01
2.77070	258.00	0	5.01
2.77516	251.00	0	5.01
2.78071	257.00	0	5.01
2.78518	280.00	0	5.01
2.79078	344.00	1	5.01
2.79524	399.00	0	5.01
2.80078	412.00	0	4.87
2.80525	427.00	0	4.87
2.81080	431.00	0	4.87
2.81530	433.00	0	4.87
2.82090	441.00	0	4.87
2.82536	433.00	0	4.87
2.83092	421.00	0	4.87
2.83541	349.00	1	4.87
2.84096	283.00	0	5.01
2.84544	263.00	0	5.01
2.85098	250.00	0	5.01
2.85545	247.00	0	5.01
2.86104	240.00	0	5.01
2.86556	234.00	0	5.01
2.87005	242.00	0	5.01
2.87557	237.00	0	5.01
2.88010	248.00	0	5.01
2.88564	289.00	1	5.01
2.89012	346.00	0	5.01
2.89564	417.00	0	5.01
2.90012	429.00	0	5.01
2.90569	445.00	0	5.01
2.91017	446.00	0	5.01
2.91569	447.00	0	5.01
2.92022	453.00	0	5.01
2.92576	445.00	0	5.01
2.93025	423.00	0	5.01
2.93577	330.00	0	5.01
2.94021	279.00	1	5.01
2.94577	260.00	0	4.77
2.95022	250.00	0	4.77
2.95582	251.00	0	4.77
2.96028	247.00	0	4.77
2.96583	245.00	0	4.77
2.97029	257.00	0	4.77
2.97584	253.00	0	4.77
2.98031	256.00	0	4.77
2.98588	282.00	0	4.77
2.99034	326.00	1	4.77
2.99593	399.00	0	5.01
3.00040	409.00	0	5.01
3.00596	425.00	0	5.01
3.01047	430.00	0	5.01
3.01602	430.00	0	5.01
3.02049	441.00	0	5.01
3.02605	435.00	0	5.01
3.03050	435.00	0	5.01
3.03501	374.00	1	5.01
3.04054	302.00	0	5.01
3.04505	270.00	0	5.01
3.05058	252.00	0	5.01
3.05511	251.00	0	5.01
3.06064	241.00	0	5.01
3.06522	236.00	0	5.01
3.07088	241.00	0	5.01
3.07538	237.00	0	5.01
3.08096	248.00	0	5.01
3.08552	280.00	1	5.01
3.09104	351.00	0	5.01
3.09553	414.00	0	5.00
3.10004	430.00	0	5.00
3.10560	447.00	0	5.00
3.11011	446.00	0	5.00
3.11570	447.00	0	5.00
3.12019	450.00	0	5.00
3.12578	447.00	0	5.00
3.13024	437.00	0	5.00
3.13579	342.00	0	5.00
3.14023	287.00	1	5.00
3.14587	261.00	0	5.00
3.15044	249.00	0	5.00
3.15600	252.00	0	5.00
3.16048	246.00	0	5.00
3.16607	244.00	0	5.00
3.17082	255.00	0	5.00
3.17546	248.00	0	5.00
3.18099	254.00	0	5.00
3.18550	279.00	0	5.00
3.19103	334.00	1	5.00
3.19552	395.00	0	4.98
3.20104	412.00	0	4.98
3.20554	424.00	0	4.98
3.21005	427.00	0	4.98
3.21560	431.00	0	4.98
3.22006	439.00	0	4.98
3.22563	435.00	0	4.98
3.23014	437.00	0	4.98
3.23506	376.00	1	4.98
3.24094	300.00	0	4.98
3.24581	267.00	0	5.00
3.25054	252.00	0	5.00
3.25516	250.00	0	5.00
3.26095	241.00	0	5.00
3.26560	235.00	0	5.00
3.27033	241.00	0	5.00
3.27520	235.00	0	5.00
3.28105	247.00	0	5.00
3.28578	285.00	1	5.00
3.29049	343.00	0	4.99
3.29511	410.00	0	4.99
3.30072	428.00	0	4.99
3.30520	445.00	0	4.99
3.31080	448.00	0	4.99
3.31526	448.00	0	4.99
3.32081	452.00	0	4.99
3.32529	445.00	0	4.99
3.33084	439.00	0	4.99
3.33530	372.00	1	4.99
3.34089	294.00	0	5.13
3.34537	264.00	0	5.13
3.35091	251.00	0	5.13
3.35537	255.00	0	5.13
3.36092	249.00	0	5.13
3.36539	247.00	0	5.13
3.37093	257.00	0	5.13
3.37539	252.00	0	5.13
3.38093	253.00	0	5.13
3.38541	277.00	0	5.13
3.39101	329.00	1	5.13
3.39546	392.00	0	5.13
3.40101	406.00	0	5.00
3.40550	426.00	0	5.00
3.41105	430.00	0	5.00
3.41550	432.00	0	5.00
3.42004	439.00	0	5.00
3.42576	435.00	0	5.00
3.43024	440.00	0	5.00
3.43583	391.00	1	5.00
3.44033	321.00	0	5.00
3.44590	270.00	0	4.98
3.45036	253.00	0	4.98
3.45591	249.00	0	4.98
3.46038	241.00	0	4.98
3.46598	234.00	0	4.98
3.47044	241.00	0	4.98
3.47598	237.00	0	4.98
3.48050	248.00	0	4.98
3.48500	274.00	0	4.98
3.49054	341.00	1	4.98
3.49502	407.00	0	4.88
3.50058	429.00	0	4.88
3.50512	446.00	0	4.88
3.51070	446.00	0	4.88
3.51517	448.00	0	4.88
3.52069	453.00	0	4.88
3.52518	447.00	0	4.88
3.53070	443.00	0	4.88
3.53518	376.00	1	4.88
3.54076	296.00	0	4.88
3.54526	264.00	0	5.00
3.55079	250.00	0	5.00
3.55526	254.00	0	5.00
3.56078	248.00	0	5.00
3.56528	246.00	0	5.00
3.57081	256.00	0	5.00
3.57529	252.00	0	5.00
3.58082	254.00	0	5.00
3.58531	272.00	0	5.00
3.59083	319.00	1	5.00
3.59531	384.00	0	5.00
3.60083	408.00	0	5.00
3.60532	424.00	0	5.00
3.61084	430.00	0	5.00
3.61536	429.00	0	5.00
3.62093	439.00	0	5.00
3.62542	435.00	0	5.00
3.63094	437.00	0	5.00
3.63542	394.00	1	5.00
3.64100	310.00	0	5.00
3.64554	273.00	0	5.01
3.65106	252.00	0	5.01
3.65559	249.00	0	5.01
3.66010	241.00	0	5.01
3.66566	235.00	0	5.01
3.67012	241.00	0	5.01
3.67571	236.00	0	5.01
3.68021	247.00	0	5.01
3.68584	275.00	0	5.01
3.69030	326.00	1	5.01
3.69584	407.00	0	5.01
3.70030	426.00	0	5.01
3.70586	444.00	0	5.01
3.71032	446.00	0	5.01
3.71584	446.00	0	5.01
3.72032	451.00	0	5.01
3.72591	445.00	0	5.01
3.73044	444.00	0	5.01
3.73594	360.00	1	5.01
3.74050	295.00	0	4.98
3.74603	262.00	0	4.98
3.75049	250.00	0	4.98
3.75607	252.00	0	4.98
3.76056	248.00	0	4.98
3.76607	245.00	0	4.98
3.77063	257.00	0	4.98
3.77505	251.00	0	4.98
3.78062	254.00	0	4.98
3.78506	271.00	0	4.98
3.79063	320.00	1	4.98
3.79505	383.00	0	4.98
3.80068	408.00	0	5.00
3.80513	424.00	0	5.00
3.81069	428.00	0	5.00
3.81521	428.00	0	5.00
3.82079	439.00	0	5.00
3.82526	433.00	0	5.00
3.83080	437.00	0	5.00
3.83591	371.00	1	5.00
3.84110	297.00	0	4.99
3.84518	268.00	0	4.99
3.85029	251.00	0	4.99
3.85544	249.00	0	4.99
3.86056	240.00	0	4.99
3.86573	235.00	0	4.99
3.87083	241.00	0	4.99
3.87597	236.00	0	4.99
3.88003	247.00	0	4.99
3.88520	275.00	0	4.99
3.89030	338.00	1	4.99
3.89544	412.00	0	5.00
3.90056	429.00	0	5.00
3.90572	446.00	0	5.00
3.91082	448.00	0	5.00
3.91603	447.00	0	5.00
3.92008	450.00	0	5.00
3.92532	439.00	0	5.00
3.93043	430.00	0	5.00
3.93584	334.00	0	5.00
3.94044	278.00	1	5.00
3.94575	260.00	0	5.00
3.95007	250.00	0	4.89
3.95543	253.00	0	4.89
3.96078	249.00	0	4.89
3.96501	248.00	0	4.89
3.97038	258.00	0	4.89
3.97566	251.00	0	4.89
3.98100	258.00	0	4.89
3.98530	283.00	0	4.89
3.99066	344.00	1	4.89
3.99597	406.00	0	5.00
4.00022	412.00	0	5.00
4.00558	427.00	0	5.00
4.01086	431.00	0	5.00
4.01510	433.00	0	5.00
4.02039	439.00	0	5.00
4.02573	435.00	0	5.00
4.03002	426.00	0	5.00
4.03531	337.00	1	5.00
4.04066	275.00	0	5.01
4.04607	259.00	0	5.01
4.05039	247.00	0	5.01
4.05567	244.00	0	5.01
4.06102	239.00	0	5.01
4.06531	235.00	0	5.01
4.07084	243.00	0	5.01
4.07517	238.00	0	5.01
4.08057	259.00	0	5.01
4.08599	321.00	1	5.01
4.09029	382.00	0	5.01
4.09569	430.00	0	5.11
4.10106	438.00	0	5.11
4.10539	449.00	0	5.11
4.11076	449.00	0	5.11
4.11504	447.00	0	5.11
4.12044	450.00	0	5.11
4.12582	432.00	0	5.11
4.13030	361.00	1	5.11
4.13589	287.00	0	5.11
4.14048	257.00	0	5.27
4.14591	257.00	0	5.27
4.15052	248.00	0	5.27
4.15604	248.00	0	5.27
4.16054	248.00	0	5.27
4.16607	250.00	0	5.27
4.17054	258.00	0	5.27
4.17603	250.00	0	5.27
4.18060	277.00	0	5.27
4.18505	317.00	1	5.27
4.19061	388.00	0	5.14
4.19502	414.00	0	5.14
4.20054	419.00	0	5.14
4.20503	432.00	0	5.14
4.21057	431.00	0	5.14
4.21518	434.00	0	5.14
4.22088	441.00	0	5.14
4.22547	423.00	0	5.14
4.23003	362.00	1	5.14
4.23527	295.00	0	5.14
4.24086	257.00	0	5.14
4.24506	257.00	0	5.14
4.25030	243.00	0	5.14
4.25546	242.00	0	5.14
4.26060	237.00	0	5.14
4.26584	236.00	0	5.14
4.27095	244.00	0	5.14
4.27609	248.00	0	5.14
4.28013	287.00	1	5.14
4.28526	350.00	0	5.14
4.29050	416.00	0	5.15
4.29583	440.00	0	5.15
4.30023	441.00	0	5.15
4.30569	450.00	0	5.15
4.31109	450.00	0	5.15
4.31544	445.00	0	5.15
4.32080	449.00	0	5.15
4.32600	392.00	1	5.15
4.33005	328.00	0	5.15
4.33561	269.00	0	5.11
4.34011	255.00	0	5.11
4.34567	256.00	0	5.11
4.35009	248.00	0	5.11
4.35564	250.00	0	5.11
4.36009	247.00	0	5.11
4.36566	253.00	0	5.11
4.37009	257.00	0	5.11
4.37579	260.00	0	5.11
4.38084	309.00	1	5.11
4.38581	376.00	0	5.11
4.39035	403.00	0	5.11
4.39600	424.00	0	5.11
4.40049	425.00	0	5.11
4.40503	436.00	0	5.11
4.41060	436.00	0	5.11
4.41503	438.00	0	5.11
4.42064	441.00	0	5.11
4.42511	397.00	1	5.11
4.43068	320.00	0	5.13
4.43589	270.00	0	5.13
4.44007	256.00	0	5.13
4.44531	252.00	0	5.13
4.45055	238.00	0	5.13
4.45573	240.00	0	5.13
4.46097	239.00	0	5.13
4.46527	238.00	0	5.13
4.47052	250.00	0	5.13
4.47570	279.00	1	5.13
4.48092	356.00	0	5.11
4.48506	408.00	0	5.11
4.49025	432.00	0	5.11
4.49546	447.00	0	5.11
4.50065	444.00	0	5.11
4.50586	450.00	0	5.11
4.51102	449.00	0	5.11
4.51514	447.00	0	5.11
4.52028	427.00	0	5.11
4.52551	329.00	0	5.11
4.53011	284.00	1	5.11
4.53551	255.00	0	4.90
4.54091	250.00	0	4.90
4.54525	253.00	0	4.90
4.55060	244.00	0	4.90
4.55601	251.00	0	4.90
4.56032	254.00	0	4.90
4.56572	251.00	0	4.90
4.57007	261.00	0	4.90
4.57542	295.00	1	4.90
4.58081	375.00	0	5.14
4.58510	400.00	0	5.14
4.59050	418.00	0	5.14
4.59585	430.00	0	5.14
4.60013	428.00	0	5.14
4.60556	437.00	0	5.14
4.61091	437.00	0	5.14
4.61522	438.00	0	5.14
4.62058	408.00	0	5.14
4.62599	321.00	1	5.14
4.63025	283.00	0	5.14
4.63558	257.00	0	4.98
4.64077	247.00	0	4.98
4.64603	245.00	0	4.98
4.65012	234.00	0	4.98
4.65527	241.00	0	4.98
4.66053	240.00	0	4.98
4.66574	245.00	0	4.98
4.67098	288.00	1	4.98
4.67510	335.00	0	4.98
4.68030	411.00	0	5.12
4.68551	433.00	0	5.12
4.69071	443.00	0	5.12
4.69586	451.00	0	5.12
4.70106	447.00	0	5.12
4.70518	451.00	0	5.12
4.71045	447.00	0	5.12
4.71561	434.00	0	5.12
4.72082	348.00	1	5.12
4.72600	276.00	0	5.12
4.73016	262.00	0	5.12
4.73552	255.00	0	5.24
4.74091	249.00	0	5.24
4.74524	251.00	0	5.24
4.75058	245.00	0	5.24
4.75596	257.00	0	5.24
4.76024	251.00	0	5.24
4.76565	261.00	0	5.24
4.77100	309.00	1	5.24
4.77526	360.00	0	5.24
4.78066	407.00	0	5.11
4.78601	420.00	0	5.11
4.79032	425.00	0	5.11
4.79566	435.00	0	5.11
4.80106	433.00	0	5.11
4.80534	439.00	0	5.11
4.81073	437.00	0	5.11
4.81500	420.00	0	5.11
4.82042	337.00	1	5.11
4.82582	271.00	0	5.14
4.83010	260.00	0	5.14
4.83553	249.00	0	5.14
4.84072	239.00	0	5.14
4.84598	242.00	0	5.14
4.85007	234.00	0	5.14
4.85527	242.00	0	5.14
4.86043	245.00	0	5.14
4.86565	279.00	1	5.14
4.87085	352.00	0	5.14
4.87604	412.00	0	5.14
4.88015	434.00	0	5.14
4.88532	440.00	0	5.14
4.89051	447.00	0	5.14
4.89564	452.00	0	5.14
4.90086	445.00	0	5.14
4.90604	450.00	0	5.14
4.91016	435.00	0	5.14
4.91532	350.00	1	5.14
4.92053	286.00	0	5.14
4.92570	254.00	0	5.14
4.93086	255.00	0	5.14
4.93503	249.00	0	5.14
4.94044	247.00	0	5.14
4.94583	254.00	0	5.14
4.95012	251.00	0	5.14
4.95554	256.00	0	5.14
4.96091	266.00	0	5.14
4.96531	298.00	1	5.14
4.97064	376.00	0	5.14
4.97600	403.00	0	5.15
4.98029	421.00	0	5.15
4.98568	427.00	0	5.15
4.99102	430.00	0	5.15
4.99531	436.00	0	5.15
5.00071	434.00	0	5.15
5.00606	438.00	0	5.15
5.01038	398.00	1	5.15
5.01572	316.00	0	5.15
5.02015	275.00	0	5.26
5.02554	251.00	0	5.26
5.03093	248.00	0	5.26
5.03519	240.00	0	5.26
5.04038	236.00	0	5.26
5.04560	241.00	0	5.26
5.05075	236.00	0	5.26
5.05598	248.00	0	5.26
5.06010	273.00	0	5.26
5.06532	339.00	1	5.26
5.07068	418.00	0	5.26
5.07604	429.00	0	5.01
5.08016	445.00	0	5.01
5.08539	445.00	0	5.01
5.09053	448.00	0	5.01
5.09571	450.00	0	5.01
5.10092	442.00	0	5.01
5.10505	440.00	0	5.01
5.11026	347.00	0	5.01
5.11591	275.00	1	5.01
5.12005	260.00	0	4.99
5.12523	250.00	0	4.99
5.13042	253.00	0	4.99
5.13558	246.00	0	4.99
5.14102	247.00	0	4.99
5.14550	259.00	0	4.99
5.15106	251.00	0	4.99
5.15541	259.00	0	4.99
5.16081	292.00	0	4.99
5.16514	342.00	1	4.99
5.17044	401.00	0	4.99
5.17582	412.00	0	5.00
5.18005	429.00	0	5.00
5.18547	427.00	0	5.00
5.19075	433.00	0	5.00
5.19606	439.00	0	5.00
5.20029	434.00	0	5.00
5.20562	425.00	0	5.00
5.21090	338.00	1	5.00
5.21517	286.00	0	5.00
5.22056	261.00	0	4.99
5.22586	247.00	0	4.99
5.23010	246.00	0	4.99
5.23540	237.00	0	4.99
5.24074	236.00	0	4.99
5.24511	240.00	0	4.99
5.25047	236.00	0	4.99
5.25593	259.00	0	4.99
5.26034	300.00	1	4.99
5.26580	375.00	0	5.13
5.27003	422.00	0	5.13
5.27536	433.00	0	5.13
5.28066	448.00	0	5.13
5.28600	449.00	0	5.13
5.29020	446.00	0	5.13
5.29551	449.00	0	5.13
5.30081	441.00	0	5.13
5.30503	411.00	0	5.13
5.31045	318.00	0	5.13
5.31504	269.00	1	5.13
5.32035	257.00	0	5.02
5.32564	250.00	0	5.02
5.33103	249.00	0	5.02
5.33532	246.00	0	5.02
5.34072	248.00	0	5.02
5.34601	258.00	0	5.02
5.35027	250.00	0	5.02
5.35562	263.00	0	5.02
5.36100	302.00	1	5.02
5.36526	355.00	0	5.02
5.37053	405.00	0	5.02
5.37584	414.00	0	5.11
5.38006	428.00	0	5.11
5.38539	429.00	0	5.11
5.39070	435.00	0	5.11
5.39602	439.00	0	5.11
5.40024	434.00	0	5.11
5.40557	413.00	0	5.11
5.41085	328.00	1	5.11
5.41505	280.00	0	5.11
5.42035	259.00	0	5.00
5.42564	246.00	0	5.00
5.43096	243.00	0	5.00
5.43525	236.00	0	5.00
5.44066	234.00	0	5.00
5.44600	241.00	0	5.00
5.45027	237.00	0	5.00
5.45563	259.00	0	5.00
5.46096	317.00	1	5.00
5.46518	377.00	0	5.00
5.47045	426.00	0	5.00
5.47577	437.00	0	4.98
5.48006	448.00	0	4.98
5.48539	446.00	0	4.98
5.49073	446.00	0	4.98
5.49606	449.00	0	4.98
5.50028	440.00	0	4.98
5.50569	368.00	1	4.98
5.51004	303.00	0	4.98
5.51540	261.00	0	4.98
5.52077	258.00	0	5.25
5.52503	248.00	0	5.25
5.53041	251.00	0	5.25
5.53576	248.00	0	5.25
5.54013	249.00	0	5.25
5.54565	258.00	0	5.25
5.55111	250.00	0	5.25
5.55535	268.00	0	5.25
5.56072	310.00	1	5.25
5.56606	380.00	0	5.01
5.57027	408.00	0	5.01
5.57567	416.00	0	5.01
5.58095	431.00	0	5.01
5.58524	429.00	0	5.01
5.59059	433.00	0	5.01
5.59591	440.00	0	5.01
5.60014	431.00	0	5.01
5.60542	380.00	1	5.01
5.61080	305.00	0	5.14
5.61607	260.00	0	5.14
5.62034	257.00	0	5.14
5.62567	244.00	0	5.14
5.63107	241.00	0	5.14
5.63527	236.00	0	5.14
5.64061	235.00	0	5.14
5.64607	242.00	0	5.14
5.65036	240.00	0	5.14
5.65568	275.00	1	5.14
5.66102	341.00	0	5.14
5.66528	402.00	0	5.14
5.67055	434.00	0	5.14
5.67589	437.00	0	5.14
5.68012	449.00	0	5.14
5.68545	447.00	0	5.14
5.69072	447.00	0	5.14
5.69605	450.00	0	5.14
5.70029	433.00	0	5.14
5.70565	347.00	1	5.14
5.71096	282.00	0	5.00
5.71516	257.00	0	5.00
5.72049	256.00	0	5.00
5.72578	246.00	0	5.00
5.73001	250.00	0	5.00
5.73528	246.00	0	5.00
5.74063	249.00	0	5.00
5.74593	258.00	0	5.00
5.75020	248.00	0	5.00
5.75551	278.00	0	5.00
5.76080	328.00	1	5.00
5.76505	385.00	0	5.00
5.77034	413.00	0	5.00
5.77565	419.00	0	5.00
5.78094	430.00	0	5.00
5.78527	430.00	0	5.00
5.79061	435.00	0	5.00
5.79600	442.00	0	5.00
5.80021	430.00	0	5.00
5.80550	367.00	1	5.00
5.81081	299.00	0	5.00
5.81505	264.00	0	5.00
5.82036	257.00	0	5.00
5.82565	242.00	0	5.00
5.83097	240.00	0	5.00
5.83516	235.00	0	5.00
5.84050	235.00	0	5.00
5.84584	243.00	0	5.00
5.85006	242.00	0	5.00
5.85545	289.00	1	5.00
5.86075	357.00	0	5.00
5.86500	411.00	0	5.01
5.87030	436.00	0	5.01
5.87568	440.00	0	5.01
5.88097	449.00	0	5.01
5.88531	446.00	0	5.01
5.89065	447.00	0	5.01
5.89604	451.00	0	5.01
5.90025	425.00	0	5.01
5.90553	339.00	1	5.01
5.91084	277.00	0	5.00
5.91503	257.00	0	5.00
5.92033	255.00	0	5.00
5.92573	245.00	0	5.00
5.93019	250.00	0	5.00
5.93548	248.00	0	5.00
5.94088	252.00	0	5.00
5.94511	257.00	0	5.00
5.95041	251.00	0	5.00
5.95572	295.00	1	5.00
5.96004	341.00	0	5.00
5.96538	400.00	0	5.13
5.97076	420.00	0	5.13
5.97508	422.00	0	5.13
5.98035	432.00	0	5.13
5.98570	437.00	0	5.13
5.99038	435.00	0	5.13
5.99580	439.00	0	5.13
6.00006	426.00	0	5.13
6.00540	356.00	1	5.13
6.01079	289.00	0	5.00
6.01605	255.00	0	5.00
6.02038	254.00	0	5.00
6.02568	240.00	0	5.00
6.03099	244.00	0	5.00
6.03521	236.00	0	5.00
6.04057	236.00	0	5.00
6.04596	245.00	0	5.00
6.05017	252.00	0	5.00
6.05549	319.00	1	5.00
6.06078	394.00	0	5.00
6.06510	424.00	0	5.00
6.07081	443.00	0	5.00
6.07521	441.00	0	5.00
6.08057	450.00	0	5.00
6.08593	446.00	0	5.00
6.09026	447.00	0	5.00
6.09557	443.00	0	5.00
6.10094	351.00	0	5.00
6.10560	297.00	1	5.00
6.11087	257.00	0	5.00
6.11514	253.00	0	5.00
6.12047	254.00	0	5.00
6.12583	242.00	0	5.00
6.13014	252.00	0	5.00
6.13548	251.00	0	5.00
6.14085	251.00	0	5.00
6.14511	258.00	0	5.00
6.15070	291.00	1	5.00
6.15602	366.00	0	5.00
6.16094	402.00	0	5.13
6.16538	415.00	0	5.13
6.17068	429.00	0	5.13
6.17603	427.00	0	5.13
6.18033	438.00	0	5.13
6.18569	434.00	0	5.13
6.19103	435.00	0	5.13
6.19535	426.00	0	5.13
6.20068	337.00	1	5.13
6.20608	280.00	0	5.12
6.21028	256.00	0	5.12
6.21562	248.00	0	5.12
6.22102	245.00	0	5.12
6.22525	235.00	0	5.12
6.23056	240.00	0	5.12
6.23590	239.00	0	5.12
6.24019	243.00	0	5.12
6.24558	268.00	0	5.12
6.25095	324.00	1	5.12
6.25515	392.00	0	5.12
6.26048	425.00	0	5.12
6.26581	440.00	0	5.12
6.27001	447.00	0	5.12
6.27539	444.00	0	5.12
6.28073	449.00	0	5.12
6.28606	448.00	0	5.12
6.29033	442.00	0	5.12
6.29564	380.00	1	5.12
6.30097	296.00	0	5.12
6.30519	266.00	0	5.12
6.31057	253.00	0	5.26
6.31583	249.00	0	5.26
6.32009	250.00	0	5.26
6.32545	243.00	0	5.26
6.33076	254.00	0	5.26
6.33602	255.00	0	5.26
6.34031	252.00	0	5.26
6.34567	278.00	0	5.26
6.35099	321.00	1	5.26
6.35518	384.00	0	5.26
6.36047	406.00	0	5.26
6.36580	420.00	0	4.99
6.37107	432.00	0	4.99
6.37533	429.00	0	4.99
6.38061	438.00	0	4.99
6.38594	435.00	0	4.99
6.39016	436.00	0	4.99
6.39547	391.00	1	4.99
6.40083	308.00	0	4.99
6.40518	273.00	0	4.99
6.41056	255.00	0	5.13
6.41598	244.00	0	5.13
6.42032	244.00	0	5.13
6.42570	235.00	0	5.13
6.43101	239.00	0	5.13
6.43527	236.00	0	5.13
6.44064	241.00	0	5.13
6.44603	273.00	0	5.13
6.45033	314.00	1	5.13
6.45574	396.00	0	5.02
6.46003	422.00	0	5.02
6.46544	437.00	0	5.02
6.47075	447.00	0	5.02
6.47503	445.00	0	5.02
6.48034	451.00	0	5.02
6.48573	447.00	0	5.02
6.49104	442.00	0	5.02
6.49528	408.00	1	5.02
6.50064	313.00	0	5.01
6.50524	272.00	0	5.01
6.51061	253.00	0	5.01
6.51594	250.00	0	5.01
6.52029	252.00	0	5.01
6.52565	244.00	0	5.01
6.53102	251.00	0	5.01
6.53533	253.00	0	5.01
6.54069	253.00	0	5.01
6.54502	257.00	0	5.01
6.55043	283.00	0	5.01
6.55594	354.00	1	5.01
6.56024	393.00	0	5.01
6.56566	414.00	0	4.88
6.57106	430.00	0	4.88
6.57537	426.00	0	4.88
6.58080	436.00	0	4.88
6.58510	435.00	0	4.88
6.59050	437.00	0	4.88
6.59584	432.00	0	4.88
6.60016	360.00	1	4.88
6.60551	300.00	0	4.88
6.61089	259.00	0	4.89
6.61513	253.00	0	4.89
6.62045	248.00	0	4.89
6.62580	235.00	0	4.89
6.63009	240.00	0	4.89
6.63547	236.00	0	4.89
6.64085	237.00	0	4.89
6.64503	246.00	0	4.89
6.65024	264.00	0	4.89
6.65547	332.00	1	4.89
6.66063	401.00	0	4.89
6.66583	429.00	0	4.87
6.67098	445.00	0	4.87
6.67504	444.00	0	4.87
6.68021	450.00	0	4.87
6.68543	445.00	0	4.87
6.69062	447.00	0	4.87
6.69577	445.00	0	4.87
6.70097	367.00	1	4.87
6.70508	311.00	0	4.87
6.71031	259.00	0	4.86
6.71543	253.00	0	4.86
6.72065	255.00	0	4.86
6.72581	244.00	0	4.86
6.73100	249.00	0	4.86
6.73507	246.00	0	4.86
6.74030	253.00	0	4.86
6.74556	255.00	0	4.86
6.75092	260.00	0	4.86
6.75516	299.00	1	4.86
6.76048	359.00	0	4.86
6.76584	403.00	0	5.02
6.77008	418.00	0	5.02
6.77545	423.00	0	5.02
6.78075	433.00	0	5.02
6.78505	431.00	0	5.02
6.79040	436.00	0	5.02
6.79575	440.00	0	5.02
6.80106	408.00	0	5.02
6.80531	346.00	1	5.02
6.81067	282.00	0	4.87
6.81599	255.00	0	4.87
6.82028	254.00	0	4.87
6.82563	240.00	0	4.87
6.83099	239.00	0	4.87
6.83522	235.00	0	4.87
6.84062	235.00	0	4.87
6.84604	243.00	0	4.87
6.85031	242.00	0	4.87
6.85569	286.00	1	4.87
6.86104	350.00	0	4.87
6.86535	409.00	0	4.99
6.87068	434.00	0	4.99
6.87606	440.00	0	4.99
6.88032	451.00	0	4.99
6.88570	446.00	0	4.99
6.89102	447.00	0	4.99
6.89528	448.00	0	4.99
6.90068	428.00	0	4.99
6.90602	343.00	1	4.99
6.91031	286.00	0	4.88
6.91563	256.00	0	4.88
6.92000	256.00	0	4.88
6.92534	250.00	0	4.88
6.93071	249.00	0	4.88
6.93603	248.00	0	4.88
6.94032	249.00	0	4.88
6.94570	257.00	0	4.88
6.95102	248.00	0	4.88
6.95534	271.00	0	4.88
6.96074	309.00	1	4.88
6.96504	370.00	0	4.86
6.97041	409.00	0	4.86
6.97577	415.00	0	4.86
6.98004	430.00	0	4.86
6.98539	428.00	0	4.86
6.99076	434.00	0	4.86
6.99501	439.00	0	4.86
7.00038	433.00	0	4.86
7.00572	402.00	0	4.86
7.01001	330.00	1	4.86
7.01534	278.00	0	4.86
7.02072	260.00	0	4.89
7.02605	246.00	0	4.89
7.03032	246.00	0	4.89
7.03569	237.00	0	4.89
7.04104	233.00	0	4.89
7.04543	240.00	0	4.89
7.05077	237.00	0	4.89
7.05507	253.00	0	4.89
7.06042	293.00	1	4.89
7.06522	359.00	0	4.89
7.07032	422.00	0	4.88
7.07576	433.00	0	4.88
7.08009	447.00	0	4.88
7.08541	444.00	0	4.88
7.09080	448.00	0	4.88
7.09506	449.00	0	4.88
7.10046	444.00	0	4.88
7.10575	408.00	1	4.88
7.11106	319.00	0	5.01
7.11537	275.00	0	5.01
7.12072	259.00	0	5.01
7.12605	249.00	0	5.01
7.13024	254.00	0	5.01
7.13554	245.00	0	5.01
7.14097	245.00	0	5.01
7.14575	255.00	0	5.01
7.15098	250.00	0	5.01
7.15508	256.00	0	5.01
7.16022	272.00	0	5.01
7.16541	329.00	1	5.01
7.17062	396.00	0	4.89
7.17577	410.00	0	4.89
7.18096	427.00	0	4.89
7.18607	428.00	0	4.89
7.19012	432.00	0	4.89
7.19520	436.00	0	4.89
7.20033	434.00	0	4.89
7.20544	434.00	0	4.89
7.21056	361.00	1	4.89
7.21571	297.00	0	4.89
7.22084	265.00	0	4.99
7.22594	249.00	0	4.99
7.23107	247.00	0	4.99
7.23510	238.00	0	4.99
7.24036	236.00	0	4.99
7.24577	240.00	0	4.99
7.25050	234.00	0	4.99
7.25598	248.00	0	4.99
7.26021	270.00	0	4.99
7.26561	341.00	1	4.99
7.27089	413.00	0	4.99
7.27512	427.00	0	4.87
7.28040	445.00	0	4.87
7.28573	448.00	0	4.87
7.29107	447.00	0	4.87
7.29539	451.00	0	4.87
7.30067	444.00	0	4.87
7.30599	435.00	0	4.87
7.31025	358.00	1	4.87
7.31559	291.00	0	4.87
7.32090	261.00	0	4.89
7.32518	250.00	0	4.89
7.33048	254.00	0	4.89
7.33574	247.00	0	4.89
7.34106	244.00	0	4.89
7.34531	253.00	0	4.89
7.35062	250.00	0	4.89
7.35587	255.00	0	4.89
7.36007	263.00	0	4.89
7.36540	312.00	1	4.89
7.37073	383.00	0	4.89
7.37602	406.00	0	5.00
7.38022	424.00	0	5.00
7.38553	425.00	0	5.00
7.39079	431.00	0	5.00
7.39501	437.00	0	5.00
7.40039	435.00	0	5.00
7.40572	441.00	0	5.00
7.41098	391.00	1	5.00
7.41517	331.00	0	5.00
7.42049	278.00	0	4.99
7.42578	253.00	0	4.99
7.43002	254.00	0	4.99
7.43528	240.00	0	4.99
7.44060	237.00	0	4.99
7.44592	241.00	0	4.99
7.45027	236.00	0	4.99
7.45555	249.00	0	4.99
7.46088	286.00	1	4.99
7.46509	343.00	0	4.99
7.47038	414.00	0	4.99
7.47567	431.00	0	5.12
7.48099	446.00	0	5.12
7.48524	445.00	0	5.12
7.49057	449.00	0	5.12
7.49594	451.00	0	5.12
7.50042	444.00	0	5.12
7.50584	431.00	0	5.12
7.51037	348.00	1	5.12
7.51586	280.00	0	5.00
7.52017	259.00	0	5.00
7.52554	250.00	0	5.00
7.53093	252.00	0	5.00
7.53517	245.00	0	5.00
7.54080	246.00	0	5.00
7.54511	255.00	0	5.00
7.55035	250.00	0	5.00
7.55558	263.00	0	5.00
7.56083	299.00	1	5.00
7.56600	369.00	0	5.00
7.57008	403.00	0	5.00
7.57527	415.00	0	5.12
7.58039	427.00	0	5.12
7.58560	428.00	0	5.12
7.59075	434.00	0	5.12
7.59594	438.00	0	5.12
7.60002	433.00	0	5.12
7.60523	421.00	0	5.12
7.61038	334.00	1	5.12
7.61553	277.00	0	5.01
7.62069	260.00	0	5.01
7.62589	245.00	0	5.01
7.63104	244.00	0	5.01
7.63514	235.00	0	5.01
7.64028	237.00	0	5.01
7.64559	241.00	0	5.01
7.65099	241.00	0	5.01
7.65525	278.00	1	5.01
7.66066	342.00	0	5.14
7.66602	408.00	0	5.14
7.67030	432.00	0	5.14
7.67563	439.00	0	5.14
7.68104	449.00	0	5.14
7.68534	446.00	0	5.14
7.69073	446.00	0	5.14
7.69604	449.00	0	5.14
7.70031	435.00	0	5.14
7.70569	350.00	1	5.14
7.71101	280.00	0	5.14
7.71531	258.00	0	5.12
7.72065	256.00	0	5.12
7.72602	246.00	0	5.12
7.73026	249.00	0	5.12
7.73567	247.00	0	5.12
7.74103	252.00	0	5.12
7.74532	255.00	0	5.12
7.75070	256.00	0	5.12
7.75601	300.00	1	5.12
7.76032	348.00	0	5.12
7.76566	400.00	0	5.12
7.77102	421.00	0	5.12
7.77526	420.00	0	5.12
7.78063	435.00	0	5.12
7.78597	432.00	0	5.12
7.79023	436.00	0	5.12
7.79559	440.00	0	5.12
7.80091	410.00	0	5.12
7.80522	346.00	1	5.12
7.81054	281.00	0	5.12
7.81591	255.00	0	5.13
7.82017	252.00	0	5.13
7.82558	239.00	0	5.13
7.83090	240.00	0	5.13
7.83514	234.00	0	5.13
7.84052	237.00	0	5.13
7.84588	246.00	0	5.13
7.85024	259.00	0	5.13
7.85558	328.00	1	5.13
7.86096	399.00	0	4.99
7.86525	428.00	0	4.99
7.87060	443.00	0	4.99
7.87592	443.00	0	4.99
7.88019	452.00	0	4.99
7.88556	445.00	0	4.99
7.89088	444.00	0	4.99
7.89517	444.00	0	4.99
7.90051	366.00	1	4.99
7.90588	295.00	0	5.13
7.91015	259.00	0	5.13
7.91551	253.00	0	5.13
7.92085	254.00	0	5.13
7.92511	245.00	0	5.13
7.93050	251.00	0	5.13
7.93582	252.00	0	5.13
7.94012	254.00	0	5.13
7.94556	255.00	0	5.13
7.95095	277.00	0	5.13
7.95520	329.00	1	5.13
7.96062	390.00	0	5.02
7.96595	413.00	0	5.02
7.97024	425.00	0	5.02
7.97561	426.00	0	5.02
7.98096	438.00	0	5.02
7.98528	433.00	0	5.02
7.99060	436.00	0	5.02
7.99596	431.00	0	5.02
8.00023	360.00	1	5.02
8.00561	298.00	0	5.13
8.01094	257.00	0	5.13
8.01517	253.00	0	5.13
8.02055	246.00	0	5.13
8.02590	235.00	0	5.13
8.03020	240.00	0	5.13
8.03553	236.00	0	5.13
8.04091	238.00	0	5.13
8.04519	249.00	0	5.13
8.05067	291.00	1	5.13
8.05585	368.00	0	5.13
8.06107	419.00	0	5.13
8.06518	436.00	0	5.13
8.07070	446.00	0	5.13
8.07502	445.00	0	5.13
8.08020	451.00	0	5.13
8.08543	444.00	0	5.13
8.09057	444.00	0	5.13
8.09582	397.00	1	5.13
8.10099	307.00	0	5.13
8.10558	268.00	0	5.12
8.11073	253.00	0	5.12
8.11592	251.00	0	5.12
8.12004	252.00	0	5.12
8.12520	244.00	0	5.12
8.13038	253.00	0	5.12
8.13557	253.00	0	5.12
8.14074	251.00	0	5.12
8.14598	267.00	0	5.12
8.15039	291.00	1	5.12
8.15577	367.00	0	5.12
8.16016	398.00	0	5.12
8.16552	418.00	0	5.12
8.17090	429.00	0	5.12
8.17516	427.00	0	5.12
8.18112	436.00	0	5.12
8.18568	434.00	0	5.12
8.19036	436.00	0	5.12
8.19569	399.00	1	5.12
8.20098	313.00	0	5.12
8.20532	276.00	0	5.12
8.21066	254.00	0	5.12
8.21595	246.00	0	5.12
8.22019	244.00	0	5.12
8.22554	234.00	0	5.12
8.23087	239.00	0	5.12
8.23506	235.00	0	5.12
8.24038	241.00	0	5.12
8.24568	262.00	0	5.12
8.25105	314.00	1	5.12
8.25509	381.00	0	5.12
8.26026	421.00	0	4.99
8.26539	439.00	0	4.99
8.27052	447.00	0	4.99
8.27559	446.00	0	4.99
8.28073	450.00	0	4.99
8.28583	445.00	0	4.99
8.29095	438.00	0	4.99
8.29604	357.00	1	4.99
8.30010	296.00	0	4.99
8.30521	265.00	0	4.99
8.31033	253.00	0	4.99
8.31541	251.00	0	4.99
8.32054	248.00	0	4.99
8.32564	244.00	0	4.99
8.33075	253.00	0	4.99
8.33583	254.00	0	4.99
8.34097	251.00	0	4.99
8.34607	275.00	0	4.99
8.35008	302.00	1	4.99
8.35539	380.00	0	5.01
8.36067	406.00	0	5.01
8.36599	419.00	0	5.01
8.37017	429.00	0	5.01
8.37546	429.00	0	5.01
8.38074	439.00	0	5.01
8.38605	434.00	0	5.01
8.39024	435.00	0	5.01
8.39561	375.00	1	5.01
8.40090	302.00	0	5.01
8.40511	272.00	0	5.01
8.41042	253.00	0	5.00
8.41568	247.00	0	5.00
8.42104	244.00	0	5.00
8.42523	236.00	0	5.00
8.43061	240.00	0	5.00
8.43502	238.00	0	5.00
8.44052	243.00	0	5.00
8.44582	280.00	1	5.00
8.45007	327.00	0	5.00
8.45539	408.00	0	5.13
8.46075	431.00	0	5.13
8.46606	443.00	0	5.13
8.47025	446.00	0	5.13
8.47554	445.00	0	5.13
8.48088	450.00	0	5.13
8.48512	443.00	0	5.13
8.49039	430.00	0	5.13
8.49575	340.00	0	5.13
8.50033	281.00	1	5.13
8.50563	260.00	0	5.13
8.51099	251.00	0	4.89
8.51517	252.00	0	4.89
8.52048	249.00	0	4.89
8.52575	245.00	0	4.89
8.53004	257.00	0	4.89
8.53529	252.00	0	4.89
8.54060	253.00	0	4.89
8.54587	294.00	1	4.89
8.55008	338.00	0	4.89
8.55538	402.00	0	5.11
8.56066	413.00	0	5.11
8.56505	426.00	0	5.11
8.57041	432.00	0	5.11
8.57572	431.00	0	5.11
8.58100	439.00	0	5.11
8.58525	434.00	0	5.11
8.59057	411.00	0	5.11
8.59586	334.00	1	5.11
8.60011	281.00	0	5.11
8.60538	262.00	0	5.11
8.61067	249.00	0	4.99
8.61597	241.00	0	4.99
8.62022	239.00	0	4.99
8.62549	233.00	0	4.99
8.63080	241.00	0	4.99
8.63606	243.00	0	4.99
8.64030	259.00	0	4.99
8.64558	326.00	1	4.99
8.65095	396.00	0	5.01
8.65516	434.00	0	5.01
8.66042	438.00	0	5.01
8.66571	446.00	0	5.01
8.67094	451.00	0	5.01
8.67513	445.00	0	5.01
8.68046	452.00	0	5.01
8.68584	431.00	0	5.01
8.69003	358.00	1	5.01
8.69529	290.00	0	5.27
8.70054	253.00	0	5.27
8.70521	257.00	0	5.27
8.71082	249.00	0	5.27
8.71508	246.00	0	5.27
8.72036	248.00	0	5.27
8.72576	249.00	0	5.27
8.73078	257.00	0	5.27
8.73523	250.00	0	5.27
8.74054	284.00	0	5.27
8.74589	356.00	1	5.27
8.75013	393.00	0	5.27
8.75541	418.00	0	5.00
8.76067	424.00	0	5.00
8.76600	428.00	0	5.00
8.77016	435.00	0	5.00
8.77546	431.00	0	5.00
8.78079	440.00	0	5.00
8.78608	416.00	0	5.00
8.79034	349.00	1	5.00
8.79557	292.00	0	5.00
8.80097	254.00	0	5.14
8.80580	255.00	0	5.14
8.81016	241.00	0	5.14
8.81568	236.00	0	5.14
8.82023	239.00	0	5.14
8.82564	234.00	0	5.14
8.83008	245.00	0	5.14
8.83550	259.00	0	5.14
8.84081	324.00	1	5.14
8.84572	400.00	0	5.12
8.85019	423.00	0	5.12
8.85548	443.00	0	5.12
8.86094	445.00	0	5.12
8.86511	449.00	0	5.12
8.87046	451.00	0	5.12
8.87566	444.00	0	5.12
8.88075	448.00	0	5.12
8.88596	375.00	1	5.12
8.89004	313.00	0	5.12
8.89509	265.00	0	5.12
8.90019	253.00	0	5.10
8.90533	256.00	0	5.10
8.91043	247.00	0	5.10
8.91558	247.00	0	5.10
8.92069	254.00	0	5.10
8.92576	250.00	0	5.10
8.93085	256.00	0	5.10
8.93591	280.00	0	5.10
8.94103	336.00	1	5.10
8.94503	389.00	0	5.10
8.95021	409.00	0	5.12
8.95552	426.00	0	5.12
8.96091	427.00	0	5.12
8.96518	434.00	0	5.12
8.97045	436.00	0	5.12
8.97581	432.00	0	5.12
8.98062	437.00	0	5.12
8.98607	369.00	1	5.12
8.99038	310.00	0	5.12
8.99510	266.00	0	5.11
9.00068	250.00	0	5.11
9.00500	251.00	0	5.11
9.01028	237.00	0	5.11
9.01556	237.00	0	5.11
9.02081	240.00	0	5.11
9.02504	238.00	0	5.11
9.03070	254.00	0	5.11
9.03505	287.00	1	5.11
9.04031	361.00	0	5.11
9.04565	422.00	0	5.15
9.05104	435.00	0	5.15
9.05510	448.00	0	5.15
9.06026	444.00	0	5.15
9.06537	448.00	0	5.15
9.07064	450.00	0	5.15
9.07585	438.00	0	5.15
9.08101	401.00	1	5.15
9.08504	326.00	0	5.15
9.09017	272.00	0	5.13
9.09527	256.00	0	5.13
9.10063	248.00	0	5.13
9.10588	251.00	0	5.13
9.11000	245.00	0	5.13
9.11551	250.00	0	5.13
9.12004	256.00	0	5.13
9.12550	249.00	0	5.13
9.13075	279.00	0	5.13
9.13584	324.00	1	5.13
9.14099	388.00	0	5.13
9.14511	412.00	0	5.13
9.15050	418.00	0	5.13
9.15529	432.00	0	5.13
9.16087	431.00	0	5.13
9.16559	435.00	0	5.13
9.17088	439.00	0	5.13
9.17509	431.00	0	5.13
9.18032	370.00	1	5.13
9.18564	296.00	0	5.15
9.19097	258.00	0	5.15
9.19516	255.00	0	5.15
9.20072	241.00	0	5.15
9.20543	242.00	0	5.15
9.21075	235.00	0	5.15
9.21509	237.00	0	5.15
9.22052	243.00	0	5.15
9.22514	247.00	0	5.15
9.23087	310.00	1	5.15
9.23525	362.00	0	5.15
9.24058	420.00	0	5.11
9.24586	442.00	0	5.11
9.25021	441.00	0	5.11
9.25550	451.00	0	5.11
9.26077	446.00	0	5.11
9.26589	447.00	0	5.11
9.27006	444.00	0	5.11
9.27513	393.00	1	5.11
9.28022	315.00	0	5.15
9.28532	259.00	0	5.15
9.29092	252.00	0	5.15
9.29508	253.00	0	5.15
9.30042	245.00	0	5.15
9.30580	251.00	0	5.15
9.31031	249.00	0	5.15
9.31575	253.00	0	5.15
9.32006	253.00	0	5.15
9.32534	269.00	0	5.15
9.33045	324.00	1	5.15
9.33557	384.00	0	5.14
9.34066	410.00	0	5.14
9.34605	426.00	0	5.14
9.35009	426.00	0	5.14
9.35524	437.00	0	5.14
9.36057	433.00	0	5.14
9.36582	437.00	0	5.14
9.37012	430.00	0	5.14
9.37535	352.00	1	5.14
9.38092	287.00	0	5.13
9.38583	256.00	0	5.13
9.39087	249.00	0	5.13
9.39535	245.00	0	5.13
9.40091	234.00	0	5.13
9.40542	240.00	0	5.13
9.41098	237.00	0	5.13
9.41543	241.00	0	5.13
9.42106	270.00	0	5.13
9.42541	310.00	1	5.13
9.43082	397.00	0	5.13
9.43510	422.00	0	5.14
9.44044	440.00	0	5.14
9.44583	447.00	0	5.14
9.45016	444.00	0	5.14
9.45566	449.00	0	5.14
9.46023	442.00	0	5.14
9.46584	433.00	0	5.14
9.47037	354.00	1	5.14
9.47599	276.00	0	5.12
9.48052	260.00	0	5.12
9.48504	250.00	0	5.12
9.49064	250.00	0	5.12
9.49515	248.00	0	5.12
9.50081	246.00	0	5.12
9.50541	259.00	0	5.12
9.51005	252.00	0	5.12
9.51580	259.00	0	5.12
9.52046	298.00	1	5.12
9.52605	365.00	0	5.12
9.53063	406.00	0	5.26
9.53509	413.00	0	5.26
9.54071	425.00	0	5.26
9.54524	434.00	0	5.26
9.55085	431.00	0	5.26
9.55540	439.00	0	5.26
9.56067	433.00	0	5.26
9.56581	374.00	1	5.26
9.57112	303.00	0	5.25
9.57521	261.00	0	5.25
9.58042	258.00	0	5.25
9.58557	243.00	0	5.25
9.59075	238.00	0	5.25
9.59591	239.00	0	5.25
9.60105	228.00	0	5.25
9.60516	243.00	0	5.25
9.61029	245.00	0	5.25
9.61547	291.00	1	5.25
9.62061	365.00	0	5.25
9.62577	414.00	0	5.26
9.63089	439.00	0	5.26
9.63606	443.00	0	5.26
9.64010	451.00	0	5.26
9.64534	447.00	0	5.26
9.65050	444.00	0	5.26
9.65580	444.00	0	5.26
9.66008	376.00	1	5.26
9.66546	297.00	0	5.26
9.67080	261.00	0	5.27
9.67503	251.00	0	5.27
9.68040	256.00	0	5.27
9.68572	246.00	0	5.27
9.69106	247.00	0	5.27
9.69535	253.00	0	5.27
9.70070	251.00	0	5.27
9.70601	255.00	0	5.27
9.71024	270.00	0	5.27
9.71557	326.00	1	5.27
9.72088	396.00	0	5.27
9.72517	409.00	0	5.13
9.73046	426.00	0	5.13
9.73579	427.00	0	5.13
9.74002	434.00	0	5.13
9.74542	436.00	0	5.13
9.75074	433.00	0	5.13
9.75609	409.00	0	5.13
9.76033	334.00	1	5.13
9.76564	277.00	0	5.13
9.77097	260.00	0	5.14
9.77527	247.00	0	5.14
9.78063	246.00	0	5.14
9.78595	237.00	0	5.14
9.79020	237.00	0	5.14
9.79551	239.00	0	5.14
9.80083	239.00	0	5.14
9.80504	263.00	0	5.14
9.81032	318.00	1	5.14
9.81565	401.00	0	5.13
9.82097	433.00	0	5.13
9.82528	439.00	0	5.13
9.83061	449.00	0	5.13
9.83595	446.00	0	5.13
9.84021	449.00	0	5.13
9.84557	448.00	0	5.13
9.85094	411.00	0	5.13
9.85525	339.00	1	5.13
9.86062	273.00	0	5.12
9.86595	255.00	0	5.12
9.87021	254.00	0	5.12
9.87551	247.00	0	5.12
9.88086	250.00	0	5.12
9.88511	244.00	0	5.12
9.89046	254.00	0	5.12
9.89577	256.00	0	5.12
9.90001	254.00	0	5.12
9.90540	299.00	1	5.12
9.91072	367.00	0	5.12
9.91503	404.00	0	5.27
9.92032	420.00	0	5.27
9.92572	426.00	0	5.27
9.93107	434.00	0	5.27
9.93533	433.00	0	5.27
9.94065	437.00	0	5.27
9.94601	438.00	0	5.27
9.95029	380.00	1	5.27
9.95569	311.00	0	5.27
9.96001	264.00	0	5.26
9.96535	255.00	0	5.26
9.97069	249.00	0	5.26
9.97602	236.00	0	5.26
9.98031	241.00	0	5.26
9.98563	235.00	0	5.26
9.99105	239.00	0	5.26
9.99534	251.00	0	5.26
10.00068	297.00	1	5.26
