2.00245	529.00	0	0.00
2.00417	525.00	0	0.00
2.00606	530.00	0	0.00
2.00788	533.00	0	0.00
2.00963	528.00	0	0.00
2.01139	518.00	0	0.00
2.01344	513.00	0	0.00
2.01528	514.00	0	0.00
2.01705	503.00	0	0.00
2.01886	477.00	0	0.00
2.02073	442.00	0	0.00
2.02253	399.00	0	0.00
2.02436	358.00	0	0.00
2.02618	333.00	0	0.00
2.02805	316.00	0	0.00
2.02988	309.00	0	0.00
2.03176	313.00	0	0.00
2.03361	312.00	0	0.00
2.03548	303.00	0	0.00
2.03733	297.00	0	0.00
2.03914	300.00	0	0.00
2.04095	304.00	0	0.00
2.04278	303.00	0	0.00
2.04459	299.00	0	0.00
2.04638	297.00	0	0.00
2.04830	300.00	0	0.00
2.05013	299.00	0	0.00
2.05192	292.00	0	0.00
2.05373	287.00	0	0.00
2.05562	290.00	0	0.00
2.05743	295.00	0	0.00
2.05925	291.00	0	0.00
2.06108	285.00	0	0.00
2.06301	285.00	0	0.00
2.06488	293.00	0	0.00
2.06672	305.00	0	0.00
2.06875	313.00	0	0.00
2.07055	333.00	1	0.00
2.07352	397.00	0	0.00
2.07534	432.00	0	0.00
2.07788	454.00	0	0.00
2.07983	466.00	0	0.00
2.08156	485.00	0	0.00
2.08324	495.00	0	0.00
2.08494	499.00	0	0.00
2.08675	499.00	0	0.00
2.08856	507.00	0	0.00
2.09027	520.00	0	0.00
2.09206	524.00	0	0.00
2.09390	523.00	0	0.00
2.09572	519.00	0	0.00
2.09741	526.00	0	0.00
2.09928	532.00	0	0.00
2.10114	532.00	0	0.00
2.10302	525.00	0	0.00
2.10490	520.00	0	0.00
2.10645	524.00	0	0.00
2.10797	523.00	0	0.00
2.10947	518.00	0	0.00
2.11092	504.00	0	0.00
2.11247	488.00	1	0.00
2.11400	474.00	0	0.00
2.11555	456.00	0	0.00
2.11700	427.00	0	0.00
2.11852	385.00	0	0.00
2.12005	350.00	0	0.00
2.12155	329.00	0	0.00
2.12304	324.00	0	0.00
2.12453	325.00	0	0.00
2.12601	319.00	0	0.00
2.12745	309.00	0	0.00
2.12888	301.00	0	0.00
2.13036	300.00	0	0.00
2.13188	301.00	0	0.00
2.13339	300.00	0	0.00
2.13486	293.00	0	0.00
2.13640	283.00	0	0.00
2.13796	281.00	0	0.00
2.13952	282.00	0	0.00
2.14098	284.00	0	0.00
2.14251	281.00	0	0.00
2.14404	275.00	0	0.00
2.14550	273.00	0	0.00
2.14700	276.00	0	0.00
2.14852	282.00	0	0.00
2.15001	284.00	0	0.00
2.15157	283.00	0	0.00
2.15306	279.00	0	0.00
2.15452	279.00	0	0.00
2.15598	284.00	0	0.00
2.15739	290.00	0	0.00
2.15881	293.00	0	0.00
2.16028	290.00	0	0.00
2.16176	290.00	0	0.00
2.16316	300.00	0	0.00
2.16459	319.00	0	0.00
2.16637	355.00	1	0.00
2.16787	384.00	0	0.00
2.16927	417.00	0	0.00
2.17147	439.00	0	0.00
2.17298	458.00	0	0.00
2.17440	470.00	0	0.00
2.17869	494.00	0	0.00
2.18199	517.00	0	0.00
2.18533	521.00	0	0.00
2.18939	527.00	0	0.00
2.19371	529.00	0	0.00
2.19713	525.00	0	0.00
2.20094	523.00	0	0.00
2.20498	501.00	1	0.00
2.20831	477.00	0	0.00
2.21247	370.00	0	0.00
2.21393	343.00	0	0.00
2.21699	323.00	0	0.00
2.22060	302.00	0	0.00
2.22379	305.00	0	0.00
2.22684	297.00	0	0.00
2.23059	293.00	0	0.00
2.23427	301.00	0	0.00
2.23745	288.00	0	0.00
2.24060	291.00	0	0.00
2.24442	284.00	0	0.00
2.24815	287.00	0	0.00
2.25129	285.00	0	0.00
2.25441	283.00	0	0.00
2.25828	319.00	1	0.00
2.26255	381.00	0	0.00
2.26579	443.00	0	0.00
2.26903	466.00	0	0.00
2.27293	491.00	0	0.00
2.27666	502.00	0	0.00
2.27988	508.00	0	0.00
2.28302	524.00	0	0.00
2.28632	519.00	0	0.00
2.28957	523.00	0	0.00
2.29279	524.00	0	0.00
2.29609	512.00	0	0.00
2.29933	510.00	0	0.00
2.30258	471.00	1	0.00
2.30583	418.00	0	0.00
2.30845	365.00	0	5.26
2.31095	323.00	0	5.26
2.31346	312.00	0	5.26
2.31603	313.00	0	5.26
2.31850	301.00	0	5.26
2.32108	290.00	0	5.26
2.32359	291.00	0	5.26
2.32608	285.00	0	5.26
2.32870	274.00	0	5.26
2.33122	277.00	0	5.26
2.33387	278.00	0	5.26
2.33669	272.00	0	5.26
2.33952	279.00	0	5.26
2.34218	284.00	0	5.26
2.34494	278.00	0	5.26
2.34787	286.00	0	5.26
2.35055	298.00	0	5.26
2.35308	308.00	0	5.26
2.35565	356.00	1	5.26
2.35820	422.00	0	5.26
2.36079	445.00	0	5.26
2.36332	466.00	0	5.26
2.36584	488.00	0	5.26
2.36843	502.00	0	5.26
2.37096	511.00	0	5.26
2.37349	521.00	0	5.26
2.37602	524.00	0	5.26
2.37853	522.00	0	5.26
2.38106	526.00	0	5.26
2.38368	531.00	0	5.26
2.38615	520.00	0	5.26
2.38869	515.00	0	5.26
2.39122	517.00	0	5.26
2.39379	501.00	0	5.26
2.39636	474.00	1	5.26
2.39888	440.00	0	5.26
2.40147	366.00	0	5.26
2.40403	325.00	0	5.26
2.40665	316.00	0	5.26
2.40922	308.00	0	5.23
2.41181	297.00	0	5.23
2.41428	298.00	0	5.23
2.41672	301.00	0	5.23
2.41926	293.00	0	5.23
2.42165	291.00	0	5.23
2.42415	301.00	0	5.23
2.42662	293.00	0	5.23
2.42906	284.00	0	5.23
2.43180	292.00	0	5.23
2.43492	286.00	0	5.23
2.43770	280.00	0	5.23
2.44024	288.00	0	5.23
2.44307	291.00	0	5.23
2.44571	302.00	0	5.23
2.44870	350.00	1	5.23
2.45146	403.00	0	5.23
2.45402	436.00	0	5.23
2.45658	465.00	0	5.23
2.45906	484.00	0	5.23
2.46149	490.00	0	5.23
2.46412	498.00	0	5.23
2.46667	513.00	0	5.23
2.46916	513.00	0	5.23
2.47169	516.00	0	5.23
2.47413	527.00	0	5.23
2.47668	524.00	0	5.23
2.47912	518.00	0	5.23
2.48206	522.00	0	5.23
2.48462	517.00	0	5.23
2.48709	501.00	0	5.23
2.48951	490.00	1	5.23
2.49202	465.00	0	5.23
2.49448	409.00	0	5.23
2.49706	357.00	0	5.23
2.49960	330.00	0	5.23
2.50204	311.00	0	5.23
2.50467	303.00	0	5.23
2.50721	305.00	0	5.23
2.50971	296.00	0	5.35
2.51227	283.00	0	5.35
2.51483	284.00	0	5.35
2.51741	281.00	0	5.35
2.51994	271.00	0	5.35
2.52242	275.00	0	5.35
2.52498	281.00	0	5.35
2.52751	275.00	0	5.35
2.53011	279.00	0	5.35
2.53266	287.00	0	5.35
2.53523	284.00	0	5.35
2.53777	286.00	0	5.35
2.54035	309.00	0	5.35
2.54282	349.00	1	5.35
2.54534	402.00	0	5.35
2.54794	445.00	0	5.35
2.55048	470.00	0	5.35
2.55301	478.00	0	5.35
2.55554	498.00	0	5.35
2.55807	517.00	0	5.35
2.56056	516.00	0	5.35
2.56308	517.00	0	5.35
2.56559	529.00	0	5.35
2.56813	526.00	0	5.35
2.57069	523.00	0	5.35
2.57318	522.00	0	5.35
2.57567	527.00	0	5.35
2.57827	512.00	0	5.35
2.58081	506.00	0	5.35
2.58333	496.00	1	5.35
2.58583	460.00	0	5.35
2.58839	405.00	0	5.35
2.59088	353.00	0	5.35
2.59346	321.00	0	5.35
2.59601	305.00	0	5.35
2.59850	307.00	0	5.35
2.60145	300.00	0	5.35
2.60407	290.00	0	5.35
2.60660	298.00	0	5.35
2.60912	297.00	0	5.35
2.61169	293.00	0	5.35
2.61420	294.00	0	5.35
2.61678	293.00	0	5.35
2.62027	284.00	0	5.35
2.62292	290.00	0	5.35
2.62554	288.00	0	5.35
2.62816	282.00	0	5.35
2.63062	287.00	0	5.35
2.63322	307.00	0	5.35
2.63578	330.00	1	5.35
2.63838	382.00	0	5.35
2.64097	434.00	0	5.35
2.64351	456.00	0	5.35
2.64606	472.00	0	5.35
2.64870	494.00	0	5.35
2.65124	501.00	0	5.35
2.65375	503.00	0	5.35
2.65630	515.00	0	5.35
2.65876	523.00	0	5.35
2.66126	519.00	0	5.35
2.66386	523.00	0	5.35
2.66635	530.00	0	5.35
2.66894	520.00	0	5.35
2.67164	515.00	0	5.35
2.67420	517.00	0	5.35
2.67683	498.00	0	5.35
2.67931	471.00	1	5.35
2.68173	443.00	0	5.35
2.68426	920.00	0	5.35
2.68558	360.00	0	5.35
2.68684	336.00	0	5.35
2.68932	320.00	0	5.35
2.69184	317.00	0	5.35
2.69430	300.00	0	5.35
2.69681	296.00	0	5.35
2.69927	297.00	0	5.35
2.70180	285.00	0	5.35
2.70429	276.00	0	5.35
2.70677	281.00	0	5.35
2.71077	273.00	0	5.35
2.71341	276.00	0	5.27
2.71611	286.00	0	5.27
2.71872	281.00	0	5.27
2.72123	281.00	0	5.27
2.72388	291.00	0	5.27
2.72636	295.00	0	5.27
2.72889	308.00	0	5.27
2.73133	358.00	1	5.27
2.73386	419.00	0	5.27
2.73634	442.00	0	5.27
2.73888	462.00	0	5.27
2.74137	489.00	0	5.27
2.74393	498.00	0	5.27
2.74643	507.00	0	5.27
2.74891	520.00	0	5.27
2.75135	522.00	0	5.27
2.75383	521.00	0	5.27
2.75630	528.00	0	5.27
2.75877	531.00	0	5.27
2.76121	524.00	0	5.27
2.76378	520.00	0	5.27
2.76658	522.00	0	5.27
2.76965	504.00	0	5.27
2.77258	490.00	0	5.27
2.77506	462.00	1	5.27
2.77751	398.00	0	5.27
2.78004	337.00	0	5.27
2.78305	323.00	0	5.27
2.78560	307.00	0	5.27
2.78842	301.00	0	5.27
2.79137	304.00	0	5.27
2.79422	292.00	0	5.27
2.79698	295.00	0	5.27
2.80044	302.00	0	5.27
2.80293	290.00	0	5.27
2.80614	292.00	0	5.27
2.80870	294.00	0	5.27
2.81159	284.00	0	5.27
2.81482	289.00	0	5.22
2.81738	289.00	0	5.22
2.82011	291.00	0	5.22
2.82320	324.00	1	5.22
2.82577	370.00	0	5.22
2.82867	418.00	0	5.22
2.83130	456.00	0	5.22
2.83386	484.00	0	5.22
2.83666	486.00	0	5.22
2.83928	501.00	0	5.22
2.84212	515.00	0	5.22
2.84479	513.00	0	5.22
2.84781	524.00	0	5.22
2.85029	529.00	0	5.22
2.85361	521.00	0	5.22
2.85645	528.00	0	5.22
2.85923	527.00	0	5.22
2.86239	513.00	0	5.22
2.86536	508.00	0	5.22
2.86822	478.00	1	5.22
2.87135	424.00	0	5.22
2.87413	367.00	0	5.22
2.87704	326.00	0	5.22
2.87977	312.00	0	5.22
2.88236	315.00	0	5.22
2.88506	302.00	0	5.22
2.88773	290.00	0	5.22
2.89027	293.00	0	5.22
2.89298	283.00	0	5.22
2.89555	275.00	0	5.22
2.89804	278.00	0	5.22
2.90074	284.00	0	5.22
2.90346	276.00	0	5.22
2.90690	288.00	0	5.22
2.90952	287.00	0	5.22
2.91200	283.00	0	5.22
2.91515	300.00	0	5.29
2.91761	318.00	0	5.29
2.92028	356.00	1	5.29
2.92295	425.00	0	5.29
2.92546	454.00	0	5.29
2.92828	468.00	0	5.29
2.93099	490.00	0	5.29
2.93345	510.00	0	5.29
2.93614	512.00	0	5.29
2.93869	519.00	0	5.29
2.94139	530.00	0	5.29
2.94418	525.00	0	5.29
2.94677	526.00	0	5.29
2.94940	533.00	0	5.29
2.95184	525.00	0	5.29
2.95431	518.00	0	5.29
2.95671	519.00	0	5.29
2.95930	507.00	0	5.29
2.96197	481.00	1	5.29
2.96463	452.00	0	5.29
2.96718	386.00	0	5.29
2.96995	328.00	0	5.29
2.97256	316.00	0	5.29
2.97527	311.00	0	5.29
2.97796	299.00	0	5.29
2.98084	300.00	0	5.29
2.98346	300.00	0	5.29
2.98630	292.00	0	5.29
2.98907	299.00	0	5.29
2.99173	300.00	0	5.29
2.99420	289.00	0	5.29
2.99698	289.00	0	5.29
2.99957	294.00	0	5.29
3.00216	285.00	0	5.29
3.00476	284.00	0	5.29
3.00730	294.00	0	5.29
3.01015	299.00	0	5.29
3.01287	325.00	1	5.29
3.01558	381.00	0	5.27
3.01836	430.00	0	5.27
3.02093	452.00	0	5.27
3.02378	483.00	0	5.27
3.02642	487.00	0	5.27
3.02897	496.00	0	5.27
3.03171	511.00	0	5.27
3.03435	517.00	0	5.27
3.03685	516.00	0	5.27
3.03954	526.00	0	5.27
3.04208	530.00	0	5.27
3.04460	522.00	0	5.27
3.04717	522.00	0	5.27
3.04996	525.00	0	5.27
3.05252	510.00	0	5.27
3.05554	496.00	0	5.27
3.05815	476.00	1	5.27
3.06072	424.00	0	5.27
3.06332	365.00	0	5.27
3.06581	336.00	0	5.27
3.06848	316.00	0	5.27
3.07109	307.00	0	5.27
3.07358	307.00	0	5.27
3.07604	300.00	0	5.27
3.07857	286.00	0	5.27
3.08109	286.00	0	5.27
3.08360	283.00	0	5.27
3.08619	274.00	0	5.27
3.08879	278.00	0	5.27
3.09130	284.00	0	5.27
3.09385	280.00	0	5.27
3.09637	281.00	0	5.27
3.09877	291.00	0	5.27
3.10123	290.00	0	5.27
3.10381	289.00	0	5.27
3.10636	311.00	0	5.27
3.10892	352.00	1	5.27
3.11148	398.00	0	5.27
3.11404	441.00	0	5.27
3.11671	468.00	0	5.30
3.11925	480.00	0	5.30
3.12185	494.00	0	5.30
3.12446	515.00	0	5.30
3.12692	518.00	0	5.30
3.12942	520.00	0	5.30
3.13223	532.00	0	5.30
3.13496	529.00	0	5.30
3.13765	525.00	0	5.30
3.14076	532.00	0	5.30
3.14350	523.00	0	5.30
3.14619	512.00	0	5.30
3.14893	509.00	0	5.30
3.15165	480.00	1	5.30
3.15478	428.00	0	5.30
3.15744	367.00	0	5.30
3.15999	326.00	0	5.30
3.16290	310.00	0	5.30
3.16561	313.00	0	5.30
3.16833	301.00	0	5.30
3.17110	297.00	0	5.30
3.17391	304.00	0	5.30
3.17674	299.00	0	5.30
3.17949	295.00	0	5.30
3.18224	299.00	0	5.30
3.18510	292.00	0	5.30
3.18782	288.00	0	5.30
3.19067	294.00	0	5.30
3.19345	286.00	0	5.30
3.19646	287.00	0	5.30
3.19991	308.00	0	5.30
3.20312	336.00	1	5.30
3.20687	414.00	0	5.30
3.20949	447.00	0	5.30
3.21202	462.00	0	5.30
3.21455	483.00	0	5.30
3.21717	499.00	0	5.26
3.21964	499.00	0	5.26
3.22218	511.00	0	5.26
3.22475	524.00	0	5.26
3.22723	521.00	0	5.26
3.22973	519.00	0	5.26
3.23216	531.00	0	5.26
3.23465	527.00	0	5.26
3.23709	518.00	0	5.26
3.23953	523.00	0	5.26
3.24200	512.00	0	5.26
3.24449	500.00	0	5.26
3.24694	479.00	1	5.26
3.24952	444.00	0	5.26
3.25191	381.00	0	5.26
3.25445	331.00	0	5.26
3.25695	325.00	0	5.26
3.25937	316.00	0	5.26
3.26184	301.00	0	5.26
3.26429	301.00	0	5.26
3.26675	297.00	0	5.26
3.26923	284.00	0	5.26
3.27172	280.00	0	5.26
3.27420	284.00	0	5.26
3.27669	277.00	0	5.26
3.27911	273.00	0	5.26
3.28157	283.00	0	5.26
3.28412	284.00	0	5.26
3.28658	279.00	0	5.26
3.28906	287.00	0	5.26
3.29158	293.00	0	5.26
3.29418	292.00	0	5.26
3.29678	311.00	0	5.26
3.29923	357.00	1	5.26
3.30180	408.00	0	5.26
3.30438	440.00	0	5.26
3.30696	469.00	0	5.26
3.30954	480.00	0	5.26
3.31206	496.00	0	5.26
3.31453	512.00	0	5.26
3.31705	523.00	0	5.26
3.31968	520.00	0	5.25
3.32219	528.00	0	5.25
3.32473	533.00	0	5.25
3.32722	523.00	0	5.25
3.32961	523.00	0	5.25
3.33218	534.00	0	5.25
3.33464	519.00	0	5.25
3.33713	503.00	0	5.25
3.33972	494.00	1	5.25
3.34223	463.00	0	5.25
3.34476	610.00	0	5.25
3.34621	358.00	0	5.25
3.34761	340.00	0	5.25
3.35000	324.00	0	5.25
3.35256	307.00	0	5.25
3.35505	303.00	0	5.25
3.35749	308.00	0	5.25
3.36001	299.00	0	5.25
3.36252	293.00	0	5.25
3.36497	304.00	0	5.25
3.36755	302.00	0	5.25
3.37006	293.00	0	5.25
3.37249	295.00	0	5.25
3.37501	295.00	0	5.25
3.37755	284.00	0	5.25
3.38007	286.00	0	5.25
3.38264	292.00	0	5.25
3.38505	288.00	0	5.25
3.38755	288.00	0	5.25
3.39004	311.00	0	5.25
3.39256	340.00	1	5.25
3.39580	399.00	0	5.25
3.39857	449.00	0	5.25
3.40136	470.00	0	5.25
3.40409	483.00	0	5.25
3.40674	498.00	0	5.25
3.40941	507.00	0	5.25
3.41221	508.00	0	5.25
3.41485	524.00	0	5.25
3.41745	526.00	0	5.25
3.42018	521.00	0	5.28
3.42267	529.00	0	5.28
3.42510	530.00	0	5.28
3.42764	520.00	0	5.28
3.43019	517.00	0	5.28
3.43296	510.00	0	5.28
3.43596	469.00	1	5.28
3.43866	426.00	0	5.28
3.44147	367.00	0	5.28
3.44426	321.00	0	5.28
3.44713	317.00	0	5.28
3.44989	313.00	0	5.28
3.45287	296.00	0	5.28
3.45569	296.00	0	5.28
3.45835	291.00	0	5.28
3.46101	278.00	0	5.28
3.46393	279.00	0	5.28
3.46662	281.00	0	5.28
3.46932	274.00	0	5.28
3.47207	281.00	0	5.28
3.47486	288.00	0	5.28
3.47753	280.00	0	5.28
3.48024	286.00	0	5.28
3.48296	298.00	0	5.28
3.48580	305.00	0	5.28
3.48856	351.00	1	5.28
3.49120	423.00	0	5.28
3.49388	446.00	0	5.28
3.49676	471.00	0	5.28
3.49955	495.00	0	5.28
3.50228	504.00	0	5.28
3.50497	516.00	0	5.28
3.50780	527.00	0	5.28
3.51036	522.00	0	5.28
3.51286	525.00	0	5.28
3.51538	535.00	0	5.28
3.51792	530.00	0	5.28
3.52050	522.00	0	5.28
3.52301	523.00	0	5.28
3.52557	513.00	0	5.28
3.52813	495.00	0	5.28
3.53064	476.00	1	5.28
3.53322	424.00	0	5.28
3.53571	352.00	0	5.28
3.53828	323.00	0	5.28
3.54084	318.00	0	5.28
3.54334	306.00	0	5.28
3.54583	299.00	0	5.28
3.54839	306.00	0	5.28
3.55088	299.00	0	5.28
3.55342	293.00	0	5.28
3.55592	300.00	0	5.28
3.55839	303.00	0	5.28
3.56090	291.00	0	5.28
3.56338	290.00	0	5.28
3.56596	295.00	0	5.28
3.56851	288.00	0	5.28
3.57099	284.00	0	5.28
3.57352	292.00	0	5.28
3.57608	290.00	0	5.28
3.57854	293.00	0	5.28
3.58104	321.00	0	5.28
3.58359	360.00	1	5.28
3.58614	405.00	0	5.28
3.58867	445.00	0	5.28
3.59115	475.00	0	5.28
3.59354	486.00	0	5.28
3.59610	492.00	0	5.28
3.59863	509.00	0	5.28
3.60112	515.00	0	5.28
3.60371	516.00	0	5.28
3.60624	528.00	0	5.28
3.60869	533.00	0	5.28
3.61122	526.00	0	5.28
3.61368	532.00	0	5.28
3.61618	534.00	0	5.28
3.61864	523.00	0	5.28
3.62120	512.00	0	5.23
3.62380	505.00	0	5.23
3.62642	467.00	1	5.23
3.62893	415.00	0	5.23
3.63152	367.00	0	5.23
3.63398	334.00	0	5.23
3.63645	315.00	0	5.23
3.63891	315.00	0	5.23
3.64140	314.00	0	5.23
3.64389	299.00	0	5.23
3.64636	293.00	0	5.23
3.64883	294.00	0	5.23
3.65131	284.00	0	5.23
3.65383	277.00	0	5.23
3.65633	283.00	0	5.23
3.65878	284.00	0	5.23
3.66121	278.00	0	5.23
3.66369	284.00	0	5.23
3.66613	292.00	0	5.23
3.66861	287.00	0	5.23
3.67104	288.00	0	5.23
3.67349	302.00	0	5.23
3.67592	315.00	0	5.23
3.67838	346.00	1	5.23
3.68075	411.00	0	5.23
3.68324	451.00	0	5.23
3.68578	464.00	0	5.23
3.68826	482.00	0	5.23
3.69083	508.00	0	5.23
3.69353	515.00	0	5.23
3.69612	518.00	0	5.23
3.69866	530.00	0	5.23
3.70113	531.00	0	5.23
3.70371	527.00	0	5.23
3.70624	535.00	0	5.23
3.70877	530.00	0	5.23
3.71133	522.00	0	5.23
3.71382	518.00	0	5.23
3.71637	517.00	0	5.23
3.71885	488.00	1	5.23
3.72133	456.00	0	5.31
3.72383	405.00	0	5.31
3.72628	345.00	0	5.31
3.72883	318.00	0	5.31
3.73127	315.00	0	5.31
3.73381	309.00	0	5.31
3.73630	300.00	0	5.31
3.73887	300.00	0	5.31
3.74131	302.00	0	5.31
3.74384	295.00	0	5.31
3.74636	297.00	0	5.31
3.74881	303.00	0	5.31
3.75123	294.00	0	5.31
3.75375	287.00	0	5.31
3.75622	293.00	0	5.31
3.75868	292.00	0	5.31
3.76111	284.00	0	5.31
3.76359	286.00	0	5.31
3.76604	295.00	0	5.31
3.76854	297.00	0	5.31
3.77093	318.00	1	5.31
3.77345	365.00	0	5.31
3.77585	414.00	0	5.31
3.77828	441.00	0	5.31
3.78083	469.00	0	5.31
3.78328	490.00	0	5.31
3.78580	491.00	0	5.31
3.78830	504.00	0	5.31
3.79076	519.00	0	5.31
3.79334	518.00	0	5.31
3.79584	519.00	0	5.31
3.79825	532.00	0	5.31
3.80080	529.00	0	5.31
3.80327	523.00	0	5.31
3.80566	527.00	0	5.31
3.80815	531.00	0	5.31
3.81052	512.00	0	5.31
3.81295	497.00	0	5.31
3.81555	477.00	1	5.31
3.81817	425.00	0	5.31
3.82076	366.00	0	5.31
3.82336	337.00	0	5.29
3.82586	322.00	0	5.29
3.82840	307.00	0	5.29
3.83098	308.00	0	5.29
3.83355	303.00	0	5.29
3.83607	288.00	0	5.29
3.83861	286.00	0	5.29
3.84110	288.00	0	5.29
3.84358	278.00	0	5.29
3.84619	276.00	0	5.29
3.84871	285.00	0	5.29
3.85122	281.00	0	5.29
3.85373	279.00	0	5.29
3.85632	289.00	0	5.29
3.85883	291.00	0	5.29
3.86135	287.00	0	5.29
3.86391	305.00	0	5.29
3.86644	338.00	1	5.29
3.86897	386.00	0	5.29
3.87143	434.00	0	5.29
3.87392	465.00	0	5.29
3.87650	478.00	0	5.29
3.87898	491.00	0	5.29
3.88152	516.00	0	5.29
3.88423	517.00	0	5.29
3.88687	521.00	0	5.29
3.88946	529.00	0	5.29
3.89211	534.00	0	5.29
3.89479	525.00	0	5.29
3.89750	529.00	0	5.29
3.90019	528.00	0	5.29
3.90289	516.00	0	5.29
3.90552	510.00	0	5.29
3.90812	498.00	0	5.29
3.91070	458.00	1	5.29
3.91326	401.00	0	5.29
3.91578	350.00	0	5.29
3.91836	321.00	0	5.29
3.92085	308.00	0	5.29
3.92352	312.00	0	5.21
3.92612	304.00	0	5.21
3.92865	295.00	0	5.21
3.93131	303.00	0	5.21
3.93399	302.00	0	5.21
3.93657	296.00	0	5.21
3.93922	299.00	0	5.21
3.94188	296.00	0	5.21
3.94767	293.00	0	5.21
3.95023	292.00	0	5.21
3.95286	285.00	0	5.21
3.95538	293.00	0	5.21
3.95797	310.00	0	5.21
3.96063	334.00	1	5.21
3.96327	388.00	0	5.21
3.96705	455.00	0	5.21
3.96959	469.00	0	5.21
3.97222	490.00	0	5.21
3.97479	504.00	0	5.21
3.97738	505.00	0	5.21
3.97991	515.00	0	5.21
3.98243	526.00	0	5.21
3.98489	526.00	0	5.21
3.98739	522.00	0	5.21
3.98986	534.00	0	5.21
3.99237	531.00	0	5.21
3.99488	521.00	0	5.21
3.99746	523.00	0	5.21
3.99996	519.00	0	5.21
4.00251	491.00	0	5.21
4.00498	467.00	1	5.21
4.00741	432.00	0	5.21
4.00984	373.00	0	5.21
4.01239	331.00	0	5.21
4.01485	325.00	0	5.21
4.01744	313.00	0	5.21
4.02001	303.00	0	5.21
4.02255	300.00	0	5.21
4.02546	292.00	0	5.28
4.02834	281.00	0	5.28
4.03150	284.00	0	5.28
4.03407	279.00	0	5.28
4.03659	274.00	0	5.28
4.03913	283.00	0	5.28
4.04166	287.00	0	5.28
4.04420	282.00	0	5.28
4.04664	286.00	0	5.28
4.04919	297.00	0	5.28
4.05168	296.00	0	5.28
4.05522	338.00	1	5.28
4.06093	443.00	0	5.28
4.06601	490.00	0	5.28
4.07083	509.00	0	5.28
4.07550	528.00	0	5.28
4.08043	531.00	0	5.28
4.08516	530.00	0	5.28
4.09097	526.00	0	5.28
4.09571	502.00	0	5.28
4.10035	453.00	1	5.28
4.10509	342.00	0	5.28
4.11086	306.00	0	5.28
4.11562	307.00	0	5.28
4.12031	294.00	0	5.28
4.12501	305.00	0	5.27
4.13081	296.00	0	5.27
4.13548	288.00	0	5.27
4.14019	295.00	0	5.27
4.14589	298.00	0	5.27
4.15061	365.00	1	5.27
4.15529	445.00	0	5.27
4.16099	485.00	0	5.27
4.16579	512.00	0	5.27
4.17065	519.00	0	5.27
4.17546	532.00	0	5.27
4.18032	528.00	0	5.27
4.18516	522.00	0	5.27
4.19102	489.00	1	5.27
4.19650	433.00	0	5.27
4.20025	355.00	0	5.27
4.20524	320.00	0	5.27
4.21103	298.00	0	5.27
4.21581	294.00	0	5.27
4.22065	277.00	0	5.27
4.22545	283.00	0	5.38
4.23022	286.00	0	5.38
4.23506	287.00	0	5.38
4.24092	310.00	0	5.38
4.24570	371.00	1	5.38
4.25046	455.00	0	5.38
4.25510	487.00	0	5.38
4.26077	515.00	0	5.38
4.26539	533.00	0	5.38
4.27003	529.00	0	5.38
4.27575	535.00	0	5.38
4.28036	527.00	0	5.38
4.28501	508.00	0	5.38
4.29071	437.00	1	5.38
4.29536	330.00	0	5.38
4.30102	313.00	0	5.38
4.30566	306.00	0	5.38
4.31025	298.00	0	5.38
4.31597	308.00	0	5.38
4.32068	293.00	0	5.38
4.32535	297.00	0	5.25
4.33001	290.00	0	5.25
4.33566	306.00	0	5.25
4.34036	388.00	1	5.25
4.34502	450.00	0	5.25
4.35074	497.00	0	5.25
4.35546	510.00	0	5.25
4.36018	522.00	0	5.25
4.36588	535.00	0	5.25
4.37062	526.00	0	5.25
4.37532	528.00	0	5.25
4.38000	504.00	0	5.25
4.38575	420.00	1	5.25
4.39052	341.00	0	5.25
4.39544	310.00	0	5.25
4.40024	306.00	0	5.25
4.40607	291.00	0	5.25
4.41083	277.00	0	5.25
4.41555	287.00	0	5.25
4.42028	282.00	0	5.25
4.42608	291.00	0	5.14
4.43085	319.00	0	5.14
4.43556	397.00	1	5.14
4.44025	467.00	0	5.14
4.44602	497.00	0	5.14
4.45075	519.00	0	5.14
4.45551	512.00	0	5.14
4.46019	532.00	0	5.14
4.46599	534.00	0	5.14
4.47067	517.00	0	5.14
4.47539	494.00	0	5.14
4.48028	398.00	0	5.14
4.48606	314.00	1	5.14
4.49099	313.00	0	5.14
4.49579	298.00	0	5.14
4.50042	305.00	0	5.14
4.50507	298.00	0	5.14
4.51080	290.00	0	5.14
4.51560	296.00	0	5.14
4.52030	286.00	0	5.14
4.52606	322.00	0	5.14
4.53095	412.00	0	5.12
4.53563	462.00	1	5.12
4.54044	501.00	0	5.12
4.54511	506.00	0	5.12
4.55093	524.00	0	5.12
4.55568	530.00	0	5.12
4.56039	526.00	0	5.12
4.56505	526.00	0	5.12
4.57083	480.00	1	5.12
4.57551	396.00	0	5.12
4.58014	326.00	0	5.12
4.58591	306.00	0	5.12
4.59063	300.00	0	5.12
4.59534	282.00	0	5.12
4.60006	283.00	0	5.12
4.60584	285.00	0	5.12
4.61055	283.00	0	5.12
4.61521	297.00	0	5.12
4.62021	310.00	0	5.12
4.62516	409.00	0	5.12
4.63001	463.00	1	5.40
4.63526	498.00	0	5.40
4.64007	526.00	0	5.40
4.64505	523.00	0	5.40
4.65004	527.00	0	5.40
4.65597	528.00	0	5.40
4.66086	511.00	0	5.40
4.66607	467.00	1	5.40
4.67088	346.00	0	5.40
4.67559	315.00	0	5.40
4.68041	306.00	0	5.40
4.68534	297.00	0	5.40
4.69035	305.00	0	5.40
4.69521	292.00	0	5.40
4.70005	293.00	0	5.40
4.70592	292.00	0	5.40
4.71091	290.00	0	5.40
4.71558	338.00	1	5.40
4.72050	419.00	0	5.40
4.72533	478.00	0	5.40
4.73017	496.00	0	5.56
4.73601	512.00	0	5.56
4.74091	532.00	0	5.56
4.74578	523.00	0	5.56
4.75069	533.00	0	5.56
4.75538	513.00	0	5.56
4.76004	461.00	1	5.56
4.76596	346.00	0	5.56
4.77072	315.00	0	5.56
4.77544	307.00	0	5.56
4.78010	293.00	0	5.56
4.78575	278.00	0	5.56
4.79047	284.00	0	5.56
4.79515	277.00	0	5.56
4.80084	286.00	0	5.56
4.80547	296.00	0	5.56
4.81011	332.00	1	5.56
4.81577	447.00	0	5.56
4.82033	479.00	0	5.56
4.82603	513.00	0	5.56
4.83068	524.00	0	5.55
4.83524	527.00	0	5.55
4.84091	534.00	0	5.55
4.84564	516.00	0	5.55
4.85032	497.00	0	5.55
4.85601	391.00	0	5.55
4.86061	318.00	1	5.55
4.86546	313.00	0	5.55
4.87035	296.00	0	5.55
4.87526	299.00	0	5.55
4.88011	298.00	0	5.55
4.88601	286.00	0	5.55
4.89085	293.00	0	5.55
4.89573	284.00	0	5.55
4.90071	304.00	0	5.55
4.90563	381.00	1	5.55
4.91031	450.00	0	5.55
4.91526	495.00	0	5.55
4.92106	507.00	0	5.55
4.92597	524.00	0	5.55
4.93068	531.00	0	5.26
4.93534	522.00	0	5.26
4.94103	520.00	0	5.26
4.94568	478.00	1	5.26
4.95090	378.00	0	5.26
4.95557	326.00	0	5.26
4.96026	305.00	0	5.26
4.96520	302.00	0	5.26
4.97001	280.00	0	5.26
4.97501	281.00	0	5.26
4.98092	284.00	0	5.26
4.98581	280.00	0	5.26
4.99065	295.00	0	5.26
4.99535	304.00	0	5.26
5.00004	400.00	0	5.26
5.00575	470.00	1	5.26
5.01042	497.00	0	5.26
5.01510	525.00	0	5.26
5.02088	529.00	0	5.26
5.02560	533.00	0	5.26
5.03035	528.00	0	5.26
5.03502	514.00	0	5.11
5.04072	469.00	1	5.11
5.04544	351.00	0	5.11
5.05010	319.00	0	5.11
5.05590	309.00	0	5.11
5.06089	295.00	0	5.11
5.06593	306.00	0	5.11
5.07099	293.00	0	5.11
5.07586	290.00	0	5.11
5.08070	292.00	0	5.11
5.08539	288.00	0	5.11
5.09008	326.00	0	5.11
5.09602	428.00	0	5.11
5.10072	476.00	1	5.11
5.10548	500.00	0	5.11
5.11041	512.00	0	5.11
5.11528	531.00	0	5.11
5.12010	524.00	0	5.11
5.12590	513.00	0	5.11
5.13066	512.00	0	5.11
5.13541	456.00	1	5.13
5.14011	369.00	0	5.13
5.14584	314.00	0	5.13
5.15056	304.00	0	5.13
5.15532	295.00	0	5.13
5.16002	281.00	0	5.13
5.16603	285.00	0	5.13
5.17102	283.00	0	5.13
5.17571	289.00	0	5.13
5.18062	297.00	0	5.13
5.18541	332.00	1	5.13
5.19034	445.00	0	5.13
5.19607	484.00	0	5.13
5.20073	512.00	0	5.13
5.20535	528.00	0	5.13
5.21027	532.00	0	5.13
5.21605	537.00	0	5.13
5.22071	521.00	0	5.13
5.22538	508.00	0	5.13
5.23013	451.00	1	5.13
5.23601	329.00	0	5.28
5.24060	321.00	0	5.28
5.24526	304.00	0	5.28
5.25001	305.00	0	5.28
5.25573	308.00	0	5.28
5.26062	293.00	0	5.28
5.26533	301.00	0	5.28
5.27008	290.00	0	5.28
5.27599	304.00	0	5.28
5.28061	380.00	1	5.28
5.28524	450.00	0	5.28
5.29026	498.00	0	5.28
5.29603	513.00	0	5.28
5.30081	530.00	0	5.28
5.30553	537.00	0	5.28
5.31048	531.00	0	5.28
5.31517	538.00	0	5.28
5.32015	503.00	0	5.28
5.32595	427.00	1	5.28
5.33074	344.00	0	5.28
5.33552	314.00	0	5.25
5.34036	311.00	0	5.25
5.34507	292.00	0	5.25
5.35009	287.00	0	5.25
5.35607	289.00	0	5.25
5.36003	286.00	0	5.25
5.36602	299.00	0	5.25
5.37102	312.00	0	5.25
5.37576	402.00	0	5.25
5.38041	469.00	1	5.25
5.38530	497.00	0	5.25
5.39027	528.00	0	5.25
5.39530	529.00	0	5.25
5.40025	537.00	0	5.25
5.40607	539.00	0	5.25
5.41082	520.00	0	5.25
5.41554	499.00	0	5.25
5.42025	403.00	0	5.25
5.42596	322.00	1	5.25
5.43069	315.00	0	5.25
5.43536	300.00	0	5.11
5.44020	310.00	0	5.11
5.44505	297.00	0	5.11
5.45092	295.00	0	5.11
5.45600	296.00	0	5.11
5.46076	291.00	0	5.11
5.46573	334.00	0	5.11
5.47040	413.00	1	5.11
5.47555	476.00	0	5.11
5.48018	503.00	0	5.11
5.48514	515.00	0	5.11
5.49085	534.00	0	5.11
5.49605	531.00	0	5.11
5.50084	530.00	0	5.11
5.50579	523.00	0	5.11
5.51046	477.00	1	5.11
5.51561	388.00	0	5.11
5.52045	323.00	0	5.11
5.52564	311.00	0	5.11
5.53041	301.00	0	5.11
5.53531	283.00	0	5.11
5.54012	287.00	0	5.42
5.54507	281.00	0	5.42
5.55020	289.00	0	5.42
5.55603	307.00	0	5.42
5.56082	337.00	1	5.42
5.56548	444.00	0	5.42
5.57009	474.00	0	5.42
5.57585	514.00	0	5.42
5.58062	530.00	0	5.42
5.58531	530.00	0	5.42
5.59106	538.00	0	5.42
5.59578	527.00	0	5.42
5.60053	516.00	0	5.42
5.60527	473.00	1	5.42
5.61107	337.00	0	5.42
5.61567	321.00	0	5.42
5.62045	305.00	0	5.42
5.62512	304.00	0	5.42
5.63088	311.00	0	5.42
5.63553	294.00	0	5.42
5.64019	301.00	0	5.58
5.64596	292.00	0	5.58
5.65067	301.00	0	5.58
5.65531	358.00	1	5.58
5.66102	449.00	0	5.58
5.66561	494.00	0	5.58
5.67027	502.00	0	5.58
5.67605	523.00	0	5.58
5.68070	533.00	0	5.58
5.68532	529.00	0	5.58
5.69001	535.00	0	5.58
5.69574	509.00	0	5.58
5.70038	460.00	1	5.58
5.70503	362.00	0	5.58
5.71071	313.00	0	5.58
5.71534	313.00	0	5.58
5.72002	290.00	0	5.58
5.72582	284.00	0	5.58
5.73073	288.00	0	5.58
5.73541	283.00	0	5.58
5.74015	298.00	0	5.27
5.74597	304.00	0	5.27
5.75066	375.00	1	5.27
5.75552	460.00	0	5.27
5.76035	489.00	0	5.27
5.76518	525.00	0	5.27
5.77000	525.00	0	5.27
5.77570	536.00	0	5.27
5.78049	537.00	0	5.27
5.78507	525.00	0	5.27
5.79105	502.00	0	5.27
5.79568	413.00	1	5.27
5.80068	328.00	0	5.27
5.80532	316.00	0	5.27
5.81104	300.00	0	5.27
5.81573	312.00	0	5.27
5.82033	300.00	0	5.27
5.82520	299.00	0	5.27
5.83005	297.00	0	5.27
5.83586	290.00	0	5.27
5.84067	325.00	0	5.25
5.84550	401.00	1	5.25
5.85041	467.00	0	5.25
5.85541	502.00	0	5.25
5.86041	513.00	0	5.25
5.86546	533.00	0	5.25
5.87063	530.00	0	5.25
5.87546	531.00	0	5.25
5.88075	528.00	0	5.25
5.88562	488.00	1	5.25
5.89040	410.00	0	5.25
5.89521	327.00	0	5.25
5.90097	311.00	0	5.25
5.90566	303.00	0	5.25
5.91035	284.00	0	5.25
5.91512	289.00	0	5.25
5.92095	287.00	0	5.25
5.92563	289.00	0	5.25
5.93030	298.00	0	5.25
5.93505	316.00	0	5.25
5.94083	435.00	0	5.40
5.94542	470.00	1	5.40
5.95012	507.00	0	5.40
5.95582	530.00	0	5.40
5.96048	528.00	0	5.40
5.96515	540.00	0	5.40
5.97093	529.00	0	5.40
5.97578	514.00	0	5.40
5.98058	470.00	1	5.40
5.98532	349.00	0	5.40
5.99001	323.00	0	5.40
5.99591	308.00	0	5.40
6.00062	303.00	0	5.40
6.00534	310.00	0	5.40
6.01010	295.00	0	5.40
6.01586	299.00	0	5.40
6.02057	291.00	0	5.40
6.02530	297.00	0	5.40
6.03004	341.00	1	5.40
6.03581	437.00	0	5.40
6.04044	488.00	0	5.42
6.04505	499.00	0	5.42
6.05082	520.00	0	5.42
6.05560	532.00	0	5.42
6.06027	527.00	0	5.42
6.06600	532.00	0	5.42
6.07068	508.00	0	5.42
6.07534	451.00	1	5.42
6.08002	351.00	0	5.42
6.08569	314.00	0	5.42
6.09037	311.00	0	5.42
6.09508	290.00	0	5.42
6.10077	282.00	0	5.42
6.10543	286.00	0	5.42
6.11022	281.00	0	5.42
6.11511	295.00	0	5.42
6.12087	302.00	0	5.42
6.12546	359.00	1	5.42
6.13011	450.00	0	5.42
6.13583	487.00	0	5.42
6.14059	523.00	0	5.55
6.14548	527.00	0	5.55
6.15017	536.00	0	5.55
6.15593	540.00	0	5.55
6.16053	523.00	0	5.55
6.16515	505.00	0	5.55
6.17012	394.00	0	5.55
6.17590	319.00	1	5.55
6.18055	316.00	0	5.55
6.18549	301.00	0	5.55
6.19036	311.00	0	5.55
6.19514	299.00	0	5.55
6.20004	298.00	0	5.55
6.20572	298.00	0	5.55
6.21073	290.00	0	5.55
6.21556	325.00	0	5.55
6.22053	406.00	1	5.55
6.22517	469.00	0	5.55
6.23011	500.00	0	5.55
6.23604	514.00	0	5.55
6.24088	533.00	0	5.25
6.24552	530.00	0	5.25
6.25036	532.00	0	5.25
6.25514	522.00	0	5.25
6.26096	455.00	1	5.25
6.26567	367.00	0	5.25
6.27048	323.00	0	5.25
6.27563	309.00	0	5.25
6.28054	302.00	0	5.25
6.28565	283.00	0	5.25
6.29020	288.00	0	5.25
6.29562	288.00	0	5.25
6.30084	290.00	0	5.25
6.30589	305.00	0	5.25
6.31067	338.00	1	5.25
6.31543	448.00	0	5.25
6.32008	480.00	0	5.25
6.32582	518.00	0	5.25
6.33055	536.00	0	5.25
6.33527	534.00	0	5.25
6.34109	538.00	0	5.40
6.34584	526.00	0	5.40
6.35055	505.00	0	5.40
6.35529	432.00	1	5.40
6.36002	333.00	0	5.40
6.36568	319.00	0	5.40
6.37043	306.00	0	5.40
6.37520	304.00	0	5.40
6.38092	310.00	0	5.40
6.38562	294.00	0	5.40
6.39029	301.00	0	5.40
6.39600	295.00	0	5.40
6.40076	307.00	0	5.40
6.40552	383.00	1	5.40
6.41022	455.00	0	5.40
6.41594	503.00	0	5.40
6.42061	514.00	0	5.40
6.42528	527.00	0	5.40
6.43005	538.00	0	5.40
6.43580	531.00	0	5.40
6.44048	536.00	0	5.40
6.44515	499.00	0	5.41
6.45094	402.00	0	5.41
6.45560	339.00	1	5.41
6.46039	313.00	0	5.41
6.46506	310.00	0	5.41
6.47086	292.00	0	5.41
6.47551	283.00	0	5.41
6.48038	291.00	0	5.41
6.48509	287.00	0	5.41
6.49085	300.00	0	5.41
6.49552	314.00	0	5.41
6.50018	404.00	0	5.41
6.50584	487.00	1	5.41
6.51056	506.00	0	5.41
6.51527	534.00	0	5.41
6.52100	538.00	0	5.41
6.52587	539.00	0	5.41
6.53065	539.00	0	5.41
6.53536	519.00	0	5.41
6.54016	490.00	1	5.41
6.54604	357.00	0	5.41
6.55070	321.00	0	5.41
6.55548	317.00	0	5.41
6.56016	302.00	0	5.41
6.56591	311.00	0	5.41
6.57062	302.00	0	5.41
6.57537	298.00	0	5.41
6.58007	300.00	0	5.41
6.58580	294.00	0	5.41
6.59056	342.00	1	5.41
6.59525	428.00	0	5.41
6.60105	485.00	0	5.41
6.60577	513.00	0	5.41
6.61047	522.00	0	5.41
6.61514	538.00	0	5.41
6.62096	539.00	0	5.41
6.62578	532.00	0	5.41
6.63059	527.00	0	5.41
6.63529	471.00	1	5.41
6.64104	370.00	0	5.41
6.64571	328.00	0	5.57
6.65043	311.00	0	5.57
6.65509	303.00	0	5.57
6.66083	285.00	0	5.57
6.66564	291.00	0	5.57
6.67034	288.00	0	5.57
6.67605	293.00	0	5.57
6.68074	309.00	0	5.57
6.68549	353.00	1	5.57
6.69020	459.00	0	5.57
6.69590	497.00	0	5.57
6.70074	524.00	0	5.57
6.70545	540.00	0	5.57
6.71016	537.00	0	5.57
6.71594	545.00	0	5.57
6.72065	531.00	0	5.57
6.72529	512.00	0	5.57
6.73107	428.00	1	5.57
6.73578	332.00	0	5.57
6.74044	324.00	0	5.57
6.74542	309.00	0	5.24
6.75034	308.00	0	5.24
6.75516	312.00	0	5.24
6.76100	296.00	0	5.24
6.76574	303.00	0	5.24
6.77044	295.00	0	5.24
6.77518	314.00	0	5.24
6.78106	416.00	0	5.24
6.78566	466.00	1	5.24
6.79038	505.00	0	5.24
6.79502	514.00	0	5.24
6.80075	529.00	0	5.24
6.80538	541.00	0	5.24
6.81006	532.00	0	5.24
6.81577	533.00	0	5.24
6.82037	499.00	1	5.24
6.82604	405.00	0	5.24
6.83063	343.00	0	5.24
6.83525	316.00	0	5.24
6.84093	308.00	0	5.24
6.84568	294.00	0	5.40
6.85044	286.00	0	5.40
6.85578	296.00	0	5.40
6.86075	290.00	0	5.40
6.86572	303.00	0	5.40
6.87054	327.00	0	5.40
6.87574	430.00	0	5.40
6.88067	484.00	1	5.40
6.88536	508.00	0	5.40
6.89029	536.00	0	5.40
6.89512	536.00	0	5.40
6.90012	542.00	0	5.40
6.90508	540.00	0	5.40
6.91012	524.00	0	5.40
6.91602	482.00	1	5.40
6.92068	365.00	0	5.40
6.92533	324.00	0	5.40
6.93035	320.00	0	5.40
6.93516	305.00	0	5.40
6.94004	318.00	0	5.40
6.94606	306.00	0	5.41
6.95096	298.00	0	5.41
6.95571	305.00	0	5.41
6.96038	299.00	0	5.41
6.96508	352.00	1	5.41
6.97091	452.00	0	5.41
6.97555	489.00	0	5.41
6.98026	515.00	0	5.41
6.98597	526.00	0	5.41
6.99064	540.00	0	5.41
6.99534	536.00	0	5.41
7.00010	539.00	0	5.41
7.00592	523.00	0	5.41
7.01083	460.00	1	5.41
7.01549	371.00	0	5.41
7.02014	328.00	0	5.41
7.02595	309.00	0	5.41
7.03067	303.00	0	5.41
7.03561	287.00	0	5.41
7.04042	294.00	0	5.41
7.04530	293.00	0	5.41
7.05037	297.00	0	5.25
7.05514	313.00	0	5.25
7.06090	385.00	1	5.25
7.06565	470.00	0	5.25
7.07038	497.00	0	5.25
7.07510	525.00	0	5.25
7.08087	543.00	0	5.25
7.08560	537.00	0	5.25
7.09037	548.00	0	5.25
7.09502	531.00	0	5.25
7.10080	506.00	0	5.25
7.10556	430.00	1	5.25
7.11096	330.00	0	5.25
7.11559	322.00	0	5.25
7.12074	312.00	0	5.25
7.12543	309.00	0	5.25
7.13084	314.00	0	5.25
7.13551	298.00	0	5.25
7.14025	304.00	0	5.25
7.14613	303.00	0	5.25
7.15093	329.00	0	5.28
7.15567	423.00	0	5.28
7.16032	469.00	1	5.28
7.16509	509.00	0	5.28
7.17086	525.00	0	5.28
7.17553	532.00	0	5.28
7.18023	541.00	0	5.28
7.18599	513.00	0	5.28
7.19073	534.00	0	5.28
7.19548	494.00	1	5.28
7.20022	404.00	0	5.28
7.20595	338.00	0	5.28
7.21069	312.00	0	5.28
7.21537	461.00	0	5.28
7.22001	292.00	0	5.28
7.22572	286.00	0	5.28
7.23061	299.00	0	5.28
7.23581	293.00	0	5.28
7.24077	304.00	0	5.28
7.24502	328.00	0	5.28
7.25104	439.00	0	5.42
7.25655	495.00	1	5.42
7.26078	513.00	0	5.42
7.26598	535.00	0	5.42
7.27087	543.00	0	5.42
7.27602	539.00	0	5.42
7.28095	541.00	0	5.42
7.28599	513.00	0	5.42
7.29109	445.00	1	5.42
7.29604	343.00	0	5.42
7.30089	317.00	0	5.42
7.30602	319.00	0	5.42
7.31102	307.00	0	5.42
7.31612	309.00	0	5.42
7.32037	304.00	0	5.42
7.32522	296.00	0	5.42
7.33027	302.00	0	5.42
7.33573	303.00	0	5.42
7.34070	371.00	1	5.42
7.34514	441.00	0	5.42
7.35094	491.00	0	5.54
7.35520	517.00	0	5.54
7.36077	524.00	0	5.54
7.36509	539.00	0	5.54
7.37013	534.00	0	5.54
7.37587	530.00	0	5.54
7.38016	519.00	0	5.54
7.38601	416.00	0	5.54
7.39087	339.00	1	5.54
7.39554	323.00	0	5.54
7.40031	307.00	0	5.54
7.40505	299.00	0	5.54
7.41029	282.00	0	5.54
7.41507	291.00	0	5.54
7.42078	292.00	0	5.54
7.42552	291.00	0	5.54
7.43023	312.00	0	5.54
7.43599	390.00	1	5.54
7.44064	467.00	0	5.54
7.44540	249.00	0	5.54
7.45005	524.00	0	5.54
7.45532	540.00	0	5.57
7.46019	535.00	0	5.57
7.46596	538.00	0	5.57
7.47065	527.00	0	5.57
7.47533	488.00	1	5.57
7.48004	387.00	0	5.57
7.48573	320.00	0	5.57
7.49050	318.00	0	5.57
7.49521	308.00	0	5.57
7.50095	305.00	0	5.57
7.50575	308.00	0	5.57
7.51049	294.00	0	5.57
7.51513	300.00	0	5.57
7.52092	298.00	0	5.57
7.52574	326.00	0	5.57
7.53086	430.00	0	5.57
7.53551	471.00	1	5.57
7.54028	507.00	0	5.57
7.54606	524.00	0	5.57
7.55080	529.00	0	5.57
7.55559	541.00	0	5.13
7.56025	529.00	0	5.13
7.56501	529.00	0	5.13
7.57075	466.00	1	5.13
7.57539	364.00	0	5.13
7.58000	333.00	0	5.13
7.58584	306.00	0	5.13
7.59061	301.00	0	5.13
7.59528	289.00	0	5.13
7.60102	281.00	0	5.13
7.60573	294.00	0	5.13
7.61040	288.00	0	5.13
7.61507	304.00	0	5.13
7.62091	346.00	1	5.13
7.62568	441.00	0	5.13
7.63031	490.00	0	5.13
7.63607	516.00	0	5.13
7.64078	533.00	0	5.13
7.64571	540.00	0	5.13
7.65043	542.00	0	5.13
7.65525	537.00	0	5.41
7.66099	506.00	0	5.41
7.66569	439.00	1	5.41
7.67042	325.00	0	5.41
7.67508	319.00	0	5.41
7.68082	318.00	0	5.41
7.68502	302.00	0	5.41
7.69084	310.00	0	5.41
7.69555	303.00	0	5.41
7.70022	296.00	0	5.41
7.70603	303.00	0	5.41
7.71084	303.00	0	5.41
7.71560	370.00	1	5.41
7.72024	449.00	0	5.41
7.72501	492.00	0	5.41
7.73083	520.00	0	5.41
7.73550	526.00	0	5.41
7.74012	541.00	0	5.41
7.74591	540.00	0	5.41
7.75075	530.00	0	5.41
7.75549	512.00	0	5.55
7.76013	435.00	1	5.55
7.76589	342.00	0	5.55
7.77049	323.00	0	5.55
7.77525	307.00	0	5.55
7.78009	300.00	0	5.55
7.78602	284.00	0	5.55
7.79076	290.00	0	5.55
7.79552	294.00	0	5.55
7.80021	295.00	0	5.55
7.80594	321.00	0	5.55
7.81063	393.00	1	5.55
7.81534	473.00	0	5.55
7.82004	501.00	0	5.55
7.82572	528.00	0	5.55
7.83044	544.00	0	5.55
7.83505	537.00	0	5.55
7.84078	542.00	0	5.55
7.84545	528.00	0	5.55
7.85014	499.00	0	5.55
7.85595	386.00	0	5.27
7.86056	323.00	1	5.27
7.86532	319.00	0	5.27
7.87007	307.00	0	5.27
7.87581	306.00	0	5.27
7.88056	311.00	0	5.27
7.88526	296.00	0	5.27
7.89101	298.00	0	5.27
7.89566	299.00	0	5.27
7.90042	320.00	0	5.27
7.90514	415.00	0	5.27
7.91080	475.00	1	5.27
7.91544	509.00	0	5.27
7.92019	522.00	0	5.27
7.92594	530.00	0	5.27
7.93065	543.00	0	5.27
7.93536	529.00	0	5.27
7.94107	524.00	0	5.27
7.94581	481.00	1	5.27
7.95052	386.00	0	5.27
7.95517	337.00	0	5.39
7.96088	309.00	0	5.39
7.96559	303.00	0	5.39
7.97030	291.00	0	5.39
7.97502	285.00	0	5.39
7.98011	295.00	0	5.39
7.98528	290.00	0	5.39
7.99006	304.00	0	5.39
7.99597	353.00	1	5.39
8.00001	436.00	0	5.39
8.00596	498.00	0	5.39
8.01064	519.00	0	5.39
8.01555	537.00	0	5.39
8.02041	542.00	0	5.39
8.02521	541.00	0	5.39
8.03103	541.00	0	5.39
8.03577	516.00	0	5.39
8.04046	477.00	1	5.39
8.04513	363.00	0	5.39
8.05081	319.00	0	5.39
8.05546	321.00	0	5.56
8.06008	303.00	0	5.56
8.06584	312.00	0	5.56
8.07054	304.00	0	5.56
8.07534	298.00	0	5.56
8.08003	302.00	0	5.56
8.08583	302.00	0	5.56
8.09061	365.00	1	5.56
8.09537	451.00	0	5.56
8.10002	489.00	0	5.56
8.10578	521.00	0	5.56
8.11054	524.00	0	5.56
8.11519	539.00	0	5.56
8.12103	540.00	0	5.56
8.12582	532.00	0	5.56
8.13063	524.00	0	5.56
8.13537	460.00	1	5.56
8.14016	372.00	0	5.56
8.14599	330.00	0	5.56
8.15071	308.00	0	5.56
8.15561	302.00	0	5.28
8.16036	285.00	0	5.28
8.16503	292.00	0	5.28
8.17084	296.00	0	5.28
8.17547	294.00	0	5.28
8.18004	311.00	0	5.28
8.18582	382.00	1	5.28
8.19061	468.00	0	5.28
8.19565	502.00	0	5.28
8.20033	523.00	0	5.28
8.20501	542.00	0	5.28
8.21092	538.00	0	5.28
8.21569	546.00	0	5.28
8.22042	535.00	0	5.28
8.22511	515.00	0	5.28
8.23010	463.00	1	5.28
8.23521	342.00	0	5.28
8.24092	321.00	0	5.28
8.24600	314.00	0	5.28
8.25088	305.00	0	5.28
8.25555	316.00	0	5.28
8.26055	299.00	0	5.27
8.26541	303.00	0	5.27
8.27017	299.00	0	5.27
8.27602	313.00	0	5.27
8.28073	395.00	1	5.27
8.28558	461.00	0	5.27
8.29057	503.00	0	5.27
8.29549	517.00	0	5.27
8.30041	530.00	0	5.27
8.30529	544.00	0	5.27
8.31012	534.00	0	5.27
8.31505	540.00	0	5.27
8.32097	511.00	0	5.27
8.32598	431.00	1	5.27
8.33104	471.00	0	5.27
8.33607	321.00	0	5.27
8.34126	308.00	0	5.27
8.34572	317.00	0	5.27
8.35042	288.00	0	5.27
8.35519	297.00	0	5.27
8.36104	292.00	0	5.25
8.36605	301.00	0	5.25
8.37010	319.00	0	5.25
8.37619	405.00	1	5.25
8.38052	474.00	0	5.25
8.38530	500.00	0	5.25
8.39006	532.00	0	5.25
8.39527	539.00	0	5.25
8.40025	542.00	0	5.25
8.40520	546.00	0	5.25
8.41005	531.00	0	5.25
8.41576	508.00	0	5.25
8.42048	424.00	1	5.25
8.42524	335.00	0	5.25
8.43023	326.00	0	5.25
8.43574	308.00	0	5.25
8.44037	315.00	0	5.25
8.44504	311.00	0	5.25
8.45001	303.00	0	5.25
8.45510	306.00	0	5.25
8.46018	296.00	0	5.25
8.46612	329.00	0	5.25
8.47103	415.00	1	5.25
8.47590	472.00	0	5.25
8.48078	513.00	0	5.25
8.48517	518.00	0	5.25
8.49098	537.00	0	5.25
8.49572	542.00	0	5.25
8.50046	538.00	0	5.25
8.50513	542.00	0	5.25
8.51018	506.00	0	5.25
8.51614	405.00	0	5.25
8.52009	342.00	1	5.25
8.52508	321.00	0	5.25
8.53008	316.00	0	5.25
8.53589	296.00	0	5.25
8.54090	291.00	0	5.25
8.54596	297.00	0	5.25
8.55088	293.00	0	5.25
8.55512	306.00	0	5.25
8.56032	318.00	0	5.15
8.56520	416.00	0	5.15
8.57090	483.00	1	5.15
8.57573	510.00	0	5.15
8.58060	647.00	0	5.15
8.58531	539.00	0	5.15
8.59016	544.00	0	5.15
8.59525	542.00	0	5.15
8.60048	531.00	0	5.15
8.60549	497.00	1	5.15
8.61018	375.00	0	5.15
8.61596	328.00	0	5.15
8.62066	322.00	0	5.15
8.62537	310.00	0	5.15
8.63014	322.00	0	5.15
8.63590	305.00	0	5.15
8.64058	309.00	0	5.15
8.64526	303.00	0	5.15
8.65106	303.00	0	5.15
8.65574	353.00	1	5.15
8.66044	428.00	0	5.41
8.66515	489.00	0	5.41
8.67105	516.00	0	5.41
8.67584	527.00	0	5.41
8.68066	547.00	0	5.41
8.68543	539.00	0	5.41
8.69012	546.00	0	5.41
8.69591	532.00	0	5.41
8.70058	478.00	1	5.41
8.70528	386.00	0	5.41
8.71096	331.00	0	5.41
8.71561	321.00	0	5.41
8.72029	306.00	0	5.41
8.72603	290.00	0	5.41
8.73076	299.00	0	5.41
8.73550	290.00	0	5.41
8.74011	303.00	0	5.41
8.74576	310.00	0	5.41
8.75047	343.00	1	5.41
8.75509	449.00	0	5.41
8.76082	491.00	0	5.57
8.76546	528.00	0	5.57
8.77022	539.00	0	5.57
8.77603	541.00	0	5.57
8.78070	552.00	0	5.57
8.78541	536.00	0	5.57
8.79045	521.00	0	5.57
8.79547	447.00	1	5.57
8.80012	346.00	0	5.57
8.80581	329.00	0	5.57
8.81055	316.00	0	5.57
8.81531	316.00	0	5.57
8.82005	316.00	0	5.57
8.82584	301.00	0	5.57
8.83059	309.00	0	5.57
8.83534	296.00	0	5.57
8.84004	310.00	0	5.57
8.84588	377.00	1	5.57
8.85062	454.00	0	5.57
8.85537	503.00	0	5.57
8.86011	511.00	0	5.57
8.86592	534.00	0	5.26
8.87068	543.00	0	5.26
8.87534	538.00	0	5.26
8.88014	544.00	0	5.26
8.88508	514.00	0	5.26
8.89015	447.00	1	5.26
8.89523	350.00	0	5.26
8.90013	325.00	0	5.26
8.90604	318.00	0	5.26
8.91094	296.00	0	5.26
8.91579	294.00	0	5.26
8.92074	296.00	0	5.26
8.92566	293.00	0	5.26
8.93057	307.00	0	5.26
8.93547	308.00	0	5.26
8.94040	389.00	1	5.26
8.94577	474.00	0	5.26
8.95062	505.00	0	5.26
8.95531	538.00	0	5.26
8.96032	537.00	0	5.26
8.96528	551.00	0	5.26
8.97107	548.00	0	5.26
8.97597	527.00	0	5.26
8.98064	503.00	1	5.26
8.98564	382.00	0	5.26
8.99060	335.00	0	5.26
8.99536	322.00	0	5.26
9.00016	313.00	0	5.26
9.00606	322.00	0	5.26
9.01102	307.00	0	5.26
9.01606	305.00	0	5.26
9.02006	303.00	0	5.26
9.02510	299.00	0	5.26
9.03091	338.00	0	5.26
9.03583	418.00	1	5.26
9.04089	482.00	0	5.26
9.04579	510.00	0	5.26
9.05090	522.00	0	5.26
9.05579	543.00	0	5.26
9.06058	538.00	0	5.26
9.06551	541.00	0	5.26
9.07025	530.00	0	5.26
9.07605	475.00	1	5.26
9.08075	390.00	0	5.26
9.08558	330.00	0	5.26
9.09060	320.00	0	5.26
9.09575	308.00	0	5.26
9.10051	293.00	0	5.26
9.10531	296.00	0	5.26
9.11007	288.00	0	5.26
9.11501	300.00	0	5.26
9.12094	307.00	0	5.26
9.12568	335.00	1	5.26
9.13037	449.00	0	5.26
9.13601	490.00	0	5.26
9.14065	526.00	0	5.26
9.14530	539.00	0	5.26
9.15007	545.00	0	5.26
9.15605	552.00	0	5.26
9.16102	536.00	0	5.26
9.16574	525.00	0	5.40
9.17043	474.00	1	5.40
9.17516	360.00	0	5.40
9.18093	332.00	0	5.40
9.18584	314.00	0	5.40
9.19070	316.00	0	5.40
9.19534	317.00	0	5.40
9.20001	306.00	0	5.40
9.20517	311.00	0	5.40
9.21006	298.00	0	5.40
9.21502	310.00	0	5.40
9.22084	372.00	1	5.40
9.22576	453.00	0	5.40
9.23059	503.00	0	5.40
9.23547	514.00	0	5.40
9.24017	535.00	0	5.40
9.24524	541.00	0	5.40
9.25020	539.00	0	5.40
9.25603	544.00	0	5.40
9.26083	513.00	0	5.40
9.26564	449.00	1	5.41
9.27054	366.00	0	5.41
9.27553	324.00	0	5.41
9.28044	325.00	0	5.41
9.28519	298.00	0	5.41
9.29102	294.00	0	5.41
9.29588	295.00	0	5.41
9.30081	294.00	0	5.41
9.30573	308.00	0	5.41
9.31054	310.00	0	5.41
9.31521	387.00	1	5.41
9.32027	468.00	0	5.41
9.32600	505.00	0	5.41
9.33089	539.00	0	5.41
9.33568	540.00	0	5.41
9.34064	549.00	0	5.41
9.34547	550.00	0	5.41
9.35042	535.00	0	5.41
9.35525	521.00	0	5.41
9.36016	429.00	0	5.41
9.36589	338.00	0	5.28
9.37047	325.00	0	5.28
9.37515	313.00	0	5.28
9.38084	322.00	0	5.28
9.38564	308.00	0	5.28
9.39051	307.00	0	5.28
9.39516	306.00	0	5.28
9.40100	300.00	0	5.28
9.40599	345.00	0	5.28
9.41081	432.00	0	5.28
9.41598	487.00	0	5.28
9.42075	517.00	0	5.28
9.42579	525.00	0	5.28
9.43079	545.00	0	5.28
9.43566	541.00	0	5.28
9.44052	544.00	0	5.28
9.44521	535.00	0	5.28
9.45107	481.00	1	5.28
9.45584	395.00	0	5.28
9.46062	334.00	0	5.28
9.46548	325.00	0	3.56
9.47031	311.00	0	3.56
9.47509	295.00	0	3.56
9.48089	300.00	0	3.56
9.48566	293.00	0	3.56
9.49037	304.00	0	3.56
9.49502	308.00	0	3.56
9.50081	361.00	1	3.56
9.50547	464.00	0	3.56
9.51010	490.00	0	3.56
9.51514	530.00	0	3.56
9.52017	542.00	0	3.56
9.52524	544.00	0	3.56
9.53004	550.00	0	3.56
9.53514	537.00	0	3.56
9.54029	523.00	0	3.56
9.54506	461.00	1	3.56
9.55103	338.00	0	3.56
9.55567	330.00	0	3.56
9.56064	312.00	0	3.56
9.56535	317.00	0	3.56
9.57016	317.00	0	3.58
9.57516	303.00	0	3.58
9.58092	309.00	0	3.58
9.58577	300.00	0	3.58
9.59061	326.00	0	3.58
9.59550	412.00	1	3.58
9.60013	472.00	0	3.58
9.60505	513.00	0	3.58
9.61095	525.00	0	3.58
9.61573	539.00	0	3.58
9.62043	546.00	0	3.58
9.62544	539.00	0	3.58
9.63036	541.00	0	3.58
9.63509	504.00	1	3.58
9.64081	406.00	0	3.58
9.64559	343.00	0	3.58
9.65052	319.00	0	3.58
9.65538	316.00	0	3.58
9.66011	293.00	0	3.58
9.66500	294.00	0	3.58
9.67087	300.00	0	5.43
9.67574	294.00	0	5.43
9.68064	312.00	0	5.43
9.68567	344.00	1	5.43
9.69045	447.00	0	5.43
9.69514	487.00	0	5.43
9.70005	518.00	0	5.43
9.70604	541.00	0	5.43
9.71090	543.00	0	5.43
9.71583	521.00	0	5.43
9.72076	544.00	0	5.43
9.72585	517.00	0	5.43
9.73066	468.00	1	5.43
9.73567	349.00	0	5.43
9.74032	328.00	0	5.43
9.74516	320.00	0	5.43
9.75008	311.00	0	5.43
9.75603	320.00	0	5.43
9.76093	307.00	0	5.43
9.76584	305.00	0	5.43
9.77078	308.00	0	5.39
9.77559	313.00	0	5.39
9.78050	392.00	1	5.39
9.78522	459.00	0	5.39
9.79012	505.00	0	5.39
9.79512	520.00	0	5.39
9.80002	533.00	0	5.39
9.80586	549.00	0	5.39
9.81098	543.00	0	5.39
9.81549	541.00	0	5.39
9.82033	518.00	0	5.39
9.82501	440.00	1	5.39
9.83006	356.00	0	5.39
9.83502	325.00	0	5.39
9.84021	316.00	0	5.39
9.84528	302.00	0	5.39
9.85002	291.00	0	5.39
9.85575	301.00	0	5.39
9.86041	297.00	0	5.39
9.86510	305.00	0	5.39
9.87089	334.00	0	5.27
9.87554	411.00	1	5.27
9.88021	482.00	0	5.27
9.88594	514.00	0	5.27
9.89061	536.00	0	5.27
9.89527	547.00	0	5.27
9.90097	544.00	0	5.27
9.90567	553.00	0	5.27
9.91042	530.00	0	5.27
9.91507	504.00	1	5.27
9.92077	376.00	0	5.27
9.92538	329.00	0	5.27
9.93008	330.00	0	5.27
9.93582	313.00	0	5.27
9.94054	320.00	0	5.27
9.94525	314.00	0	5.27
9.95107	300.00	0	5.27
9.95574	309.00	0	5.27
9.96050	268.00	0	5.27
9.96544	351.00	1	5.27
9.97085	451.00	0	5.41
9.97575	490.00	0	5.41
9.98054	520.00	0	5.41
9.98513	525.00	0	5.41
9.99092	541.00	0	5.41
9.99553	546.00	0	5.41
10.00013	538.00	0	5.41
