0.00042	538.00	0	0.00
0.00198	539.00	0	0.00
0.00575	526.00	0	0.00
0.01086	534.00	0	0.00
0.01544	529.00	0	0.00
0.02002	525.00	0	0.00
0.02568	517.00	0	0.00
0.03026	481.00	0	0.00
0.03592	458.00	0	0.00
0.04053	428.00	0	0.00
0.04505	397.00	0	0.00
0.05072	385.00	0	0.00
0.05546	357.00	0	0.00
0.06017	367.00	0	0.00
0.06585	355.00	0	0.00
0.07043	341.00	0	0.00
0.07507	340.00	0	0.00
0.08085	320.00	0	0.00
0.08551	321.00	0	0.00
0.09022	316.00	0	0.00
0.09603	315.00	0	0.00
0.10064	331.00	0	0.00
0.10523	322.00	0	0.00
0.11093	335.00	0	0.00
0.11554	338.00	0	0.00
0.12017	340.00	0	0.00
0.12587	383.00	1	0.00
0.13047	428.00	0	0.00
0.13503	508.00	0	0.00
0.14077	538.00	0	0.00
0.14545	561.00	0	0.00
0.15012	582.00	0	0.00
0.15583	579.00	0	0.00
0.16049	589.00	0	0.00
0.16513	587.00	0	0.00
0.17085	581.00	0	0.00
0.17551	587.00	0	0.00
0.18015	559.00	0	0.00
0.18581	526.00	1	0.00
0.19040	429.00	0	0.00
0.19599	364.00	0	0.00
0.20058	366.00	0	0.00
0.20519	343.00	0	0.00
0.21091	348.00	0	0.00
0.21552	349.00	0	0.00
0.22013	337.00	0	0.00
0.22585	342.00	0	0.00
0.23050	327.00	0	0.00
0.23518	337.00	0	0.00
0.24092	350.00	0	0.00
0.24580	393.00	1	0.00
0.25040	482.00	0	0.00
0.25511	519.00	0	0.00
0.26096	555.00	0	0.00
0.26589	570.00	0	0.00
0.27066	574.00	0	0.00
0.27545	589.00	0	0.00
0.28014	576.00	0	0.00
0.28592	579.00	0	0.00
0.29103	556.00	1	0.00
0.29603	495.00	0	0.00
0.30064	426.00	0	0.00
0.30542	369.00	0	0.00
0.31026	367.00	0	0.00
0.31592	340.00	0	0.00
0.32058	323.00	0	0.00
0.32523	329.00	0	0.00
0.33103	322.00	0	0.00
0.33580	336.00	0	0.00
0.34051	340.00	0	0.00
0.34533	347.00	0	0.00
0.35002	410.00	1	0.00
0.35589	494.00	0	0.00
0.36060	540.00	0	0.00
0.36523	563.00	0	0.00
0.37100	574.00	0	0.00
0.37559	588.00	0	0.00
0.38019	581.00	0	0.00
0.38589	582.00	0	0.00
0.39051	569.00	0	0.00
0.39526	537.00	1	0.00
0.40091	435.00	0	0.00
0.40551	364.00	0	4.77
0.41018	366.00	0	4.77
0.41595	352.00	0	4.77
0.42086	343.00	0	4.77
0.42559	353.00	0	4.77
0.43024	331.00	0	4.77
0.43602	336.00	0	4.77
0.44077	335.00	0	4.77
0.44566	336.00	0	4.77
0.45035	393.00	1	4.77
0.45593	478.00	0	4.77
0.46056	528.00	0	4.77
0.46527	548.00	0	4.77
0.47003	567.00	0	4.77
0.47599	585.00	0	4.77
0.48099	579.00	0	4.77
0.48579	586.00	0	4.77
0.49050	575.00	0	4.77
0.49556	546.00	1	4.77
0.50034	494.00	0	4.77
0.50546	395.00	0	4.89
0.51013	379.00	0	4.89
0.51598	352.00	0	4.89
0.52075	328.00	0	4.89
0.52552	332.00	0	4.89
0.53028	319.00	0	4.89
0.53502	337.00	0	4.89
0.54093	341.00	0	4.89
0.54567	339.00	0	4.89
0.55039	386.00	1	4.89
0.55510	454.00	0	4.89
0.56098	527.00	0	4.89
0.56583	557.00	0	4.89
0.57055	570.00	0	4.89
0.57531	588.00	0	4.89
0.58009	578.00	0	4.89
0.58588	586.00	0	4.89
0.59063	577.00	0	4.89
0.59542	554.00	0	4.89
0.60017	507.00	1	4.89
0.60500	392.00	0	4.88
0.61071	365.00	0	4.88
0.61543	352.00	0	4.88
0.62018	345.00	0	4.88
0.62598	359.00	0	4.88
0.63072	333.00	0	4.88
0.63552	341.00	0	4.88
0.64022	333.00	0	4.88
0.64605	330.00	0	4.88
0.65083	377.00	0	4.88
0.65574	442.00	1	4.88
0.66054	519.00	0	4.88
0.66538	541.00	0	4.88
0.67008	561.00	0	4.88
0.67575	579.00	0	4.88
0.68038	574.00	0	4.88
0.68502	590.00	0	4.88
0.69077	581.00	0	4.88
0.69543	568.00	0	4.88
0.70005	545.00	1	4.88
0.70583	433.00	0	4.89
0.71040	392.00	0	4.89
0.71518	364.00	0	4.89
0.72097	336.00	0	4.89
0.72584	335.00	0	4.89
0.73059	271.00	0	4.89
0.73524	334.00	0	4.89
0.74094	338.00	0	4.89
0.74566	335.00	1	4.89
0.75043	357.00	0	4.89
0.75514	392.00	0	4.89
0.76090	497.00	0	4.89
0.76551	529.00	0	4.89
0.77016	557.00	0	4.89
0.77587	582.00	0	4.89
0.78051	577.00	0	4.89
0.78522	589.00	0	4.89
0.79100	586.00	0	4.89
0.79565	575.00	0	4.89
0.80034	564.00	0	4.89
0.80505	498.00	1	4.89
0.81085	391.00	0	4.88
0.81547	364.00	0	4.88
0.82009	353.00	0	4.88
0.82584	357.00	0	4.88
0.83051	344.00	0	4.88
0.83519	347.00	0	4.88
0.84091	339.00	0	4.88
0.84561	332.00	0	4.88
0.85026	340.00	0	4.88
0.85599	355.00	0	4.88
0.86067	430.00	1	4.88
0.86529	495.00	0	4.88
0.87099	535.00	0	4.88
0.87559	563.00	0	4.88
0.88024	565.00	0	4.88
0.88601	582.00	0	4.88
0.89067	584.00	0	4.88
0.89544	580.00	0	4.88
0.90009	585.00	0	4.88
0.90582	545.00	1	4.88
0.91057	495.00	0	4.86
0.91523	405.00	0	4.86
0.92089	367.00	0	4.86
0.92558	361.00	0	4.86
0.93024	331.00	0	4.86
0.93596	327.00	0	4.86
0.94069	328.00	0	4.86
0.94542	327.00	0	4.86
0.95013	344.00	0	4.86
0.95595	335.00	0	4.86
0.96067	365.00	0	4.86
0.96545	418.00	1	4.86
0.97011	498.00	0	4.86
0.97580	545.00	0	4.86
0.98054	562.00	0	4.86
0.98595	580.00	0	4.86
0.99064	586.00	0	4.86
0.99592	584.00	0	4.86
1.00064	589.00	0	4.86
1.00536	570.00	0	4.86
1.01009	561.00	0	4.55
1.01580	460.00	0	4.55
1.02047	379.00	1	4.55
1.02527	368.00	0	4.55
1.03103	347.00	0	4.55
1.03573	353.00	0	4.55
1.04044	349.00	0	4.55
1.04516	340.00	0	4.55
1.05092	344.00	0	4.55
1.05560	329.00	0	4.55
1.06031	339.00	0	4.55
1.06504	344.00	0	4.55
1.07079	410.00	1	4.55
1.07546	498.00	0	4.55
1.08009	525.00	0	4.55
1.08575	557.00	0	4.55
1.09040	569.00	0	4.55
1.09510	574.00	0	4.55
1.10081	591.00	0	4.55
1.10563	579.00	0	4.55
1.11037	585.00	0	4.76
1.11505	560.00	0	4.76
1.12078	497.00	1	4.76
1.12550	416.00	0	4.76
1.13002	372.00	0	4.76
1.13534	365.00	0	4.76
1.14035	339.00	0	4.76
1.14549	325.00	0	4.76
1.15029	330.00	0	4.76
1.15596	323.00	0	4.76
1.16092	338.00	0	4.76
1.16569	340.00	0	4.76
1.17085	342.00	0	4.76
1.17581	396.00	1	4.76
1.18070	465.00	0	4.76
1.18564	527.00	0	4.76
1.19034	555.00	0	4.76
1.19542	574.00	0	4.76
1.20026	587.00	0	4.76
1.20523	529.00	0	4.76
1.21015	552.00	0	4.75
1.21602	583.00	0	4.75
1.22085	561.00	0	4.75
1.22572	524.00	0	4.75
1.23066	405.00	0	4.75
1.23531	376.00	1	4.75
1.24008	355.00	0	4.75
1.24504	349.00	0	4.75
1.25098	357.00	0	4.75
1.25568	340.00	0	4.75
1.26059	342.00	0	4.75
1.26530	335.00	0	4.75
1.27019	333.00	0	4.75
1.27597	342.00	0	4.75
1.28088	351.00	0	4.75
1.28564	427.00	1	4.75
1.29032	495.00	0	4.75
1.29502	536.00	0	4.75
1.30082	565.00	0	4.75
1.30582	567.00	0	4.75
1.31057	586.00	0	4.65
1.31532	583.00	0	4.65
1.32004	584.00	0	4.65
1.32594	584.00	0	4.65
1.33082	550.00	0	4.65
1.33578	499.00	1	4.65
1.34057	411.00	0	4.65
1.34535	376.00	0	4.65
1.35023	369.00	0	4.65
1.35595	334.00	0	4.65
1.36077	332.00	0	4.65
1.36539	324.00	0	4.65
1.37026	323.00	0	4.65
1.37601	342.00	0	4.65
1.38088	332.00	0	4.65
1.38573	347.00	0	4.65
1.39078	373.00	0	4.65
1.39603	451.00	1	4.65
1.40077	522.00	0	4.65
1.40545	541.00	0	4.65
1.41035	577.00	0	4.65
1.41537	580.00	0	4.54
1.42025	588.00	0	4.54
1.42513	596.00	0	4.54
1.43105	579.00	0	4.54
1.43588	580.00	0	4.54
1.44075	550.00	1	4.54
1.44558	471.00	0	4.54
1.45050	395.00	0	4.54
1.45518	358.00	0	4.54
1.46094	358.00	0	4.54
1.46571	351.00	0	4.54
1.47045	347.00	0	4.54
1.47507	354.00	0	4.54
1.48070	333.00	0	4.54
1.48550	342.00	0	4.54
1.49024	334.00	0	4.54
1.49594	333.00	0	4.54
1.50072	373.00	0	4.54
1.50545	426.00	1	4.54
1.51027	508.00	0	4.54
1.51501	535.00	0	4.55
1.52074	555.00	0	4.55
1.52540	578.00	0	4.55
1.53102	578.00	0	4.55
1.53573	588.00	0	4.55
1.54044	585.00	0	4.55
1.54520	581.00	0	4.55
1.55101	565.00	0	4.55
1.55568	505.00	1	4.55
1.56037	437.00	0	4.55
1.56510	382.00	0	4.55
1.57086	360.00	0	4.55
1.57553	355.00	0	4.55
1.58017	328.00	0	4.55
1.58596	327.00	0	4.55
1.59059	326.00	0	4.55
1.59522	328.00	0	4.55
1.60100	345.00	0	4.55
1.60570	335.00	0	4.55
1.61043	357.00	0	4.55
1.61518	393.00	1	4.55
1.62085	487.00	0	4.55
1.62553	535.00	0	4.55
1.63020	555.00	0	4.55
1.63518	584.00	0	4.55
1.64105	588.00	0	4.55
1.64607	586.00	0	4.55
1.65084	595.00	0	4.55
1.65553	579.00	0	4.55
1.66061	578.00	0	4.55
1.66532	546.00	1	4.55
1.67003	481.00	0	4.55
1.67580	393.00	0	4.55
1.68083	356.00	0	4.55
1.68570	361.00	0	4.55
1.69035	349.00	0	4.55
1.69549	348.00	0	4.55
1.70041	354.00	0	4.55
1.70534	333.00	0	4.55
1.71019	345.00	0	4.55
1.71597	338.00	0	4.45
1.72083	332.00	0	4.45
1.72557	365.00	0	4.45
1.73047	416.00	1	4.45
1.73530	505.00	0	4.45
1.74022	535.00	0	4.45
1.74513	555.00	0	4.45
1.75105	579.00	0	4.45
1.75594	574.00	0	4.45
1.76074	592.00	0	4.45
1.76540	583.00	0	4.45
1.77104	580.00	0	4.45
1.77503	580.00	0	4.45
1.78076	536.00	1	4.45
1.78563	485.00	0	4.45
1.79026	404.00	0	4.45
1.79596	366.00	0	4.45
1.80086	366.00	0	4.45
1.80591	334.00	0	4.45
1.81092	331.00	0	4.45
1.81597	327.00	0	4.44
1.82099	322.00	0	4.44
1.82577	340.00	0	4.44
1.83060	332.00	0	4.44
1.83534	347.00	0	4.44
1.84045	358.00	0	4.44
1.84571	420.00	1	4.44
1.85055	507.00	0	4.44
1.85548	531.00	0	4.44
1.86031	571.00	0	4.44
1.86518	577.00	0	4.44
1.87101	583.00	0	4.44
1.87574	597.00	0	4.44
1.88053	146.00	0	4.44
1.88522	591.00	0	4.44
1.89008	577.00	0	4.44
1.89600	550.00	1	4.44
1.90114	492.00	0	4.44
1.90506	402.00	0	4.44
1.91093	368.00	0	4.44
1.91565	359.00	0	4.33
1.92044	348.00	0	4.33
1.92529	356.00	0	4.33
1.93001	344.00	0	4.33
1.93583	343.00	0	4.33
1.94054	339.00	0	4.33
1.94524	335.00	0	4.33
1.95094	342.00	0	4.33
1.95557	337.00	0	4.33
1.96032	388.00	1	4.33
1.96506	450.00	0	4.33
1.97084	520.00	0	4.33
1.97547	552.00	0	4.33
1.98016	557.00	0	4.33
1.98562	582.00	0	4.33
1.99039	580.00	0	4.33
1.99510	590.00	0	4.33
2.00086	593.00	0	4.33
2.00563	583.00	0	4.33
2.01038	581.00	0	4.33
2.01515	550.00	1	4.33
2.02098	476.00	0	4.27
2.02568	415.00	0	4.27
2.03040	369.00	0	4.27
2.03516	372.00	0	4.27
2.04101	345.00	0	4.27
2.04516	331.00	0	4.27
2.05090	332.00	0	4.27
2.05584	322.00	0	4.27
2.06026	337.00	0	4.27
2.06501	333.00	0	4.27
2.07076	337.00	0	4.27
2.07547	358.00	0	4.27
2.08017	377.00	1	4.27
2.08504	473.00	0	4.27
2.09082	524.00	0	4.27
2.09550	554.00	0	4.27
2.10029	580.00	0	4.27
2.10510	578.00	0	4.27
2.11104	595.00	0	4.27
2.11567	591.00	0	4.27
2.12039	591.00	0	4.27
2.12601	592.00	0	4.27
2.13097	570.00	0	4.27
2.13570	554.00	0	4.27
2.14083	480.00	1	4.27
2.14582	385.00	0	4.27
2.15068	372.00	0	4.27
2.15560	351.00	0	4.27
2.16041	357.00	0	4.27
2.16516	347.00	0	4.27
2.17094	346.00	0	4.27
2.17558	350.00	0	4.27
2.18034	333.00	0	4.27
2.18506	344.00	0	4.27
2.19083	336.00	0	4.27
2.19549	338.00	0	4.27
2.20016	376.00	0	4.27
2.20589	443.00	1	4.27
2.21057	516.00	0	4.27
2.21519	539.00	0	4.27
2.22095	557.00	0	4.07
2.22559	581.00	0	4.07
2.23020	575.00	0	4.07
2.23591	593.00	0	4.07
2.24056	587.00	0	4.07
2.24523	588.00	0	4.07
2.25099	591.00	0	4.07
2.25568	561.00	0	4.07
2.26038	540.00	1	4.07
2.26513	461.00	0	4.07
2.27087	387.00	0	4.07
2.27551	381.00	0	4.07
2.28015	352.00	0	4.07
2.28584	346.00	0	4.07
2.29052	328.00	0	4.07
2.29519	326.00	0	4.07
2.30089	336.00	0	4.07
2.30561	326.00	0	4.07
2.31031	344.00	0	4.07
2.31606	342.00	0	4.07
2.32092	267.00	0	4.08
2.32562	397.00	0	4.08
2.33022	449.00	0	4.08
2.33597	523.00	1	4.08
2.34067	545.00	0	4.08
2.34559	570.00	0	4.08
2.35076	590.00	0	4.08
2.35565	583.00	0	4.08
2.36047	597.00	0	4.08
2.36532	592.00	0	4.08
2.37009	592.00	0	4.08
2.37593	589.00	0	4.08
2.38077	560.00	0	4.08
2.38556	532.00	1	4.08
2.39046	435.00	0	4.08
2.39511	377.00	0	4.08
2.40094	368.00	0	4.08
2.40560	348.00	0	4.08
2.41018	358.00	0	4.08
2.41505	347.00	0	4.08
2.42084	345.00	0	4.09
2.42587	347.00	0	4.09
2.43068	333.00	0	4.09
2.43533	343.00	0	4.09
2.44102	339.00	0	4.09
2.44508	338.00	0	4.09
2.45083	383.00	1	4.09
2.45567	428.00	0	4.09
2.46072	506.00	0	4.09
2.46541	535.00	0	4.09
2.47010	555.00	0	4.09
2.47585	579.00	0	4.09
2.48054	576.00	0	4.09
2.48523	594.00	0	4.09
2.49097	589.00	0	4.09
2.49568	586.00	0	4.09
2.50039	591.00	0	4.09
2.50512	575.00	0	4.09
2.51082	556.00	0	4.09
2.51545	501.00	1	4.09
2.52008	427.00	0	4.09
2.52586	388.00	0	3.92
2.53073	360.00	0	3.92
2.53548	357.00	0	3.92
2.54010	335.00	0	3.92
2.54600	464.00	0	3.92
2.55064	331.00	0	3.92
2.55524	321.00	0	3.92
2.56104	335.00	0	3.92
2.56501	333.00	0	3.92
2.57006	339.00	0	3.92
2.57517	353.00	0	3.92
2.58005	365.00	0	3.92
2.58596	456.00	0	3.92
2.59065	510.00	1	3.92
2.59547	538.00	0	3.92
2.60040	571.00	0	3.92
2.60543	576.00	0	3.92
2.61042	592.00	0	3.92
2.61545	591.00	0	3.92
2.62028	594.00	0	3.92
2.62607	598.00	0	3.93
2.63084	580.00	0	3.93
2.63551	583.00	0	3.93
2.64019	550.00	1	3.93
2.64592	476.00	0	3.93
2.65096	402.00	0	3.93
2.65563	360.00	0	3.93
2.66068	364.00	0	3.93
2.66543	352.00	0	3.93
2.67038	349.00	0	3.93
2.67521	358.00	0	3.93
2.68008	341.00	0	3.93
2.68596	341.00	0	3.93
2.69072	338.00	0	3.93
2.69537	336.00	0	3.93
2.70002	339.00	0	3.93
2.70595	333.00	0	3.93
2.71088	369.00	0	3.93
2.71552	414.00	1	3.93
2.72033	482.00	0	3.93
2.72532	532.00	0	3.78
2.73026	545.00	0	3.78
2.73503	573.00	0	3.78
2.74090	577.00	0	3.78
2.74567	584.00	0	3.78
2.75050	596.00	0	3.78
2.75561	584.00	0	3.78
2.76090	592.00	0	3.78
2.76600	584.00	0	3.78
2.77014	572.00	0	3.78
2.77599	515.00	1	3.78
2.78071	457.00	0	3.78
2.78558	408.00	0	3.78
2.79040	373.00	0	3.78
2.79519	363.00	0	3.78
2.80099	354.00	0	3.78
2.80596	327.00	0	3.78
2.81059	332.00	0	3.78
2.81543	323.00	0	3.78
2.82036	326.00	0	3.78
2.82527	336.00	0	3.84
2.83105	331.00	0	3.84
2.83587	343.00	0	3.84
2.84048	344.00	0	3.84
2.84530	362.00	0	3.84
2.85096	439.00	1	3.84
2.85579	494.00	0	3.84
2.86041	538.00	0	3.84
2.86554	558.00	0	3.84
2.87038	578.00	0	3.84
2.87511	590.00	0	3.84
2.88095	587.00	0	3.84
2.88567	598.00	0	3.84
2.89057	593.00	0	3.84
2.89556	588.00	0	3.84
2.90034	589.00	0	3.84
2.90517	567.00	0	3.84
2.91025	550.00	0	3.84
2.91604	455.00	0	3.84
2.92098	379.00	1	3.84
2.92583	371.00	0	3.56
2.93099	351.00	0	3.56
2.93572	357.00	0	3.56
2.94078	350.00	0	3.56
2.94564	349.00	0	3.56
2.95033	355.00	0	3.56
2.95504	334.00	0	3.56
2.96109	341.00	0	3.56
2.96584	337.00	0	3.56
2.97058	333.00	0	3.56
2.97540	340.00	0	3.56
2.98013	339.00	0	3.56
2.98602	396.00	1	3.56
2.99073	453.00	0	3.56
2.99543	510.00	0	3.56
3.00005	546.00	0	3.56
3.00584	555.00	0	3.56
3.01059	575.00	0	3.56
3.01530	579.00	0	3.56
3.02002	591.00	0	3.56
3.02587	600.00	0	3.70
3.03053	585.00	0	3.70
3.03523	597.00	0	3.70
3.04106	581.00	0	3.70
3.04574	563.00	0	3.70
3.05039	534.00	1	3.70
3.05606	442.00	0	3.70
3.06097	399.00	0	3.70
3.06565	373.00	0	3.70
3.07027	362.00	0	3.70
3.07595	354.00	0	3.70
3.08058	328.00	0	3.70
3.08517	333.00	0	3.70
3.09091	324.00	0	3.70
3.09557	321.00	0	3.70
3.10028	333.00	0	3.70
3.10604	328.00	0	3.70
3.11066	344.00	0	3.70
3.11529	338.00	0	3.70
3.12005	353.00	0	3.70
3.12591	412.00	1	3.64
3.13057	462.00	0	3.64
3.13530	526.00	0	3.64
3.14106	552.00	0	3.64
3.14574	572.00	0	3.64
3.15039	590.00	0	3.64
3.15509	586.00	0	3.64
3.16079	600.00	0	3.64
3.16545	593.00	0	3.64
3.17009	595.00	0	3.64
3.17582	594.00	0	3.64
3.18074	576.00	0	3.64
3.18579	567.00	0	3.64
3.19099	521.00	1	3.64
3.19586	436.00	0	3.64
3.20086	388.00	0	3.64
3.20594	355.00	0	3.64
3.21095	359.00	0	3.64
3.21594	353.00	0	3.64
3.22095	345.00	0	3.64
3.22604	360.00	0	3.70
3.23099	343.00	0	3.70
3.23510	348.00	0	3.70
3.24000	337.00	0	3.70
3.24524	336.00	0	3.70
3.25010	341.00	0	3.70
3.25532	163.00	0	3.70
3.26022	345.00	0	3.70
3.26528	362.00	0	3.70
3.27013	420.00	1	3.70
3.27543	493.00	0	3.70
3.28032	525.00	0	3.70
3.28565	558.00	0	3.70
3.29047	564.00	0	3.70
3.29557	577.00	0	3.70
3.30047	592.00	0	3.70
3.30573	585.00	0	3.70
3.31056	597.00	0	3.70
3.31577	590.00	0	3.70
3.32068	585.00	0	3.70
3.32588	588.00	0	3.52
3.33073	557.00	0	3.52
3.33584	531.00	1	3.52
3.34073	464.00	0	3.52
3.34593	400.00	0	3.52
3.35081	385.00	0	3.52
3.35592	358.00	0	3.52
3.36079	354.00	0	3.52
3.36607	339.00	0	3.52
3.37090	326.00	0	3.52
3.37594	331.00	0	3.52
3.38092	318.00	0	3.52
3.38593	329.00	0	3.52
3.39096	331.00	0	3.52
3.39522	335.00	0	3.52
3.40109	347.00	0	3.52
3.40586	338.00	0	3.52
3.41066	365.00	0	3.52
3.41529	396.00	1	3.52
3.42105	479.00	0	3.52
3.42591	531.00	0	3.46
3.43059	542.00	0	3.46
3.43530	578.00	0	3.46
3.44103	585.00	0	3.46
3.44574	587.00	0	3.46
3.45044	597.00	0	3.46
3.45517	590.00	0	3.46
3.46093	599.00	0	3.46
3.46565	587.00	0	3.46
3.47034	584.00	0	3.46
3.47507	580.00	0	3.46
3.48091	544.00	1	3.46
3.48560	508.00	0	3.46
3.49029	421.00	0	3.46
3.49514	376.00	0	3.46
3.50098	367.00	0	3.46
3.50590	349.00	0	3.46
3.51070	357.00	0	3.46
3.51543	346.00	0	3.46
3.52023	349.00	0	3.46
3.52501	353.00	0	3.46
3.53092	334.00	0	3.45
3.53568	345.00	0	3.45
3.54045	334.00	0	3.45
3.54523	333.00	0	3.45
3.55002	338.00	0	3.45
3.55577	336.00	0	3.45
3.56065	375.00	1	3.45
3.56537	419.00	0	3.45
3.57007	483.00	0	3.45
3.57585	540.00	0	3.45
3.58058	548.00	0	3.45
3.58527	571.00	0	3.45
3.59102	579.00	0	3.45
3.59593	583.00	0	3.45
3.60078	595.00	0	3.45
3.60564	584.00	0	3.45
3.61039	598.00	0	3.45
3.61503	586.00	0	3.45
3.62071	583.00	0	3.45
3.62542	579.00	0	3.45
3.63013	547.00	1	3.44
3.63586	506.00	0	3.44
3.64074	432.00	0	3.44
3.64553	387.00	0	3.44
3.65025	376.00	0	3.44
3.65599	352.00	0	3.44
3.66076	352.00	0	3.44
3.66557	332.00	0	3.44
3.67024	326.00	0	3.44
3.67594	328.00	0	3.44
3.68062	317.00	0	3.44
3.68537	333.00	0	3.44
3.69011	327.00	0	3.44
3.69591	335.00	0	3.44
3.70066	346.00	0	3.44
3.70542	338.00	0	3.44
3.71007	368.00	0	3.44
3.71581	414.00	1	3.44
3.72056	483.00	0	3.44
3.72531	388.00	0	3.44
3.73104	549.00	0	3.33
3.73566	580.00	0	3.33
3.74031	582.00	0	3.33
3.74604	590.00	0	3.33
3.75078	600.00	0	3.33
3.75548	593.00	0	3.33
3.76027	604.00	0	3.33
3.76603	592.00	0	3.33
3.77080	588.00	0	3.33
3.77560	588.00	0	3.33
3.78034	561.00	0	3.33
3.78504	547.00	1	3.33
3.79076	458.00	0	3.33
3.79546	391.00	0	3.33
3.80011	373.00	0	3.33
3.80588	351.00	0	3.33
3.81054	360.00	0	3.33
3.81526	347.00	0	3.33
3.82098	346.00	0	3.33
3.82562	359.00	0	3.33
3.83038	339.00	0	3.29
3.83503	347.00	0	3.29
3.84074	338.00	0	3.29
3.84546	337.00	0	3.29
3.85015	340.00	0	3.29
3.85585	329.00	0	3.29
3.86054	352.00	0	3.29
3.86523	372.00	0	3.29
3.87099	438.00	1	3.29
3.87562	502.00	0	3.29
3.88020	528.00	0	3.29
3.88593	564.00	0	3.29
3.89058	564.00	0	3.29
3.89526	579.00	0	3.29
3.90098	593.00	0	3.29
3.90565	587.00	0	3.29
3.91033	599.00	0	3.29
3.91600	591.00	0	3.29
3.92064	590.00	0	3.29
3.92563	596.00	0	3.29
3.93070	573.00	0	3.22
3.93601	563.00	0	3.22
3.94092	523.00	1	3.22
3.94590	456.00	0	3.22
3.95101	407.00	0	3.22
3.95546	371.00	0	3.22
3.96025	376.00	0	3.22
3.96506	351.00	0	3.22
3.97088	335.00	0	3.22
3.97557	335.00	0	3.22
3.98030	319.00	0	3.22
3.98606	328.00	0	3.22
3.99077	325.00	0	3.22
3.99546	329.00	0	3.22
4.00008	337.00	0	3.22
4.00573	330.00	0	3.22
4.01046	348.00	0	3.22
4.01510	345.00	0	3.22
4.02081	378.00	1	3.22
4.02550	442.00	0	3.22
4.03037	494.00	0	3.28
4.03521	539.00	0	3.28
4.04018	554.00	0	3.28
4.04534	577.00	0	3.28
4.05032	592.00	0	3.28
4.05542	589.00	0	3.28
4.06016	602.00	0	3.28
4.06507	592.00	0	3.28
4.07078	596.00	0	3.28
4.07517	594.00	0	3.28
4.08114	583.00	0	3.28
4.08516	590.00	0	3.28
4.09040	564.00	0	3.28
4.09514	545.00	0	3.28
4.10092	473.00	1	3.28
4.10566	393.00	0	3.28
4.11025	376.00	0	3.28
4.11603	360.00	0	3.28
4.12084	351.00	0	3.28
4.12559	357.00	0	3.28
4.13040	342.00	0	3.17
4.13532	358.00	0	3.17
4.14009	341.00	0	3.17
4.14588	336.00	0	3.17
4.15058	343.00	0	3.17
4.15530	331.00	0	3.17
4.16004	341.00	0	3.17
4.16609	335.00	0	3.17
4.17086	342.00	0	3.17
4.17564	382.00	1	3.17
4.18057	422.00	0	3.17
4.18531	498.00	0	3.17
4.19067	530.00	0	3.17
4.19536	553.00	0	3.17
4.20071	570.00	0	3.17
4.20535	572.00	0	3.17
4.21045	594.00	0	3.17
4.21545	587.00	0	3.17
4.22079	590.00	0	3.17
4.22579	597.00	0	3.17
4.23050	587.00	0	3.28
4.23513	596.00	0	3.28
4.24084	578.00	0	3.28
4.24564	562.00	0	3.28
4.25035	533.00	1	3.28
4.25503	465.00	0	3.28
4.26076	409.00	0	3.28
4.26543	372.00	0	3.28
4.27009	368.00	0	3.28
4.27579	358.00	0	3.28
4.28043	332.00	0	3.28
4.28519	336.00	0	3.28
4.29092	324.00	0	3.28
4.29565	321.00	0	3.28
4.30036	330.00	0	3.28
4.30512	325.00	0	3.28
4.31087	339.00	0	3.28
4.31555	337.00	0	3.28
4.32021	343.00	0	3.28
4.32601	363.00	0	3.28
4.33073	380.00	1	3.23
4.33539	453.00	0	3.23
4.34107	513.00	0	3.23
4.34579	538.00	0	3.23
4.35049	564.00	0	3.23
4.35514	573.00	0	3.23
4.36095	593.00	0	3.23
4.36598	591.00	0	3.23
4.37079	596.00	0	3.23
4.37581	602.00	0	3.23
4.38053	589.00	0	3.23
4.38551	600.00	0	3.23
4.39044	584.00	0	3.23
4.39536	581.00	0	3.23
4.40016	566.00	0	3.23
4.40503	531.00	1	3.23
4.41080	451.00	0	3.23
4.41557	384.00	0	3.23
4.42032	364.00	0	3.23
4.42532	360.00	0	3.23
4.43012	347.00	0	3.23
4.43606	355.00	0	3.29
4.44072	347.00	0	3.29
4.44581	348.00	0	3.29
4.45083	351.00	0	3.29
4.45577	333.00	0	3.29
4.46076	345.00	0	3.29
4.46561	334.00	0	3.29
4.47053	334.00	0	3.29
4.47583	339.00	0	3.29
4.48052	333.00	0	3.29
4.48524	366.00	0	3.29
4.49006	394.00	1	3.29
4.49581	465.00	0	3.29
4.50080	522.00	0	3.29
4.50552	538.00	0	3.29
4.51033	565.00	0	3.29
4.51605	571.00	0	3.29
4.52103	581.00	0	3.29
4.52578	591.00	0	3.29
4.53063	585.00	0	3.29
4.53531	600.00	0	3.18
4.54001	588.00	0	3.18
4.54504	593.00	0	3.18
4.55077	594.00	0	3.18
4.55542	577.00	0	3.18
4.56012	573.00	0	3.18
4.56582	529.00	1	3.18
4.57057	472.00	0	3.18
4.57557	419.00	0	3.18
4.58064	371.00	0	3.18
4.58547	377.00	0	3.18
4.59010	353.00	0	3.18
4.59505	347.00	0	3.18
4.60103	338.00	0	3.18
4.60588	319.00	0	3.18
4.61049	328.00	0	3.18
4.61519	319.00	0	3.18
4.62084	326.00	0	3.18
4.62576	338.00	0	3.18
4.63049	330.00	0	3.18
4.63528	347.00	0	3.17
4.64105	342.00	0	3.17
4.64574	350.00	0	3.17
4.65040	384.00	0	3.17
4.65506	425.00	1	3.17
4.66083	510.00	0	3.17
4.66553	528.00	0	3.17
4.67016	555.00	0	3.17
4.67587	582.00	0	3.17
4.68059	582.00	0	3.17
4.68540	598.00	0	3.17
4.69019	592.00	0	3.17
4.69593	596.00	0	3.17
4.70059	602.00	0	3.17
4.70531	591.00	0	3.17
4.71102	596.00	0	3.17
4.71569	583.00	0	3.17
4.72038	582.00	0	3.17
4.72504	559.00	0	3.17
4.73083	498.00	1	3.17
4.73555	440.00	0	3.07
4.74019	378.00	0	3.07
4.74592	359.00	0	3.07
4.75068	361.00	0	3.07
4.75543	346.00	0	3.07
4.76010	357.00	0	3.07
4.76582	346.00	0	3.07
4.77053	349.00	0	3.07
4.77523	352.00	0	3.07
4.78096	332.00	0	3.07
4.78578	343.00	0	3.07
4.79048	333.00	0	3.07
4.79514	337.00	0	3.07
4.80088	339.00	0	3.07
4.80567	328.00	0	3.07
4.81038	347.00	0	3.07
4.81505	359.00	0	3.07
4.82077	418.00	1	3.07
4.82548	479.00	0	3.07
4.83012	515.00	0	3.07
4.83586	557.00	0	3.02
4.84059	558.00	0	3.02
4.84534	573.00	0	3.02
4.85105	590.00	0	3.02
4.85572	582.00	0	3.02
4.86045	599.00	0	3.02
4.86519	591.00	0	3.02
4.87094	591.00	0	3.02
4.87565	597.00	0	3.02
4.88030	584.00	0	3.02
4.88604	585.00	0	3.02
4.89076	560.00	0	3.02
4.89549	536.00	1	3.02
4.90021	486.00	0	3.02
4.90598	407.00	0	3.02
4.91100	386.00	0	3.02
4.91573	366.00	0	3.02
4.92034	360.00	0	3.02
4.92515	349.00	0	3.02
4.93086	328.00	0	3.02
4.93573	333.00	0	3.03
4.94069	320.00	0	3.03
4.94570	320.00	0	3.03
4.95033	328.00	0	3.03
4.95603	323.00	0	3.03
4.96093	340.00	0	3.03
4.96560	334.00	0	3.03
4.97042	340.00	0	3.03
4.97506	347.00	0	3.03
4.98097	357.00	0	3.03
4.98595	415.00	1	3.03
4.99012	454.00	0	3.03
4.99502	518.00	0	3.03
5.00005	542.00	0	3.03
5.00586	563.00	0	3.03
5.01115	588.00	0	3.03
5.01530	585.00	0	3.03
5.02026	594.00	0	3.03
5.02520	600.00	0	3.03
5.03065	592.00	0	3.03
5.03616	602.00	0	3.02
5.04041	592.00	0	3.02
5.04552	587.00	0	3.02
5.05056	585.00	0	3.02
5.05573	557.00	0	3.02
5.06174	522.00	1	3.02
5.06602	456.00	0	3.02
5.07026	399.00	0	3.02
5.07518	372.00	0	3.02
5.08030	351.00	0	3.02
5.08607	358.00	0	3.02
5.09006	345.00	0	3.02
5.09549	346.00	0	3.02
5.10101	358.00	0	3.02
5.10522	345.00	0	3.02
5.11045	350.00	0	3.02
5.11511	334.00	0	3.02
5.12017	339.00	0	3.02
5.12517	339.00	0	3.02
5.13002	330.00	0	3.02
5.13514	341.00	0	3.02
5.14107	338.00	0	3.02
5.14596	359.00	0	3.02
5.15006	399.00	1	3.02
5.15600	460.00	0	3.02
5.16073	521.00	0	3.02
5.16546	538.00	0	3.02
5.17010	562.00	0	3.02
5.17590	576.00	0	3.02
5.18057	577.00	0	3.02
5.18530	593.00	0	3.02
5.19105	589.00	0	3.02
5.19578	594.00	0	3.02
5.20045	595.00	0	3.02
5.20509	589.00	0	3.02
5.21078	595.00	0	3.02
5.21540	576.00	0	3.02
5.22103	556.00	0	3.02
5.22580	530.00	1	3.02
5.23052	460.00	0	3.02
5.23521	424.00	0	3.02
5.24095	375.00	0	3.03
5.24573	367.00	0	3.03
5.25045	363.00	0	3.03
5.25508	342.00	0	3.03
5.26080	341.00	0	3.03
5.26547	323.00	0	3.03
5.27019	325.00	0	3.03
5.27588	328.00	0	3.03
5.28067	319.00	0	3.03
5.28543	338.00	0	3.03
5.29008	329.00	0	3.03
5.29584	335.00	0	3.03
5.30050	344.00	0	3.03
5.30522	338.00	0	3.03
5.31101	368.00	0	3.03
5.31565	394.00	1	3.03
5.32033	460.00	0	3.03
5.32502	513.00	0	3.03
5.33078	536.00	0	3.03
5.33549	569.00	0	3.03
5.34018	574.00	0	3.03
5.34595	589.00	0	3.03
5.35060	597.00	0	3.03
5.35527	591.00	0	3.03
5.36102	603.00	0	3.03
5.36568	594.00	0	3.03
5.37034	598.00	0	3.03
5.37502	593.00	0	3.03
5.38071	579.00	0	3.03
5.38536	580.00	0	3.03
5.39006	546.00	1	3.03
5.39590	489.00	0	3.03
5.40058	423.00	0	3.03
5.40527	370.00	0	3.03
5.41009	369.00	0	3.03
5.41540	352.00	0	3.03
5.42026	352.00	0	3.03
5.42556	354.00	0	3.03
5.43041	342.00	0	3.03
5.43560	357.00	0	3.03
5.44062	345.00	0	3.05
5.44587	336.00	0	3.05
5.45070	345.00	0	3.05
5.45586	331.00	0	3.05
5.46075	340.00	0	3.05
5.46599	332.00	0	3.05
5.47082	334.00	0	3.05
5.47574	359.00	0	3.05
5.48001	375.00	1	3.05
5.48604	455.00	0	3.05
5.49103	506.00	0	3.05
5.49519	536.00	0	3.05
5.50109	564.00	0	3.05
5.50508	561.00	0	3.05
5.51031	585.00	0	3.05
5.51514	582.00	0	3.05
5.52045	592.00	0	3.05
5.52535	597.00	0	3.05
5.53056	587.00	0	3.05
5.53549	600.00	0	3.05
5.54086	591.00	0	3.03
5.54579	584.00	0	3.03
5.55096	579.00	0	3.03
5.55582	549.00	1	3.03
5.56077	521.00	0	3.03
5.56603	449.00	0	3.03
5.57086	398.00	0	3.03
5.57587	384.00	0	3.03
5.58089	359.00	0	3.03
5.58588	360.00	0	3.03
5.59102	341.00	0	3.03
5.59592	329.00	0	3.03
5.60092	329.00	0	3.03
5.60606	315.00	0	3.03
5.61097	326.00	0	3.03
5.61599	326.00	0	3.03
5.62106	329.00	0	3.03
5.62601	343.00	0	3.03
5.63018	332.00	0	3.03
5.63503	350.00	0	3.03
5.64027	347.00	0	3.03
5.64515	379.00	1	3.03
5.65093	452.00	0	3.03
5.65559	498.00	0	3.03
5.66021	538.00	0	3.03
5.66600	557.00	0	3.03
5.67070	578.00	0	3.03
5.67534	591.00	0	3.03
5.68106	587.00	0	3.03
5.68576	602.00	0	3.03
5.69041	592.00	0	3.03
5.69504	601.00	0	3.03
5.70080	599.00	0	3.03
5.70553	585.00	0	3.03
5.71017	595.00	0	3.03
5.71588	572.00	0	3.03
5.72061	555.00	0	3.03
5.72532	521.00	1	3.03
5.73001	446.00	0	3.03
5.73571	389.00	0	3.03
5.74041	358.00	0	2.98
5.74516	357.00	0	2.98
5.75095	358.00	0	2.98
5.75564	342.00	0	2.98
5.76037	357.00	0	2.98
5.76508	343.00	0	2.98
5.77092	347.00	0	2.98
5.77565	345.00	0	2.98
5.78036	334.00	0	2.98
5.78507	344.00	0	2.98
5.79082	332.00	0	2.98
5.79542	335.00	0	2.98
5.80005	336.00	0	2.98
5.80576	338.00	0	2.98
5.81036	374.00	1	2.98
5.81603	422.00	0	2.98
5.82067	481.00	0	2.98
5.82532	524.00	0	2.98
5.83100	547.00	0	2.98
5.83559	570.00	0	2.98
5.84016	567.00	0	2.98
5.84595	586.00	0	3.03
5.85058	589.00	0	3.03
5.85525	588.00	0	3.03
5.86097	601.00	0	3.03
5.86562	589.00	0	3.03
5.87025	595.00	0	3.03
5.87600	592.00	0	3.03
5.88065	571.00	0	3.03
5.88541	566.00	0	3.03
5.89004	523.00	1	3.03
5.89572	462.00	0	3.03
5.90039	413.00	0	3.03
5.90510	373.00	0	3.03
5.91083	374.00	0	3.03
5.91569	352.00	0	3.03
5.92057	344.00	0	3.03
5.92539	337.00	0	3.03
5.93027	321.00	0	3.03
5.93540	329.00	0	3.03
5.94032	318.00	0	3.03
5.94536	326.00	0	2.99
5.95015	333.00	0	2.99
5.95605	329.00	0	2.99
5.96082	347.00	0	2.99
5.96568	336.00	0	2.99
5.97034	349.00	0	2.99
5.97506	367.00	0	2.99
5.98095	415.00	1	2.99
5.98567	495.00	0	2.99
5.99062	519.00	0	2.99
5.99528	551.00	0	2.99
6.00106	579.00	0	2.99
6.00573	582.00	0	2.99
6.01083	599.00	0	2.99
6.01582	590.00	0	2.99
6.02041	598.00	0	2.99
6.02544	601.00	0	2.99
6.03038	593.00	0	2.99
6.03507	599.00	0	2.99
6.04087	584.00	0	2.99
6.04566	580.00	0	2.98
6.05041	564.00	0	2.98
6.05506	528.00	1	2.98
6.06083	457.00	0	2.98
6.06556	384.00	0	2.98
6.07036	368.00	0	2.98
6.07515	360.00	0	2.98
6.08093	347.00	0	2.98
6.08564	357.00	0	2.98
6.09038	343.00	0	2.98
6.09525	353.00	0	2.98
6.10105	353.00	0	2.98
6.10573	334.00	0	2.98
6.11063	343.00	0	2.98
6.11547	332.00	0	2.98
6.12038	337.00	0	2.98
6.12526	335.00	0	2.98
6.13016	331.00	0	2.98
6.13607	358.00	0	2.98
6.14086	384.00	1	2.98
6.14586	446.00	0	3.03
6.15067	505.00	0	3.03
6.15526	531.00	0	3.03
6.16104	565.00	0	3.03
6.16572	562.00	0	3.03
6.17073	579.00	0	3.03
6.17561	587.00	0	3.03
6.18039	586.00	0	3.03
6.18515	600.00	0	3.03
6.19104	590.00	0	3.03
6.19570	594.00	0	3.03
6.20083	596.00	0	3.03
6.20568	582.00	0	3.03
6.21039	582.00	0	3.03
6.21518	551.00	1	3.03
6.22023	526.00	0	3.03
6.22606	455.00	0	3.03
6.23085	395.00	0	3.03
6.23592	383.00	0	3.03
6.24078	360.00	0	3.03
6.24555	355.00	0	3.08
6.25034	344.00	0	3.08
6.25508	329.00	0	3.08
6.26107	330.00	0	3.08
6.26598	320.00	0	3.08
6.27093	322.00	0	3.08
6.27578	330.00	0	3.08
6.28057	324.00	0	3.08
6.28567	343.00	0	3.08
6.29080	334.00	0	3.08
6.29570	341.00	0	3.08
6.30056	353.00	0	3.08
6.30547	366.00	0	3.08
6.31015	428.00	1	3.08
6.31595	492.00	0	3.08
6.32064	532.00	0	3.08
6.32535	551.00	0	3.08
6.33001	568.00	0	3.08
6.33578	593.00	0	3.08
6.34054	587.00	0	3.08
6.34520	598.00	0	3.08
6.35105	603.00	0	3.04
6.35570	593.00	0	3.04
6.36042	605.00	0	3.04
6.36512	589.00	0	3.04
6.37104	588.00	0	3.04
6.37571	585.00	0	3.04
6.38035	564.00	0	3.04
6.38518	552.00	0	3.04
6.39095	471.00	1	3.04
6.39569	406.00	0	3.04
6.40055	374.00	0	3.04
6.40520	355.00	0	3.04
6.41099	361.00	0	3.04
6.41565	345.00	0	3.04
6.42035	350.00	0	3.04
6.42506	351.00	0	3.04
6.43084	341.00	0	3.04
6.43549	348.00	0	3.04
6.44008	332.00	0	3.04
6.44586	337.00	0	3.04
6.45063	338.00	0	2.98
6.45549	328.00	0	2.98
6.46016	341.00	0	2.98
6.46593	340.00	0	2.98
6.47058	368.00	1	2.98
6.47530	418.00	0	2.98
6.48107	477.00	0	2.98
6.48584	533.00	0	2.98
6.49054	544.00	0	2.98
6.49521	565.00	0	2.98
6.50095	578.00	0	2.98
6.50562	580.00	0	2.98
6.51029	593.00	0	2.98
6.51600	589.00	0	2.98
6.52076	597.00	0	2.98
6.52560	596.00	0	2.98
6.53026	588.00	0	2.98
6.53501	597.00	0	2.98
6.54081	580.00	0	2.98
6.54549	575.00	0	2.98
6.55020	550.00	1	3.03
6.55590	496.00	0	3.03
6.56065	448.00	0	3.03
6.56538	389.00	0	3.03
6.57005	381.00	0	3.03
6.57581	367.00	0	3.03
6.58053	347.00	0	3.03
6.58523	345.00	0	3.03
6.59050	325.00	0	3.03
6.59533	324.00	0	3.03
6.60064	325.00	0	3.03
6.60555	317.00	0	3.03
6.61075	335.00	0	3.03
6.61564	330.00	0	3.03
6.62102	335.00	0	3.03
6.62588	346.00	0	3.03
6.63087	337.00	0	3.03
6.63590	366.00	0	3.03
6.64071	389.00	1	3.03
6.64611	461.00	0	3.03
6.65097	518.00	0	3.03
6.65604	534.00	0	3.03
6.66034	564.00	0	3.03
6.66541	573.00	0	3.03
6.67039	592.00	0	3.03
6.67524	594.00	0	3.03
6.68097	591.00	0	3.03
6.68576	302.00	0	3.03
6.69045	594.00	0	3.03
6.69509	599.00	0	3.03
6.70088	593.00	0	3.03
6.70561	583.00	0	3.03
6.71033	579.00	0	3.03
6.71505	544.00	1	3.03
6.72074	485.00	0	3.03
6.72543	411.00	0	3.03
6.73007	370.00	0	3.03
6.73586	366.00	0	3.03
6.74057	350.00	0	3.03
6.74532	355.00	0	3.03
6.75008	349.00	0	3.09
6.75582	345.00	0	3.09
6.76055	359.00	0	3.09
6.76531	337.00	0	3.09
6.77009	344.00	0	3.09
6.77578	342.00	0	3.09
6.78058	331.00	0	3.09
6.78528	341.00	0	3.09
6.79102	332.00	0	3.09
6.79566	347.00	0	3.09
6.80031	373.00	0	3.09
6.80608	429.00	1	3.09
6.81087	500.00	0	3.09
6.81556	522.00	0	3.09
6.82029	557.00	0	3.09
6.82598	567.00	0	3.09
6.83063	571.00	0	3.09
6.83528	590.00	0	3.09
6.84013	582.00	0	3.09
6.84503	596.00	0	3.09
6.85107	598.00	0	2.98
6.85588	588.00	0	2.98
6.86080	599.00	0	2.98
6.86561	584.00	0	2.98
6.87034	583.00	0	2.98
6.87505	563.00	0	2.98
6.88082	517.00	1	2.98
6.88564	467.00	0	2.98
6.89078	397.00	0	2.98
6.89564	379.00	0	2.98
6.90046	369.00	0	2.98
6.90575	348.00	0	2.98
6.91064	347.00	0	2.98
6.91553	325.00	0	2.98
6.92039	328.00	0	2.98
6.92524	324.00	0	2.98
6.93002	322.00	0	2.98
6.93593	336.00	0	2.98
6.94070	329.00	0	2.98
6.94541	339.00	0	2.98
6.95018	341.00	0	2.98
6.95599	336.00	0	3.02
6.96076	362.00	0	3.02
6.96544	376.00	0	3.02
6.97005	440.00	1	3.02
6.97571	509.00	0	3.02
6.98038	531.00	0	3.02
6.98502	559.00	0	3.02
6.99076	575.00	0	3.02
6.99545	591.00	0	3.02
7.00018	590.00	0	3.02
7.00593	593.00	0	3.02
7.01071	605.00	0	3.02
7.01547	594.00	0	3.02
7.02010	601.00	0	3.02
7.02590	595.00	0	3.02
7.03097	579.00	0	3.02
7.03606	579.00	0	3.02
7.04102	546.00	1	3.02
7.04607	490.00	0	3.02
7.05104	415.00	0	3.02
7.05533	371.00	0	3.07
7.06022	369.00	0	3.07
7.06549	350.00	0	3.07
7.07038	353.00	0	3.07
7.07596	357.00	0	3.07
7.08096	343.00	0	3.07
7.08518	358.00	0	3.07
7.09054	339.00	0	3.07
7.09543	339.00	0	3.07
7.10082	341.00	0	3.07
7.10571	329.00	0	3.07
7.11093	340.00	0	3.07
7.11588	393.00	1	3.07
7.12107	335.00	0	3.07
7.12586	349.00	0	3.07
7.13050	368.00	0	3.07
7.13523	429.00	0	3.07
7.14106	485.00	0	3.07
7.14594	533.00	0	3.07
7.15068	553.00	0	3.07
7.15545	560.00	0	3.23
7.16010	581.00	0	3.23
7.16594	582.00	0	3.23
7.17065	592.00	0	3.23
7.17542	595.00	0	3.23
7.18009	591.00	0	3.23
7.18598	600.00	0	3.23
7.19075	586.00	0	3.23
7.19541	594.00	0	3.23
7.20005	583.00	0	3.23
7.20587	558.00	0	3.23
7.21072	541.00	1	3.23
7.21540	473.00	0	3.23
7.22009	425.00	0	3.23
7.22595	384.00	0	3.23
7.23069	362.00	0	3.23
7.23533	367.00	0	3.23
7.24006	342.00	0	3.23
7.24587	336.00	0	3.23
7.25051	329.00	0	3.23
7.25524	320.00	0	3.03
7.26100	328.00	0	3.03
7.26589	322.00	0	3.03
7.27109	329.00	0	3.03
7.27607	342.00	0	3.03
7.28045	332.00	0	3.03
7.28543	349.00	0	3.03
7.29069	339.00	0	3.03
7.29556	360.00	0	3.03
7.30093	403.00	1	3.03
7.30581	456.00	0	3.03
7.31101	524.00	0	3.03
7.31589	536.00	0	3.03
7.32001	562.00	0	3.03
7.32503	578.00	0	3.03
7.33109	585.00	0	3.03
7.33605	599.00	0	3.03
7.34031	592.00	0	3.03
7.34527	601.00	0	3.03
7.35059	600.00	0	3.03
7.35567	591.00	0	3.02
7.36098	598.00	0	3.02
7.36590	582.00	0	3.02
7.37098	573.00	0	3.02
7.37602	557.00	1	3.02
7.38102	501.00	0	3.02
7.38599	439.00	0	3.02
7.39101	378.00	0	3.02
7.39528	365.00	0	3.02
7.40071	361.00	0	3.02
7.40574	347.00	0	3.02
7.41106	357.00	0	3.02
7.41587	343.00	0	3.02
7.42100	346.00	0	3.02
7.42586	354.00	0	3.02
7.43083	335.00	0	3.02
7.43594	344.00	0	3.02
7.44103	335.00	0	3.02
7.44509	337.00	0	3.02
7.45037	335.00	0	3.02
7.45535	328.00	0	3.02
7.46069	347.00	0	2.99
7.46557	353.00	0	2.99
7.47039	405.00	1	2.99
7.47518	456.00	0	2.99
7.48011	508.00	0	2.99
7.48517	549.00	0	2.99
7.49020	554.00	0	2.99
7.49524	575.00	0	2.99
7.50024	581.00	0	2.99
7.50556	585.00	0	2.99
7.51058	600.00	0	2.99
7.51557	588.00	0	2.99
7.52071	595.00	0	2.99
7.52573	594.00	0	2.99
7.53075	587.00	0	2.99
7.53608	588.00	0	2.99
7.54000	561.00	0	2.99
7.54506	544.00	1	2.99
7.55003	486.00	0	2.99
7.55501	419.00	0	2.99
7.56011	393.00	0	2.99
7.56518	363.00	0	2.99
7.57030	364.00	0	2.99
7.57533	347.00	0	2.99
7.58035	330.00	0	2.99
7.58587	333.00	0	2.99
7.59095	319.00	0	2.99
7.59601	321.00	0	2.99
7.60110	330.00	0	2.99
7.60501	326.00	0	2.99
7.61019	340.00	0	2.99
7.61510	330.00	0	2.99
7.62098	341.00	0	2.99
7.62581	348.00	0	2.99
7.63063	356.00	0	2.99
7.63557	415.00	1	2.99
7.64041	462.00	0	2.99
7.64523	523.00	0	2.99
7.65006	541.00	0	2.99
7.65514	563.00	0	2.99
7.66033	588.00	0	2.99
7.66560	587.00	0	2.99
7.67082	596.00	0	2.99
7.67607	600.00	0	2.99
7.68009	598.00	0	2.99
7.68531	605.00	0	2.99
7.69051	590.00	0	2.99
7.69550	591.00	0	2.99
7.70030	585.00	0	2.99
7.70510	568.00	0	2.99
7.71003	553.00	0	2.99
7.71598	479.00	1	2.99
7.72089	415.00	0	2.99
7.72580	375.00	0	2.99
7.73055	356.00	0	2.99
7.73545	365.00	0	2.99
7.74013	346.00	0	2.99
7.74505	354.00	0	2.99
7.75099	352.00	0	2.99
7.75586	345.00	0	2.99
7.76087	351.00	0	2.94
7.76602	335.00	0	2.94
7.77110	336.00	0	2.94
7.77602	340.00	0	2.94
7.78104	330.00	0	2.94
7.78590	341.00	0	2.94
7.79052	329.00	0	2.94
7.79566	346.00	0	2.94
7.80058	374.00	0	2.94
7.80557	420.00	1	2.94
7.81042	489.00	0	2.94
7.81503	514.00	0	2.94
7.82084	553.00	0	2.94
7.82577	564.00	0	2.94
7.83048	570.00	0	2.94
7.83520	589.00	0	2.94
7.84002	582.00	0	2.94
7.84602	595.00	0	2.94
7.85082	595.00	0	2.94
7.85562	589.00	0	2.94
7.86084	598.00	0	2.98
7.86588	581.00	0	2.98
7.87079	582.00	0	2.98
7.87543	560.00	0	2.98
7.88013	527.00	1	2.98
7.88511	485.00	0	2.98
7.89010	415.00	0	2.98
7.89602	381.00	0	2.98
7.90084	372.00	0	2.98
7.90562	354.00	0	2.98
7.91049	356.00	0	2.98
7.91535	329.00	0	2.98
7.92025	332.00	0	2.98
7.92511	323.00	0	2.98
7.93008	318.00	0	2.98
7.93525	331.00	0	2.98
7.94036	320.00	0	2.98
7.94524	336.00	0	2.98
7.95006	335.00	0	2.98
7.95585	333.00	0	2.98
7.96064	352.00	0	2.98
7.96547	351.00	0	2.98
7.97008	390.00	1	2.98
7.97586	465.00	0	2.98
7.98064	508.00	0	2.98
7.98536	544.00	0	2.98
7.99009	554.00	0	2.98
7.99586	581.00	0	2.98
8.00053	589.00	0	2.98
