0.00001	377.00	0	0.00
0.00129	376.00	0	0.00
0.00573	378.00	0	0.00
0.01017	378.00	0	0.00
0.01566	377.00	0	0.00
0.02009	375.00	0	0.00
0.02560	366.00	0	0.00
0.03004	352.00	0	0.00
0.03554	317.00	0	0.00
0.04104	279.00	0	0.00
0.04548	252.00	0	0.00
0.05098	229.00	0	0.00
0.05542	220.00	0	0.00
0.06093	213.00	0	0.00
0.06536	211.00	0	0.00
0.07087	209.00	0	0.00
0.07531	206.00	0	0.00
0.08081	204.00	0	0.00
0.08524	201.00	0	0.00
0.09075	200.00	0	0.00
0.09518	201.00	0	0.00
0.10069	205.00	0	0.00
0.10513	223.00	0	0.00
0.11064	284.00	1	0.00
0.11508	330.00	0	0.00
0.12058	366.00	0	0.00
0.12503	382.00	0	0.00
0.13053	397.00	0	0.00
0.13604	407.00	0	0.00
0.14047	409.00	0	0.00
0.14599	404.00	0	0.00
0.15042	395.00	0	0.00
0.15595	359.00	1	0.00
0.16038	280.00	0	0.00
0.16590	233.00	0	0.00
0.17082	220.00	0	0.00
0.17533	215.00	0	0.00
0.18086	213.00	0	0.00
0.18530	210.00	0	0.00
0.19082	208.00	0	0.00
0.19526	209.00	0	0.00
0.20078	214.00	0	0.00
0.20521	221.00	0	0.00
0.21073	252.00	1	0.00
0.21516	290.00	0	0.00
0.22069	332.00	0	0.00
0.22512	352.00	0	0.00
0.23061	369.00	0	0.00
0.23507	378.00	0	0.00
0.24057	384.00	0	0.00
0.24502	386.00	0	0.00
0.25052	383.00	0	0.00
0.25604	369.00	0	0.00
0.26046	328.00	1	0.00
0.26599	258.00	0	0.00
0.27042	227.00	0	0.00
0.27597	213.00	0	0.00
0.28040	210.00	0	0.00
0.28590	205.00	0	0.00
0.29036	201.00	0	0.00
0.29587	200.00	0	0.00
0.30033	199.00	0	0.00
0.30583	201.00	0	0.00
0.31029	210.00	0	0.00
0.31584	268.00	1	0.00
0.32029	319.00	0	4.87
0.32579	358.00	0	4.87
0.33024	377.00	0	4.87
0.33574	393.00	0	4.87
0.34017	400.00	0	4.87
0.34569	406.00	0	4.87
0.35012	398.00	0	4.87
0.35564	394.00	0	4.87
0.36007	367.00	1	4.87
0.36559	273.00	0	4.90
0.37001	234.00	0	4.90
0.37553	217.00	0	4.90
0.38105	212.00	0	4.90
0.38554	210.00	0	4.90
0.39013	208.00	0	4.90
0.39573	208.00	0	4.90
0.40017	204.00	0	4.90
0.40566	212.00	0	4.90
0.41012	221.00	0	4.90
0.41562	255.00	1	4.90
0.42007	294.00	0	4.88
0.42557	333.00	0	4.88
0.43002	349.00	0	4.88
0.43552	368.00	0	4.88
0.44103	377.00	0	4.88
0.44546	381.00	0	4.88
0.45098	385.00	0	4.88
0.45541	382.00	0	4.88
0.46090	366.00	0	4.88
0.46536	315.00	1	4.88
0.47085	248.00	0	4.88
0.47530	224.00	0	4.88
0.48080	213.00	0	4.88
0.48525	209.00	0	4.88
0.49075	204.00	0	4.88
0.49521	201.00	0	4.88
0.50070	199.00	0	4.88
0.50524	199.00	0	4.88
0.51083	202.00	0	4.88
0.51533	216.00	0	4.88
0.52090	281.00	1	4.88
0.52539	327.00	0	4.88
0.53097	363.00	0	4.88
0.53551	383.00	0	4.88
0.54104	397.00	0	4.88
0.54553	403.00	0	4.88
0.55001	405.00	0	4.88
0.55557	401.00	0	4.88
0.56003	391.00	0	4.88
0.56562	333.00	1	4.88
0.57014	260.00	0	4.88
0.57570	224.00	0	4.86
0.58018	217.00	0	4.86
0.58573	213.00	0	4.86
0.59021	210.00	0	4.86
0.59575	208.00	0	4.86
0.60025	208.00	0	4.86
0.60579	210.00	0	4.86
0.61025	214.00	0	4.86
0.61580	230.00	0	4.86
0.62025	267.00	1	4.86
0.62584	315.00	0	4.89
0.63032	342.00	0	4.89
0.63593	360.00	0	4.89
0.64038	371.00	0	4.89
0.64595	383.00	0	4.89
0.65061	385.00	0	4.89
0.65520	386.00	0	4.89
0.66083	377.00	0	4.89
0.66533	357.00	0	4.89
0.67091	281.00	1	4.89
0.67538	239.00	0	4.89
0.68097	216.00	0	4.86
0.68542	210.00	0	4.86
0.69098	207.00	0	4.86
0.69544	204.00	0	4.86
0.70097	199.00	0	4.86
0.70543	199.00	0	4.86
0.71103	200.00	0	4.86
0.71548	204.00	0	4.86
0.72103	241.00	1	4.86
0.72548	297.00	0	4.86
0.73103	345.00	0	5.00
0.73548	370.00	0	5.00
0.74101	388.00	0	5.00
0.74546	391.00	0	5.00
0.75104	406.00	0	5.00
0.75549	405.00	0	5.00
0.76100	394.00	0	5.00
0.76548	373.00	1	5.00
0.77101	277.00	0	5.00
0.77548	234.00	0	5.00
0.78100	218.00	0	5.00
0.78547	213.00	0	5.00
0.79101	212.00	0	5.00
0.79551	208.00	0	5.00
0.80009	207.00	0	5.00
0.80572	208.00	0	5.00
0.81027	212.00	0	5.00
0.81588	220.00	0	5.00
0.82032	244.00	1	5.00
0.82586	293.00	0	5.00
0.83033	326.00	0	5.00
0.83588	354.00	0	5.00
0.84038	362.00	0	5.00
0.84594	378.00	0	5.00
0.85047	385.00	0	5.00
0.85601	386.00	0	5.00
0.86046	382.00	0	5.00
0.86598	364.00	0	5.00
0.87047	311.00	1	5.00
0.87604	246.00	0	5.00
0.88060	222.00	0	5.01
0.88510	213.00	0	5.01
0.89074	205.00	0	5.01
0.89520	206.00	0	5.01
0.90079	201.00	0	5.01
0.90524	199.00	0	5.01
0.91085	201.00	0	5.01
0.91530	199.00	0	5.01
0.92084	211.00	0	5.01
0.92534	258.00	1	5.01
0.93094	324.00	0	4.89
0.93543	356.00	0	4.89
0.94103	381.00	0	4.89
0.94547	393.00	0	4.89
0.95102	402.00	0	4.89
0.95548	404.00	0	4.89
0.96099	399.00	0	4.89
0.96546	386.00	0	4.89
0.97105	319.00	1	4.89
0.97553	253.00	0	4.86
0.98105	223.00	0	4.86
0.98552	215.00	0	4.86
0.99001	213.00	0	4.86
0.99556	209.00	0	4.86
1.00001	207.00	0	4.86
1.00555	206.00	0	4.86
1.01006	207.00	0	4.86
1.01566	213.00	0	4.86
1.02011	224.00	0	4.86
1.02570	262.00	1	4.86
1.03015	303.00	0	4.86
1.03570	339.00	0	4.87
1.04015	355.00	0	4.87
1.04565	371.00	0	4.87
1.05014	379.00	0	4.87
1.05566	384.00	0	4.87
1.06019	385.00	0	4.87
1.06570	377.00	0	4.87
1.07019	357.00	0	4.87
1.07571	283.00	1	4.87
1.08023	240.00	0	4.87
1.08574	218.00	0	4.87
1.09025	211.00	0	4.87
1.09576	207.00	0	4.87
1.10024	203.00	0	4.87
1.10575	200.00	0	4.87
1.11027	198.00	0	4.87
1.11580	198.00	0	4.87
1.12033	201.00	0	4.87
1.12584	223.00	0	4.87
1.13032	278.00	1	4.87
1.13595	338.00	0	4.87
1.14052	366.00	0	4.88
1.14503	384.00	0	4.88
1.15065	395.00	0	4.88
1.15513	402.00	0	4.88
1.16071	405.00	0	4.88
1.16519	400.00	0	4.88
1.17077	379.00	0	4.88
1.17526	311.00	1	4.88
1.18083	241.00	0	4.90
1.18531	222.00	0	4.90
1.19090	214.00	0	4.90
1.19538	212.00	0	4.90
1.20096	210.00	0	4.90
1.20544	207.00	0	4.90
1.21102	208.00	0	4.90
1.21550	209.00	0	4.90
1.22108	216.00	0	4.90
1.22556	235.00	0	4.90
1.23007	274.00	1	4.90
1.23567	321.00	0	4.89
1.24015	345.00	0	4.89
1.24570	363.00	0	4.89
1.25018	375.00	0	4.89
1.25573	382.00	0	4.89
1.26021	384.00	0	4.89
1.26577	383.00	0	4.89
1.27025	374.00	0	4.89
1.27580	330.00	1	4.89
1.28028	271.00	0	4.89
1.28583	229.00	0	5.00
1.29031	214.00	0	5.00
1.29591	209.00	0	5.00
1.30039	206.00	0	5.00
1.30599	202.00	0	5.00
1.31047	199.00	0	5.00
1.31603	198.00	0	5.00
1.32051	198.00	0	5.00
1.32606	208.00	0	5.00
1.33054	252.00	1	5.00
1.33508	311.00	0	4.99
1.34062	355.00	0	4.99
1.34510	375.00	0	4.99
1.35065	392.00	0	4.99
1.35519	401.00	0	4.99
1.36079	404.00	0	4.99
1.36529	400.00	0	4.99
1.37081	390.00	0	4.99
1.37529	363.00	1	4.99
1.38097	267.00	0	4.99
1.38543	232.00	0	5.00
1.39098	217.00	0	5.00
1.39550	212.00	0	5.00
1.40106	211.00	0	5.00
1.40554	208.00	0	5.00
1.41002	206.00	0	5.00
1.41562	208.00	0	5.00
1.42010	211.00	0	5.00
1.42565	223.00	0	5.00
1.43013	255.00	1	5.00
1.43568	304.00	0	5.00
1.44016	336.00	0	5.00
1.44571	357.00	0	5.00
1.45019	368.00	0	5.00
1.45579	380.00	0	5.00
1.46032	384.00	0	5.00
1.46587	385.00	0	5.00
1.47035	380.00	0	5.00
1.47595	361.00	0	5.00
1.48043	305.00	1	5.00
1.48598	243.00	0	4.89
1.49046	222.00	0	4.89
1.49605	211.00	0	4.89
1.50053	207.00	0	4.89
1.50501	204.00	0	4.89
1.51056	200.00	0	4.89
1.51504	199.00	0	4.89
1.52060	198.00	0	4.89
1.52514	202.00	0	4.89
1.53068	226.00	0	4.89
1.53522	284.00	1	4.89
1.54082	341.00	0	4.89
1.54533	366.00	0	4.89
1.55089	387.00	0	4.89
1.55547	395.00	0	4.89
1.56104	403.00	0	4.89
1.56556	405.00	0	4.89
1.57006	399.00	0	4.89
1.57565	383.00	0	4.89
1.58013	325.00	1	4.89
1.58571	246.00	0	4.88
1.59019	223.00	0	4.88
1.59578	214.00	0	4.88
1.60027	211.00	0	4.88
1.60585	210.00	0	4.88
1.61035	207.00	0	4.88
1.61594	206.00	0	4.88
1.62042	210.00	0	4.88
1.62600	216.00	0	4.88
1.63050	236.00	0	4.88
1.63502	275.00	1	4.88
1.64057	320.00	0	4.88
1.64508	344.00	0	4.88
1.65065	361.00	0	4.88
1.65518	373.00	0	4.88
1.66083	382.00	0	4.88
1.66535	386.00	0	4.88
1.67095	384.00	0	4.88
1.67554	376.00	0	4.88
1.68003	356.00	0	4.88
1.68562	279.00	1	4.88
1.69011	237.00	0	4.88
1.69572	217.00	0	4.87
1.70021	210.00	0	4.87
1.70580	204.00	0	4.87
1.71030	201.00	0	4.87
1.71590	199.00	0	4.87
1.72039	199.00	0	4.87
1.72596	199.00	0	4.87
1.73047	205.00	0	4.87
1.73605	247.00	1	4.87
1.74056	303.00	0	4.87
1.74506	343.00	0	4.87
1.75064	370.00	0	4.98
1.75514	387.00	0	4.98
1.76072	399.00	0	4.98
1.76520	405.00	0	4.98
1.77079	402.00	0	4.98
1.77528	399.00	0	4.98
1.78086	378.00	0	4.98
1.78534	307.00	1	4.98
1.79093	238.00	0	4.87
1.79542	220.00	0	4.87
1.80021	214.00	0	4.87
1.80582	210.00	0	4.87
1.81035	209.00	0	4.87
1.81591	207.00	0	4.87
1.82042	207.00	0	4.87
1.82596	210.00	0	4.87
1.83048	215.00	0	4.87
1.83603	250.00	1	4.87
1.84053	290.00	0	4.97
1.84502	324.00	0	4.97
1.85059	351.00	0	4.97
1.85507	362.00	0	4.97
1.86063	376.00	0	4.97
1.86512	382.00	0	4.97
1.87069	387.00	0	4.97
1.87549	382.00	0	4.97
1.88018	373.00	0	4.97
1.88502	337.00	1	4.97
1.89070	261.00	0	5.02
1.89515	229.00	0	5.02
1.90070	213.00	0	5.02
1.90514	210.00	0	5.02
1.91078	206.00	0	5.02
1.91522	202.00	0	5.02
1.92081	198.00	0	5.02
1.92530	198.00	0	5.02
1.93048	200.00	0	5.02
1.93596	213.00	0	5.02
1.94049	260.00	1	5.02
1.94502	313.00	0	4.89
1.95058	356.00	0	4.89
1.95505	375.00	0	4.89
1.96057	391.00	0	4.89
1.96505	401.00	0	4.89
1.97060	404.00	0	4.89
1.97507	403.00	0	4.89
1.98068	392.00	0	4.89
1.98517	362.00	1	4.89
1.99075	266.00	0	4.89
1.99520	230.00	0	5.00
2.00070	216.00	0	5.00
2.00517	213.00	0	5.00
2.01070	210.00	0	5.00
2.01514	208.00	0	5.00
2.02068	207.00	0	5.00
2.02513	208.00	0	5.00
2.03066	214.00	0	5.00
2.03511	222.00	0	5.00
2.04065	259.00	1	5.00
2.04509	298.00	0	5.00
2.05062	336.00	0	4.89
2.05512	353.00	0	4.89
2.06065	368.00	0	4.89
2.06509	378.00	0	4.89
2.07060	385.00	0	4.89
2.07512	386.00	0	4.89
2.08062	378.00	0	4.89
2.08514	367.00	0	4.89
2.09065	300.00	1	4.89
2.09512	248.00	0	4.86
2.10068	219.00	0	4.86
2.10515	211.00	0	4.86
2.11068	207.00	0	4.86
2.11515	204.00	0	4.86
2.12071	200.00	0	4.86
2.12521	199.00	0	4.86
2.13073	198.00	0	4.86
2.13529	201.00	0	4.86
2.14087	223.00	0	4.86
2.14534	275.00	1	4.86
2.15087	334.00	0	4.86
2.15539	363.00	0	4.88
2.16090	384.00	0	4.88
2.16542	396.00	0	4.88
2.17094	402.00	0	4.88
2.17545	402.00	0	4.88
2.18101	388.00	0	4.88
2.18548	381.00	0	4.88
2.19100	294.00	1	4.88
2.19546	240.00	0	4.86
2.20097	219.00	0	4.86
2.20544	214.00	0	4.86
2.21096	211.00	0	4.86
2.21540	209.00	0	4.86
2.22093	207.00	0	4.86
2.22538	207.00	0	4.86
2.23096	208.00	0	4.86
2.23541	216.00	0	4.86
2.24095	241.00	1	4.86
2.24540	279.00	0	4.86
2.25095	323.00	0	4.99
2.25539	345.00	0	4.99
2.26097	362.00	0	4.99
2.26541	374.00	0	4.99
2.27096	382.00	0	4.99
2.27540	385.00	0	4.99
2.28091	383.00	0	4.99
2.28545	373.00	0	4.99
2.29098	324.00	1	4.99
2.29550	263.00	0	4.99
2.30105	225.00	0	4.99
2.30552	214.00	0	4.99
2.31106	209.00	0	4.99
2.31553	206.00	0	4.99
2.32001	203.00	0	4.99
2.32554	200.00	0	4.99
2.33001	198.00	0	4.99
2.33555	199.00	0	4.99
2.34106	207.00	0	4.99
2.34553	246.00	1	4.99
2.35105	313.00	0	4.99
2.35552	352.00	0	5.00
2.36103	378.00	0	5.00
2.36547	390.00	0	5.00
2.37105	399.00	0	5.00
2.37550	405.00	0	5.00
2.38103	400.00	0	5.00
2.38547	392.00	0	5.00
2.39101	338.00	1	5.00
2.39546	265.00	0	5.00
2.40099	227.00	0	5.00
2.40543	217.00	0	5.00
2.41098	212.00	0	5.00
2.41547	211.00	0	5.00
2.42100	208.00	0	5.00
2.42549	207.00	0	5.00
2.43103	207.00	0	5.00
2.43547	214.00	0	5.00
2.44097	222.00	0	5.00
2.44544	251.00	1	5.00
2.45096	300.00	0	5.00
2.45543	335.00	0	4.89
2.46093	355.00	0	4.89
2.46540	369.00	0	4.89
2.47092	380.00	0	4.89
2.47536	383.00	0	4.89
2.48088	386.00	0	4.89
2.48531	378.00	0	4.89
2.49085	359.00	0	4.89
2.49534	301.00	1	4.89
2.50087	242.00	0	4.89
2.50531	220.00	0	4.89
2.51086	211.00	0	4.89
2.51532	207.00	0	4.89
2.52085	203.00	0	4.89
2.52530	201.00	0	4.89
2.53082	198.00	0	4.89
2.53534	197.00	0	4.89
2.54085	200.00	0	4.89
2.54532	212.00	0	4.89
2.55088	278.00	1	4.89
2.55549	329.00	0	4.87
2.56043	365.00	0	4.87
2.56521	382.00	0	4.87
2.57002	396.00	0	4.87
2.57577	403.00	0	4.87
2.58031	402.00	0	4.87
2.58598	395.00	0	4.87
2.59053	383.00	0	4.87
2.59528	320.00	1	4.87
2.60113	243.00	0	4.87
2.60591	221.00	0	4.90
2.61054	215.00	0	4.90
2.61514	211.00	0	4.90
2.62079	208.00	0	4.90
2.62533	207.00	0	4.90
2.63088	205.00	0	4.90
2.63538	207.00	0	4.90
2.64091	214.00	0	4.90
2.64534	228.00	0	4.90
2.65093	273.00	1	4.90
2.65536	313.00	0	4.90
2.66094	344.00	0	4.87
2.66538	360.00	0	4.87
2.67097	373.00	0	4.87
2.67540	381.00	0	4.87
2.68092	384.00	0	4.87
2.68541	383.00	0	4.87
2.69095	373.00	0	4.87
2.69537	343.00	1	4.87
2.70096	269.00	0	5.00
2.70540	234.00	0	5.00
2.71097	215.00	0	5.00
2.71541	210.00	0	5.00
2.72093	206.00	0	5.00
2.72535	203.00	0	5.00
2.73085	199.00	0	5.00
2.73537	199.00	0	5.00
2.74090	199.00	0	5.00
2.74535	204.00	0	5.00
2.75085	246.00	1	5.00
2.75530	303.00	0	5.00
2.76079	350.00	0	5.00
2.76524	374.00	0	5.00
2.77074	390.00	0	5.00
2.77517	398.00	0	5.00
2.78075	406.00	0	5.00
2.78517	402.00	0	5.00
2.79075	392.00	0	5.00
2.79523	372.00	1	5.00
2.80086	276.00	0	5.00
2.80535	236.00	0	5.00
2.81092	218.00	0	5.00
2.81536	214.00	0	5.00
2.82088	210.00	0	5.00
2.82537	208.00	0	5.00
2.83095	206.00	0	5.00
2.83544	206.00	0	5.00
2.84096	211.00	0	5.00
2.84545	219.00	0	5.00
2.85103	254.00	1	5.00
2.85552	296.00	0	5.00
2.86003	329.00	0	5.00
2.86558	354.00	0	5.00
2.87005	366.00	0	5.00
2.87569	379.00	0	5.00
2.88029	384.00	0	5.00
2.88579	386.00	0	5.00
2.89046	381.00	0	5.00
2.89602	365.00	0	5.00
2.90050	319.00	1	5.00
2.90605	251.00	0	5.00
2.91065	225.00	0	4.87
2.91513	213.00	0	4.87
2.92069	209.00	0	4.87
2.92515	205.00	0	4.87
2.93075	202.00	0	4.87
2.93522	199.00	0	4.87
2.94077	197.00	0	4.87
2.94521	199.00	0	4.87
2.95005	209.00	0	4.87
2.95571	268.00	1	4.87
2.96019	321.00	0	4.88
2.96568	360.00	0	4.88
2.97020	379.00	0	4.88
2.97571	394.00	0	4.88
2.98016	400.00	0	4.88
2.98564	404.00	0	4.88
2.99008	402.00	0	4.88
2.99562	389.00	0	4.88
3.00005	353.00	1	4.88
3.00557	260.00	0	4.88
3.01000	229.00	0	4.88
3.01556	215.00	0	4.88
3.02105	212.00	0	4.88
3.02551	210.00	0	4.88
3.03001	208.00	0	4.88
3.03560	206.00	0	4.88
3.04009	208.00	0	4.88
3.04561	214.00	0	4.88
3.05005	228.00	0	4.88
3.05556	273.00	1	4.88
3.06000	311.00	0	4.89
3.06557	343.00	0	4.89
3.07003	358.00	0	4.89
3.07554	372.00	0	4.89
3.08105	381.00	0	4.89
3.08547	384.00	0	4.89
3.09105	385.00	0	4.89
3.09554	379.00	0	4.89
3.10105	350.00	1	4.89
3.10557	288.00	0	4.89
3.11017	240.00	0	4.99
3.11578	218.00	0	4.99
3.12027	210.00	0	4.99
3.12580	206.00	0	4.99
3.13031	202.00	0	4.99
3.13589	200.00	0	4.99
3.14039	198.00	0	4.99
3.14588	199.00	0	4.99
3.15043	203.00	0	4.99
3.15596	238.00	1	4.99
3.16049	295.00	0	4.99
3.16599	345.00	0	4.99
3.17047	368.00	0	4.99
3.17602	388.00	0	4.99
3.18055	397.00	0	4.99
3.18504	402.00	0	4.99
3.19059	400.00	0	4.99
3.19507	398.00	0	4.99
3.20061	384.00	0	4.99
3.20522	320.00	1	4.99
3.21077	245.00	0	4.99
3.21527	223.00	0	4.87
3.22078	214.00	0	4.87
3.22527	212.00	0	4.87
3.23082	209.00	0	4.87
3.23539	206.00	0	4.87
3.24094	207.00	0	4.87
3.24548	209.00	0	4.87
3.25102	217.00	0	4.87
3.25555	238.00	0	4.87
3.26006	275.00	1	4.87
3.26558	320.00	0	4.89
3.27006	344.00	0	4.89
3.27561	361.00	0	4.89
3.28004	372.00	0	4.89
3.28564	381.00	0	4.89
3.29008	387.00	0	4.89
3.29563	383.00	0	4.89
3.30011	375.00	0	4.89
3.30566	344.00	1	4.89
3.31014	281.00	0	4.89
3.31570	232.00	0	4.89
3.32018	216.00	0	4.89
3.32571	209.00	0	4.89
3.33019	206.00	0	4.89
3.33574	202.00	0	4.89
3.34017	199.00	0	4.89
3.34571	198.00	0	4.89
3.35019	198.00	0	4.89
3.35577	206.00	0	4.89
3.36020	239.00	1	4.89
3.36571	307.00	0	4.89
3.37019	345.00	0	4.90
3.37574	374.00	0	4.90
3.38027	390.00	0	4.90
3.38577	398.00	0	4.90
3.39025	405.00	0	4.90
3.39580	403.00	0	4.90
3.40028	397.00	0	4.90
3.40579	371.00	1	4.90
3.41027	289.00	0	4.99
3.41582	233.00	0	4.99
3.42030	218.00	0	4.99
3.42586	213.00	0	4.99
3.43034	210.00	0	4.99
3.43589	207.00	0	4.99
3.44037	207.00	0	4.99
3.44587	207.00	0	4.99
3.45035	211.00	0	4.99
3.45590	223.00	0	4.99
3.46039	250.00	1	4.99
3.46589	298.00	0	4.99
3.47037	330.00	0	4.99
3.47592	355.00	0	4.99
3.48036	367.00	0	4.99
3.48592	378.00	0	4.99
3.49040	385.00	0	4.99
3.49595	385.00	0	4.99
3.50043	380.00	0	4.99
3.50599	366.00	0	4.99
3.51047	311.00	1	4.99
3.51602	244.00	0	4.88
3.52050	222.00	0	4.88
3.52502	212.00	0	4.88
3.53053	207.00	0	4.88
3.53506	204.00	0	4.88
3.54056	200.00	0	4.88
3.54504	198.00	0	4.88
3.55060	198.00	0	4.88
3.55518	200.00	0	4.88
3.56071	215.00	0	4.88
3.56523	263.00	1	4.88
3.57080	326.00	0	4.88
3.57529	358.00	0	4.88
3.58103	381.00	0	4.88
3.58560	393.00	0	4.88
3.59012	401.00	0	4.88
3.59570	403.00	0	4.88
3.60017	401.00	0	4.88
3.60573	386.00	0	4.88
3.61020	335.00	1	4.88
3.61579	249.00	0	4.89
3.62154	221.00	0	4.89
3.62609	214.00	0	4.89
3.63087	212.00	0	4.89
3.63551	209.00	0	4.89
3.64015	208.00	0	4.89
3.64569	206.00	0	4.89
3.65029	209.00	0	4.89
3.65584	215.00	0	4.89
3.66034	232.00	0	4.89
3.66586	279.00	1	4.89
3.67036	316.00	0	4.87
3.67592	346.00	0	4.87
3.68041	360.00	0	4.87
3.68596	376.00	0	4.87
3.69053	381.00	0	4.87
3.69606	386.00	0	4.87
3.70057	383.00	0	4.87
3.70509	374.00	0	4.87
3.71093	325.00	1	4.87
3.71548	264.00	0	4.87
3.72004	229.00	0	4.99
3.72561	213.00	0	4.99
3.73020	205.00	0	4.99
3.73579	205.00	0	4.99
3.74033	202.00	0	4.99
3.74597	199.00	0	4.99
3.75052	199.00	0	4.99
3.75500	199.00	0	4.99
3.76069	208.00	0	4.99
3.76519	246.00	1	4.99
3.77082	315.00	0	5.00
3.77531	353.00	0	5.00
3.78098	379.00	0	5.00
3.78553	391.00	0	5.00
3.79107	400.00	0	5.00
3.79545	403.00	0	5.00
3.80098	401.00	0	5.00
3.80558	389.00	0	5.00
3.81081	335.00	1	5.00
3.81593	254.00	0	4.98
3.82001	228.00	0	4.98
3.82520	216.00	0	4.98
3.83028	212.00	0	4.98
3.83541	210.00	0	4.98
3.84046	208.00	0	4.98
3.84565	207.00	0	4.98
3.85073	207.00	0	4.98
3.85583	212.00	0	4.98
3.86088	224.00	0	4.98
3.86609	262.00	1	4.98
3.87009	298.00	0	4.98
3.87520	334.00	0	4.98
3.88038	355.00	0	4.99
3.88557	369.00	0	4.99
3.89078	380.00	0	4.99
3.89593	384.00	0	4.99
3.90104	385.00	0	4.99
3.90518	378.00	0	4.99
3.91054	356.00	0	4.99
3.91594	286.00	1	4.99
3.92026	243.00	0	4.88
3.92563	220.00	0	4.88
3.93102	211.00	0	4.88
3.93531	208.00	0	4.88
3.94066	204.00	0	4.88
3.94501	201.00	0	4.88
3.95039	198.00	0	4.88
3.95579	198.00	0	4.88
3.96009	201.00	0	4.88
3.96549	218.00	0	4.88
3.97086	284.00	1	4.88
3.97521	330.00	0	4.88
3.98059	366.00	0	4.86
3.98602	385.00	0	4.86
3.99036	396.00	0	4.86
3.99573	403.00	0	4.86
4.00006	404.00	0	4.86
4.00545	396.00	0	4.86
4.01098	374.00	0	4.86
4.01508	318.00	1	4.86
4.02023	248.00	0	4.86
4.02545	222.00	0	4.90
4.03071	215.00	0	4.90
4.03587	211.00	0	4.90
4.04103	209.00	0	4.90
4.04518	207.00	0	4.90
4.05039	207.00	0	4.90
4.05562	209.00	0	4.90
4.06074	215.00	0	4.90
4.06597	235.00	0	4.90
4.07004	269.00	1	4.90
4.07523	314.00	0	4.90
4.08042	343.00	0	4.90
4.08562	361.00	0	4.90
4.09080	374.00	0	4.90
4.09600	383.00	0	4.90
4.10006	383.00	0	4.90
4.10520	383.00	0	4.90
4.11042	373.00	0	4.90
4.11581	334.00	1	4.90
4.12012	276.00	0	5.00
4.12548	231.00	0	5.00
4.13090	214.00	0	5.00
4.13515	210.00	0	5.00
4.14018	206.00	0	5.00
4.14569	201.00	0	5.00
4.15095	199.00	0	5.00
4.15517	199.00	0	5.00
4.16050	198.00	0	5.00
4.16579	204.00	0	5.00
4.17001	231.00	0	5.00
4.17531	299.00	1	5.00
4.18064	348.00	0	5.00
4.18592	375.00	0	4.89
4.19010	388.00	0	4.89
4.19545	399.00	0	4.89
4.20072	403.00	0	4.89
4.20603	400.00	0	4.89
4.21049	394.00	0	4.89
4.21510	377.00	0	4.89
4.22086	283.00	0	4.89
4.22551	237.00	1	4.89
4.23019	219.00	0	4.75
4.23591	213.00	0	4.75
4.24057	212.00	0	4.75
4.24529	209.00	0	4.75
4.25106	207.00	0	4.75
4.25567	208.00	0	4.75
4.26040	211.00	0	4.75
4.26519	218.00	0	4.75
4.27090	249.00	1	4.75
4.27561	293.00	0	4.98
4.28023	329.00	0	4.98
4.28502	349.00	0	4.98
4.29073	367.00	0	4.98
4.29554	379.00	0	4.98
4.30014	384.00	0	4.98
4.30590	387.00	0	4.98
4.31077	381.00	0	4.98
4.31590	370.00	0	4.98
4.32104	316.00	1	4.98
4.32504	263.00	0	4.98
4.33018	227.00	0	4.87
4.33525	213.00	0	4.87
4.34035	209.00	0	4.87
4.34549	205.00	0	4.87
4.35061	202.00	0	4.87
4.35571	199.00	0	4.87
4.36080	198.00	0	4.87
4.36587	199.00	0	4.87
4.37100	214.00	0	4.87
4.37605	272.00	1	4.87
4.38015	321.00	0	4.98
4.38531	359.00	0	4.98
4.39044	381.00	0	4.98
4.39558	393.00	0	4.98
4.40067	401.00	0	4.98
4.40574	405.00	0	4.98
4.41094	402.00	0	4.98
4.41510	393.00	0	4.98
4.42042	350.00	1	4.98
4.42581	262.00	0	4.98
4.43110	225.00	0	5.13
4.43535	216.00	0	5.13
4.44059	213.00	0	5.13
4.44599	209.00	0	5.13
4.45025	209.00	0	5.13
4.45555	206.00	0	5.13
4.46080	207.00	0	5.13
4.46504	212.00	0	5.13
4.47039	227.00	0	5.13
4.47569	269.00	1	5.13
4.48102	315.00	0	5.13
4.48529	340.00	0	5.13
4.49068	359.00	0	4.88
4.49591	371.00	0	4.88
4.50010	380.00	0	4.88
4.50543	385.00	0	4.88
4.51003	385.00	0	4.88
4.51532	380.00	0	4.88
4.52060	357.00	0	4.88
4.52584	287.00	1	4.88
4.53003	244.00	0	4.88
4.53532	219.00	0	4.88
4.54065	210.00	0	4.88
4.54594	207.00	0	4.88
4.55011	204.00	0	4.88
4.55542	200.00	0	4.88
4.56066	198.00	0	4.88
4.56594	199.00	0	4.88
4.57021	203.00	0	4.88
4.57553	237.00	1	4.88
4.58076	302.00	0	4.88
4.58604	347.00	0	5.01
4.59022	369.00	0	5.01
4.59547	388.00	0	5.01
4.60073	398.00	0	5.01
4.60597	404.00	0	5.01
4.61022	403.00	0	5.01
4.61546	397.00	0	5.01
4.62073	376.00	0	5.01
4.62601	290.00	1	5.01
4.63023	241.00	0	4.86
4.63551	219.00	0	4.86
4.64078	213.00	0	4.86
4.64603	211.00	0	4.86
4.65021	209.00	0	4.86
4.65554	208.00	0	4.86
4.66077	208.00	0	4.86
4.66607	212.00	0	4.86
4.67026	219.00	0	4.86
4.67565	250.00	1	4.86
4.68098	299.00	0	4.86
4.68521	329.00	0	5.00
4.69045	350.00	0	5.00
4.69571	368.00	0	5.00
4.70093	379.00	0	5.00
4.70510	385.00	0	5.00
4.71047	388.00	0	5.00
4.71576	381.00	0	5.00
4.72103	369.00	0	5.00
4.72528	327.00	1	5.00
4.73068	257.00	0	5.01
4.73601	224.00	0	5.01
4.74020	215.00	0	5.01
4.74543	208.00	0	5.01
4.75077	205.00	0	5.01
4.75600	201.00	0	5.01
4.76015	199.00	0	5.01
4.76541	198.00	0	5.01
4.77066	201.00	0	5.01
4.77603	217.00	0	5.01
4.78018	262.00	1	5.01
4.78544	322.00	0	4.89
4.79069	359.00	0	4.89
4.79597	383.00	0	4.89
4.80031	394.00	0	4.89
4.80562	401.00	0	4.89
4.81093	404.00	0	4.89
4.81518	401.00	0	4.89
4.82045	390.00	0	4.89
4.82570	341.00	1	4.89
4.83098	255.00	0	5.01
4.83513	228.00	0	5.01
4.84039	216.00	0	5.01
4.84578	212.00	0	5.01
4.85001	210.00	0	5.01
4.85527	208.00	0	5.01
4.86054	207.00	0	5.01
4.86579	208.00	0	5.01
4.87005	213.00	0	5.01
4.87539	230.00	0	5.01
4.88082	272.00	1	5.01
4.88505	306.00	0	4.87
4.89040	339.00	0	4.87
4.89569	358.00	0	4.87
4.90102	372.00	0	4.87
4.90524	380.00	0	4.87
4.91050	385.00	0	4.87
4.91581	385.00	0	4.87
4.92006	379.00	0	4.87
4.92537	361.00	0	4.87
4.93074	290.00	1	4.87
4.93597	238.00	0	4.87
4.94028	220.00	0	4.87
4.94574	211.00	0	4.87
4.95006	208.00	0	4.87
4.95532	204.00	0	4.87
4.96060	201.00	0	4.87
4.96584	197.00	0	4.87
4.97001	199.00	0	4.87
4.97529	201.00	0	4.87
4.98051	222.00	0	4.87
4.98581	285.00	1	4.87
4.99008	329.00	0	4.87
4.99536	363.00	0	4.86
5.00060	383.00	0	4.86
5.00587	399.00	0	4.86
5.01004	402.00	0	4.86
5.01534	404.00	0	4.86
5.02066	398.00	0	4.86
5.02594	380.00	0	4.86
5.03010	316.00	1	4.86
5.03534	244.00	0	4.86
5.04064	221.00	0	4.89
5.04588	213.00	0	4.89
5.05019	212.00	0	4.89
5.05553	207.00	0	4.89
5.06079	207.00	0	4.89
5.06504	207.00	0	4.89
5.07032	209.00	0	4.89
5.07556	216.00	0	4.89
5.08083	239.00	0	4.89
5.08607	283.00	1	4.89
5.09023	317.00	0	4.89
5.09551	346.00	0	4.87
5.10074	361.00	0	4.87
5.10602	376.00	0	4.87
5.11020	382.00	0	4.87
5.11566	386.00	0	4.87
5.12088	383.00	0	4.87
5.12517	374.00	0	4.87
5.13051	333.00	1	4.87
5.13587	260.00	0	5.01
5.14001	230.00	0	5.01
5.14523	216.00	0	5.01
5.15061	208.00	0	5.01
5.15593	206.00	0	5.01
5.16012	202.00	0	5.01
5.16534	199.00	0	5.01
5.17072	198.00	0	5.01
5.17594	199.00	0	5.01
5.18013	206.00	0	5.01
5.18534	245.00	1	5.01
5.19066	310.00	0	5.01
5.19571	353.00	0	5.01
5.20106	378.00	0	5.01
5.20538	390.00	0	5.01
5.21074	398.00	0	5.01
5.21601	405.00	0	5.01
5.22015	403.00	0	5.01
5.22542	392.00	0	5.01
5.23070	358.00	1	5.01
5.23503	279.00	0	4.99
5.24026	231.00	0	4.99
5.24553	216.00	0	4.99
5.25078	213.00	0	4.99
5.25604	210.00	0	4.99
5.26021	208.00	0	4.99
5.26553	207.00	0	4.99
5.27081	207.00	0	4.99
5.27603	211.00	0	4.99
5.28023	221.00	0	4.99
5.28544	249.00	1	4.99
5.29082	297.00	0	5.02
5.29604	334.00	0	5.02
5.30032	352.00	0	5.02
5.30553	368.00	0	5.02
5.31086	380.00	0	5.02
5.31504	384.00	0	5.02
5.32031	385.00	0	5.02
5.32557	379.00	0	5.02
5.33082	358.00	0	5.02
5.33500	304.00	1	5.02
5.34022	245.00	0	5.02
5.34549	221.00	0	4.89
5.35083	212.00	0	4.89
5.35501	209.00	0	4.89
5.36023	205.00	0	4.89
5.36549	201.00	0	4.89
5.37074	198.00	0	4.89
5.37603	198.00	0	4.89
5.38032	200.00	0	4.89
5.38554	218.00	0	4.89
5.39082	282.00	1	4.89
5.39605	339.00	0	4.89
5.40023	365.00	0	4.87
5.40554	384.00	0	4.87
5.41092	394.00	0	4.87
5.41507	403.00	0	4.87
5.42042	402.00	0	4.87
5.42563	397.00	0	4.87
5.43101	376.00	0	4.87
5.43517	309.00	1	4.87
5.44039	244.00	0	4.87
5.44567	220.00	0	4.89
5.45092	214.00	0	4.89
5.45510	212.00	0	4.89
5.46042	209.00	0	4.89
5.46568	207.00	0	4.89
5.47091	207.00	0	4.89
5.47510	208.00	0	4.89
5.48031	214.00	0	4.89
5.48568	235.00	0	4.89
5.49101	282.00	1	4.89
5.49516	317.00	0	4.89
5.50041	346.00	0	4.86
5.50575	363.00	0	4.86
5.51104	375.00	0	4.86
5.51521	382.00	0	4.86
5.52047	384.00	0	4.86
5.52572	382.00	0	4.86
5.53101	371.00	0	4.86
5.53515	342.00	1	4.86
5.54050	271.00	0	5.00
5.54574	230.00	0	5.00
5.55105	214.00	0	5.00
5.55520	209.00	0	5.00
5.56041	206.00	0	5.00
5.56578	202.00	0	5.00
5.57103	199.00	0	5.00
5.57521	198.00	0	5.00
5.58043	198.00	0	5.00
5.58585	205.00	0	5.00
5.59013	236.00	1	5.00
5.59540	305.00	0	5.02
5.60062	349.00	0	5.02
5.60590	376.00	0	5.02
5.61005	389.00	0	5.02
5.61530	398.00	0	5.02
5.62056	404.00	0	5.02
5.62589	401.00	0	5.02
5.63014	393.00	0	5.02
5.63538	368.00	1	5.02
5.64064	281.00	0	4.99
5.64594	231.00	0	4.99
5.65024	218.00	0	4.99
5.65558	213.00	0	4.99
5.66096	210.00	0	4.99
5.66516	208.00	0	4.99
5.67040	206.00	0	4.99
5.67579	207.00	0	4.99
5.68101	211.00	0	4.99
5.68528	218.00	0	4.99
5.69052	249.00	1	4.99
5.69587	300.00	0	5.01
5.70001	330.00	0	5.01
5.70527	351.00	0	5.01
5.71062	368.00	0	5.01
5.71590	380.00	0	5.01
5.72004	384.00	0	5.01
5.72536	386.00	0	5.01
5.73074	378.00	0	5.01
5.73605	364.00	0	5.01
5.74024	315.00	1	5.01
5.74545	254.00	0	5.01
5.75082	223.00	0	4.88
5.75604	212.00	0	4.88
5.76033	208.00	0	4.88
5.76554	204.00	0	4.88
5.77082	200.00	0	4.88
5.77506	198.00	0	4.88
5.78028	198.00	0	4.88
5.78563	200.00	0	4.88
5.79087	213.00	0	4.88
5.79516	262.00	1	4.88
5.80105	330.00	0	4.88
5.80545	359.00	0	4.88
5.81072	382.00	0	4.88
5.81598	395.00	0	4.88
5.82013	399.00	0	4.88
5.82543	403.00	0	4.88
5.83067	402.00	0	4.88
5.83603	389.00	0	4.88
5.84017	357.00	1	4.88
5.84553	266.00	0	4.88
5.85020	229.00	0	4.88
5.85547	217.00	0	4.88
5.86074	212.00	0	4.88
5.86500	211.00	0	4.88
5.87064	209.00	0	4.88
5.87507	207.00	0	4.88
5.88049	208.00	0	4.88
5.88513	212.00	0	4.88
5.89063	226.00	0	4.88
5.89602	267.00	1	4.88
5.90018	304.00	0	4.88
5.90554	338.00	0	4.87
5.91090	358.00	0	4.87
5.91546	369.00	0	4.87
5.92091	381.00	0	4.87
5.92551	385.00	0	4.87
5.93010	387.00	0	4.87
5.93575	379.00	0	4.87
5.94024	367.00	0	4.87
5.94587	301.00	1	4.87
5.95039	249.00	0	4.87
5.95607	221.00	0	4.86
5.96056	212.00	0	4.86
5.96504	207.00	0	4.86
5.97067	203.00	0	4.86
5.97515	201.00	0	4.86
5.98076	199.00	0	4.86
5.98527	199.00	0	4.86
5.99088	201.00	0	4.86
5.99535	216.00	0	4.86
6.00094	282.00	1	4.86
6.00547	329.00	0	4.86
6.01002	361.00	0	4.86
6.01541	383.00	0	4.86
6.02001	394.00	0	4.86
6.02551	402.00	0	4.86
6.03005	404.00	0	4.86
6.03557	401.00	0	4.86
6.04003	391.00	0	4.86
6.04559	339.00	1	4.86
6.05004	263.00	0	4.87
6.05560	225.00	0	4.87
6.06013	216.00	0	4.87
6.06568	212.00	0	4.87
6.07014	210.00	0	4.87
6.07564	207.00	0	4.87
6.08012	204.00	0	4.87
6.08562	208.00	0	4.87
6.09005	213.00	0	4.87
6.09560	230.00	0	4.87
6.10008	262.00	1	4.87
6.10563	310.00	0	4.90
6.11011	336.00	0	4.90
6.11571	357.00	0	4.90
6.12014	370.00	0	4.90
6.12569	380.00	0	4.90
6.13017	385.00	0	4.90
6.13562	385.00	0	4.90
6.14016	380.00	0	4.90
6.14577	364.00	0	4.90
6.15025	308.00	1	4.90
6.15580	244.00	0	4.89
6.16024	221.00	0	4.89
6.16578	211.00	0	4.89
6.17021	207.00	0	4.89
6.17574	204.00	0	4.89
6.18018	200.00	0	4.89
6.18568	198.00	0	4.89
6.19022	198.00	0	4.89
6.19576	202.00	0	4.89
6.20026	217.00	0	4.89
6.20576	280.00	1	4.89
6.21024	328.00	0	4.88
6.21579	366.00	0	4.88
6.22028	382.00	0	4.88
6.22578	394.00	0	4.88
6.23026	403.00	0	4.88
6.23576	405.00	0	4.88
6.24022	401.00	0	4.88
6.24573	390.00	0	4.88
6.25026	345.00	1	4.88
6.25576	254.00	0	4.88
6.26019	227.00	0	4.88
6.26574	215.00	0	4.89
6.27017	212.00	0	4.89
6.27572	209.00	0	4.89
6.28016	208.00	0	4.89
6.28569	207.00	0	4.89
6.29012	208.00	0	4.89
6.29565	214.00	0	4.89
6.30013	228.00	0	4.89
6.30571	269.00	1	4.89
6.31046	310.00	0	4.89
6.31511	338.00	0	4.89
6.32071	359.00	0	4.86
6.32521	370.00	0	4.86
6.33079	381.00	0	4.86
6.33525	385.00	0	4.86
6.34083	384.00	0	4.86
6.34531	379.00	0	4.86
6.35087	360.00	0	4.86
6.35530	300.00	1	4.86
6.36086	241.00	0	4.88
6.36529	221.00	0	4.88
6.37082	212.00	0	4.88
6.37531	208.00	0	4.88
6.38086	204.00	0	4.88
6.38529	201.00	0	4.88
6.39082	198.00	0	4.88
6.39526	198.00	0	4.88
6.40076	202.00	0	4.88
6.40524	219.00	0	4.88
6.41075	285.00	1	4.88
6.41523	331.00	0	4.88
6.42073	366.00	0	4.88
6.42519	384.00	0	4.88
6.43075	396.00	0	4.88
6.43520	403.00	0	4.88
6.44071	402.00	0	4.88
6.44514	398.00	0	4.88
6.45069	382.00	0	4.88
6.45512	315.00	1	4.88
6.46068	241.00	0	4.88
6.46511	222.00	0	4.88
6.47064	214.00	0	4.88
6.47508	212.00	0	4.88
6.48062	209.00	0	4.88
6.48505	207.00	0	4.88
6.49058	208.00	0	4.88
6.49502	208.00	0	4.88
6.50050	217.00	0	4.88
6.50600	240.00	0	4.88
6.51044	277.00	1	4.88
6.51599	322.00	0	4.88
6.52041	345.00	0	4.88
6.52592	365.00	0	4.88
6.53037	374.00	0	4.88
6.53594	383.00	0	4.88
6.54035	385.00	0	4.88
6.54582	384.00	0	4.88
6.55030	377.00	0	4.88
6.55579	337.00	1	4.88
6.56029	273.00	0	4.99
6.56576	230.00	0	4.99
6.57026	215.00	0	4.99
6.57581	209.00	0	4.99
6.58022	206.00	0	4.99
6.58578	202.00	0	4.99
6.59020	200.00	0	4.99
6.59573	199.00	0	4.99
6.60019	199.00	0	4.99
6.60577	204.00	0	4.99
6.61025	228.00	0	4.99
6.61577	297.00	1	4.99
6.62018	338.00	0	4.99
6.62574	371.00	0	4.88
6.63019	386.00	0	4.88
6.63567	398.00	0	4.88
6.64011	404.00	0	4.88
6.64558	403.00	0	4.88
6.65008	398.00	0	4.88
6.65556	380.00	0	4.88
6.66001	308.00	1	4.88
6.66549	241.00	0	4.88
6.67100	219.00	0	4.88
6.67548	214.00	0	4.88
6.68096	212.00	0	4.88
6.68541	209.00	0	4.88
6.69090	208.00	0	4.88
6.69535	206.00	0	4.88
6.70089	209.00	0	4.88
6.70538	215.00	0	4.88
6.71094	235.00	0	4.88
6.71542	274.00	1	4.88
6.72092	320.00	0	4.88
6.72542	344.00	0	4.88
6.73091	363.00	0	4.88
6.73541	374.00	0	4.88
6.74095	384.00	0	4.88
6.74535	388.00	0	4.88
6.75091	384.00	0	4.88
6.75532	375.00	0	4.88
6.76083	337.00	1	4.88
6.76524	277.00	0	4.88
6.77076	231.00	0	4.88
6.77517	217.00	0	4.88
6.78066	211.00	0	4.88
6.78513	207.00	0	4.88
6.79061	203.00	0	4.88
6.79505	200.00	0	4.88
6.80074	198.00	0	4.88
6.80533	199.00	0	4.88
6.81087	203.00	0	4.88
6.81532	224.00	0	4.88
6.82080	291.00	1	4.88
6.82530	335.00	0	4.88
6.83079	368.00	0	4.88
6.83522	387.00	0	4.88
6.84076	397.00	0	4.88
6.84525	404.00	0	4.88
6.85074	404.00	0	4.88
6.85515	398.00	0	4.88
6.86065	378.00	0	4.88
6.86506	310.00	1	4.88
6.87056	242.00	0	4.88
6.87505	222.00	0	4.88
6.88087	214.00	0	4.88
6.88529	212.00	0	4.88
6.89090	209.00	0	4.88
6.89532	207.00	0	4.88
6.90083	207.00	0	4.88
6.90529	208.00	0	4.88
6.91083	215.00	0	4.88
6.91538	229.00	0	4.88
6.92005	264.00	1	4.88
6.92560	314.00	0	4.89
6.93007	340.00	0	4.89
6.93571	361.00	0	4.89
6.94054	375.00	0	4.89
6.94534	381.00	0	4.89
6.95087	387.00	0	4.89
6.95531	384.00	0	4.89
6.96079	376.00	0	4.89
6.96523	356.00	0	4.89
6.97072	287.00	1	4.89
6.97521	242.00	0	4.76
6.98068	218.00	0	4.76
6.98509	212.00	0	4.76
6.99062	208.00	0	4.76
6.99503	205.00	0	4.76
7.00053	201.00	0	4.76
7.00600	198.00	0	4.76
7.01046	199.00	0	4.76
7.01593	203.00	0	4.76
7.02037	222.00	0	4.76
7.02584	291.00	1	4.76
7.03027	335.00	0	4.76
7.03578	369.00	0	4.88
7.04018	385.00	0	4.88
7.04568	397.00	0	4.88
7.05009	404.00	0	4.88
7.05561	403.00	0	4.88
7.06007	399.00	0	4.88
7.06556	385.00	0	4.88
7.07104	310.00	1	4.88
7.07545	252.00	0	4.88
7.08094	223.00	0	4.85
7.08535	216.00	0	4.85
7.09086	212.00	0	4.85
7.09533	211.00	0	4.85
7.10082	208.00	0	4.85
7.10523	206.00	0	4.85
7.11073	209.00	0	4.85
7.11517	214.00	0	4.85
7.12075	232.00	0	4.85
7.12516	267.00	1	4.85
7.13077	316.00	0	4.88
7.13524	341.00	0	4.88
7.14071	360.00	0	4.88
7.14520	371.00	0	4.88
7.15066	382.00	0	4.88
7.15509	385.00	0	4.88
7.16056	385.00	0	4.88
7.16501	378.00	0	4.88
7.17059	352.00	1	4.88
7.17512	295.00	0	5.00
7.18062	239.00	0	5.00
7.18504	220.00	0	5.00
7.19055	211.00	0	5.00
7.19603	207.00	0	5.00
7.20046	203.00	0	5.00
7.20599	200.00	0	5.00
7.21050	198.00	0	5.00
7.21603	198.00	0	5.00
7.22053	203.00	0	5.00
7.22599	235.00	1	5.00
7.23044	294.00	0	5.00
7.23593	345.00	0	5.00
7.24035	369.00	0	5.00
7.24585	389.00	0	5.00
7.25028	399.00	0	5.00
7.25579	406.00	0	5.00
7.26026	407.00	0	5.00
7.26575	400.00	0	5.00
7.27017	382.00	0	5.00
7.27570	309.00	1	5.00
7.28012	248.00	0	5.00
7.28560	222.00	0	5.00
7.29006	215.00	0	4.89
7.29555	212.00	0	4.89
7.30105	209.00	0	4.89
7.30546	208.00	0	4.89
7.31102	207.00	0	4.89
7.31544	210.00	0	4.89
7.32096	217.00	0	4.89
7.32537	238.00	0	4.89
7.33091	286.00	1	4.89
7.33535	321.00	0	4.86
7.34088	350.00	0	4.86
7.34531	361.00	0	4.86
7.35079	376.00	0	4.86
7.35523	383.00	0	4.86
7.36070	387.00	0	4.86
7.36510	384.00	0	4.86
7.37060	377.00	0	4.86
7.37501	355.00	0	4.86
7.38056	278.00	1	4.86
7.38508	237.00	0	4.86
7.39061	216.00	0	4.76
7.39508	212.00	0	4.76
7.40065	206.00	0	4.76
7.40512	202.00	0	4.76
7.41062	200.00	0	4.76
7.41503	199.00	0	4.76
7.42059	199.00	0	4.76
7.42606	209.00	0	4.76
7.43048	245.00	1	4.76
7.43597	312.00	0	4.89
7.44038	347.00	0	4.89
7.44587	375.00	0	4.89
7.45030	389.00	0	4.89
7.45586	401.00	0	4.89
7.46026	405.00	0	4.89
7.46582	406.00	0	4.89
7.47026	397.00	0	4.89
7.47574	379.00	0	4.89
7.48017	309.00	1	4.89
7.48570	240.00	0	4.89
7.49019	223.00	0	4.89
7.49567	216.00	0	4.89
7.50016	213.00	0	4.89
7.50563	209.00	0	4.89
7.51005	208.00	0	4.89
7.51563	207.00	0	4.89
7.52007	210.00	0	4.89
7.52556	217.00	0	4.89
7.53106	246.00	1	4.89
7.53550	285.00	0	5.00
7.54097	328.00	0	5.00
7.54540	348.00	0	5.00
7.55089	365.00	0	5.00
7.55532	374.00	0	5.00
7.56079	384.00	0	5.00
7.56519	386.00	0	5.00
7.57075	384.00	0	5.00
7.57521	378.00	0	5.00
7.58078	346.00	1	5.00
7.58519	283.00	0	5.00
7.59068	234.00	0	4.99
7.59509	218.00	0	4.99
7.60064	210.00	0	4.99
7.60505	207.00	0	4.99
7.61054	203.00	0	4.99
7.61600	200.00	0	4.99
7.62041	200.00	0	4.99
7.62590	200.00	0	4.99
7.63035	205.00	0	4.99
7.63588	244.00	1	4.99
7.64029	298.00	0	4.99
7.64578	346.00	0	4.87
7.65026	371.00	0	4.87
7.65576	389.00	0	4.87
7.66026	398.00	0	4.87
7.66584	404.00	0	4.87
7.67027	404.00	0	4.87
7.67575	398.00	0	4.87
7.68018	384.00	0	4.87
7.68565	300.00	1	4.87
7.69013	244.00	0	4.87
7.69567	221.00	0	4.87
7.70010	214.00	0	4.87
7.70562	212.00	0	4.87
7.71012	209.00	0	4.87
7.71561	208.00	0	4.87
7.72003	206.00	0	4.87
7.72559	210.00	0	4.87
7.73001	217.00	0	4.87
7.73559	242.00	1	4.87
7.74105	288.00	0	4.87
7.74548	323.00	0	4.89
7.75097	348.00	0	4.89
7.75539	362.00	0	4.89
7.76086	376.00	0	4.89
7.76526	384.00	0	4.89
7.77076	387.00	0	4.89
7.77519	385.00	0	4.89
7.78074	375.00	0	4.89
7.78515	343.00	1	4.89
7.79064	266.00	0	4.89
7.79504	231.00	0	4.89
7.80062	215.00	0	4.89
7.80511	210.00	0	4.89
7.81061	206.00	0	4.89
7.81508	203.00	0	4.89
7.82057	200.00	0	4.89
7.82501	199.00	0	4.89
7.83048	200.00	0	4.89
7.83598	209.00	0	4.89
7.84038	248.00	1	4.89
7.84593	315.00	0	4.89
7.85036	351.00	0	4.89
7.85587	377.00	0	4.89
7.86027	391.00	0	4.89
7.86574	400.00	0	4.89
7.87018	405.00	0	4.89
7.87581	401.00	0	4.89
7.88035	393.00	0	4.89
7.88583	353.00	1	4.89
7.89035	271.00	0	5.00
7.89586	228.00	0	5.00
7.90031	217.00	0	5.00
7.90577	214.00	0	5.00
7.91024	210.00	0	5.00
7.91579	208.00	0	5.00
7.92026	207.00	0	5.00
7.92573	208.00	0	5.00
7.93022	213.00	0	5.00
7.93571	224.00	0	5.00
7.94011	252.00	1	5.00
7.94560	301.00	0	4.89
7.95008	332.00	0	4.89
7.95559	356.00	0	4.89
7.96003	367.00	0	4.89
7.96572	384.00	0	4.89
7.97025	385.00	0	4.89
7.97578	386.00	0	4.89
7.98019	380.00	0	4.89
7.98577	362.00	0	4.89
7.99024	304.00	1	4.89
7.99575	243.00	0	4.88
8.00016	222.00	0	4.88
8.00566	210.00	0	4.88
8.01013	208.00	0	4.88
8.01561	204.00	0	4.88
8.02004	201.00	0	4.88
8.02551	199.00	0	4.88
8.03103	198.00	0	4.88
8.03543	200.00	0	4.88
8.04093	217.00	0	4.88
8.04534	265.00	1	4.88
8.05085	329.00	0	4.88
8.05525	358.00	0	4.88
8.06078	383.00	0	4.88
8.06520	394.00	0	4.88
8.07067	402.00	0	4.88
8.07516	403.00	0	4.88
8.08062	401.00	0	4.88
8.08507	391.00	0	4.88
8.09054	330.00	1	4.88
8.09603	248.00	0	4.88
8.10050	225.00	0	4.88
8.10607	215.00	0	4.88
8.11058	212.00	0	4.88
8.11501	211.00	0	4.88
8.12060	210.00	0	4.88
8.12501	207.00	0	4.88
8.13051	209.00	0	4.88
8.13604	214.00	0	4.88
8.14053	225.00	0	4.88
8.14601	266.00	1	4.88
8.15046	305.00	0	4.86
8.15599	339.00	0	4.86
8.16039	355.00	0	4.86
8.16598	372.00	0	4.86
8.17039	380.00	0	4.86
8.17590	387.00	0	4.86
8.18036	385.00	0	4.86
8.18585	377.00	0	4.86
8.19032	359.00	0	4.86
8.19583	286.00	1	4.86
8.20023	242.00	0	4.86
8.20572	218.00	0	4.86
8.21016	211.00	0	4.86
8.21569	207.00	0	4.86
8.22022	204.00	0	4.86
8.22571	201.00	0	4.86
8.23018	198.00	0	4.86
8.23572	198.00	0	4.86
8.24019	201.00	0	4.86
8.24567	220.00	0	4.86
8.25017	277.00	1	4.86
8.25566	337.00	0	4.86
8.26009	364.00	0	4.88
8.26561	387.00	0	4.88
8.27002	398.00	0	4.88
8.27553	403.00	0	4.88
8.28099	404.00	0	4.88
8.28542	396.00	0	4.88
8.29095	378.00	0	4.88
8.29550	306.00	1	4.88
8.30100	240.00	0	4.88
8.30549	222.00	0	4.88
8.31100	214.00	0	4.88
8.31551	211.00	0	4.88
8.32103	209.00	0	4.88
8.32553	208.00	0	4.88
8.33101	207.00	0	4.88
8.33542	210.00	0	4.88
8.34091	217.00	0	4.88
8.34531	234.00	0	4.88
8.35082	279.00	1	4.88
8.35528	318.00	0	4.88
8.36085	347.00	0	4.88
8.36526	360.00	0	4.88
8.37077	377.00	0	4.88
8.37518	383.00	0	4.88
8.38072	387.00	0	4.88
8.38518	383.00	0	4.88
8.39074	374.00	0	4.88
8.39516	344.00	1	4.88
8.40062	271.00	0	4.88
8.40511	234.00	0	5.02
8.41063	216.00	0	5.02
8.41505	210.00	0	5.02
8.42052	207.00	0	5.02
8.42600	203.00	0	5.02
8.43042	200.00	0	5.02
8.43593	199.00	0	5.02
8.44033	198.00	0	5.02
8.44582	204.00	0	5.02
8.45026	235.00	1	5.02
8.45574	305.00	0	5.02
8.46016	344.00	0	5.00
8.46563	373.00	0	5.00
8.47007	389.00	0	5.00
8.47555	401.00	0	5.00
8.48104	406.00	0	5.00
8.48544	404.00	0	5.00
8.49094	395.00	0	5.00
8.49540	380.00	0	5.00
8.50086	292.00	1	5.00
8.50528	242.00	0	4.87
8.51076	221.00	0	4.87
8.51518	215.00	0	4.87
8.52067	211.00	0	4.87
8.52510	210.00	0	4.87
8.53056	208.00	0	4.87
8.53606	208.00	0	4.87
8.54051	210.00	0	4.87
8.54634	219.00	0	4.87
8.55094	245.00	1	4.87
8.55541	286.00	0	4.87
8.56097	329.00	0	5.00
8.56551	349.00	0	5.00
8.57105	366.00	0	5.00
8.57548	378.00	0	5.00
8.58103	386.00	0	5.00
8.58551	387.00	0	5.00
8.59004	386.00	0	5.00
8.59558	376.00	0	5.00
8.60002	349.00	1	5.00
8.60549	274.00	0	5.00
8.61099	232.00	0	4.88
8.61540	216.00	0	4.88
8.62092	209.00	0	4.88
8.62541	207.00	0	4.88
8.63089	203.00	0	4.88
8.63533	200.00	0	4.88
8.64085	199.00	0	4.88
8.64527	199.00	0	4.88
8.65084	207.00	0	4.88
8.65524	245.00	1	4.88
8.66074	312.00	0	4.88
8.66522	350.00	0	4.88
8.67074	377.00	0	4.88
8.67514	390.00	0	4.88
8.68063	401.00	0	4.88
8.68509	405.00	0	4.88
8.69058	404.00	0	4.88
8.69605	396.00	0	4.88
8.70050	375.00	0	4.88
8.70605	282.00	0	4.88
8.71048	237.00	1	4.88
8.71597	218.00	0	4.77
8.72040	214.00	0	4.77
8.72590	211.00	0	4.77
8.73033	209.00	0	4.77
8.73584	208.00	0	4.77
8.74024	208.00	0	4.77
8.74579	210.00	0	4.77
8.75025	218.00	0	4.77
8.75574	250.00	1	4.77
8.76020	291.00	0	4.88
8.76567	331.00	0	4.88
8.77013	352.00	0	4.88
8.77561	366.00	0	4.88
8.78001	376.00	0	4.88
8.78550	385.00	0	4.88
8.79103	386.00	0	4.88
8.79546	383.00	0	4.88
8.80105	370.00	0	4.88
8.80558	330.00	1	4.88
8.81003	269.00	0	4.88
8.81555	228.00	0	4.86
8.82102	214.00	0	4.86
8.82545	209.00	0	4.86
8.83094	205.00	0	4.86
8.83536	202.00	0	4.86
8.84083	199.00	0	4.86
8.84529	198.00	0	4.86
8.85079	200.00	0	4.86
8.85519	208.00	0	4.86
8.86068	260.00	1	4.86
8.86508	313.00	0	4.86
8.87062	354.00	0	4.87
8.87505	376.00	0	4.87
8.88035	390.00	0	4.87
8.88589	402.00	0	4.87
8.89035	405.00	0	4.87
8.89585	402.00	0	4.87
8.90061	393.00	0	4.87
8.90542	369.00	1	4.87
8.91104	274.00	0	5.13
8.91548	234.00	0	5.13
8.92097	219.00	0	5.13
8.92541	213.00	0	5.13
8.93091	211.00	0	5.13
8.93541	208.00	0	5.13
8.94090	207.00	0	5.13
8.94534	208.00	0	5.13
8.95083	212.00	0	5.13
8.95530	220.00	0	5.13
8.96086	256.00	1	5.13
8.96526	295.00	0	5.13
8.97082	334.00	0	4.88
8.97523	352.00	0	4.88
8.98072	368.00	0	4.88
8.98512	379.00	0	4.88
8.99061	384.00	0	4.88
8.99507	387.00	0	4.88
9.00054	384.00	0	4.88
9.00502	374.00	0	4.88
9.01049	324.00	1	4.88
9.01597	254.00	0	4.88
9.02043	226.00	0	4.88
9.02592	214.00	0	4.88
9.03039	209.00	0	4.88
9.03589	205.00	0	4.88
9.04029	202.00	0	4.88
9.04575	199.00	0	4.88
9.05019	199.00	0	4.88
9.05568	201.00	0	4.88
9.06016	211.00	0	4.88
9.06563	266.00	1	4.88
9.07007	316.00	0	4.88
9.07554	359.00	0	4.88
9.08103	381.00	0	4.88
9.08542	393.00	0	4.88
9.09089	403.00	0	4.88
9.09532	406.00	0	4.88
9.10078	403.00	0	4.88
9.10520	392.00	0	4.88
9.11066	351.00	1	4.88
9.11508	268.00	0	4.87
9.12058	228.00	0	4.87
9.12607	216.00	0	4.87
9.13052	212.00	0	4.87
9.13500	210.00	0	4.87
9.14050	208.00	0	4.87
9.14596	208.00	0	4.87
9.15040	209.00	0	4.87
9.15595	215.00	0	4.87
9.16051	229.00	0	4.87
9.16602	270.00	1	4.87
9.17048	308.00	0	4.87
9.17601	342.00	0	4.87
9.18049	358.00	0	4.87
9.18605	372.00	0	4.87
9.19053	381.00	0	4.87
9.19599	386.00	0	4.87
9.20039	386.00	0	4.87
9.20593	379.00	0	4.87
9.21036	363.00	0	4.87
9.21592	292.00	1	4.87
9.22038	245.00	0	4.87
9.22586	219.00	0	4.87
9.23032	212.00	0	4.87
9.23585	207.00	0	4.87
9.24026	205.00	0	4.87
9.24573	200.00	0	4.87
9.25021	199.00	0	4.87
9.25574	199.00	0	4.87
9.26023	202.00	0	4.87
9.26569	225.00	0	4.87
9.27017	278.00	1	4.87
9.27565	336.00	0	4.87
9.28013	364.00	0	4.89
9.28559	384.00	0	4.89
9.29109	397.00	0	4.89
9.29550	405.00	0	4.89
9.30102	404.00	0	4.89
9.30544	398.00	0	4.89
9.31092	384.00	0	4.89
9.31535	319.00	1	4.89
9.32084	244.00	0	4.89
9.32533	223.00	0	4.89
9.33084	215.00	0	4.89
9.33524	213.00	0	4.89
9.34074	210.00	0	4.89
9.34513	206.00	0	4.89
9.35062	208.00	0	4.89
9.35503	209.00	0	4.89
9.36051	219.00	0	4.89
9.36598	237.00	0	4.89
9.37044	274.00	1	4.89
9.37596	320.00	0	4.89
9.38041	345.00	0	4.89
9.38589	362.00	0	4.89
9.39030	373.00	0	4.89
9.39586	382.00	0	4.89
9.40025	385.00	0	4.89
9.40574	385.00	0	4.89
9.41015	377.00	0	4.89
9.41566	348.00	1	4.89
9.42006	285.00	0	4.89
9.42552	234.00	0	4.89
9.43101	216.00	0	5.01
9.43541	211.00	0	5.01
9.44090	207.00	0	5.01
9.44529	204.00	0	5.01
9.45079	200.00	0	5.01
9.45518	198.00	0	5.01
9.46073	199.00	0	5.01
9.46518	203.00	0	5.01
9.47064	233.00	1	5.01
9.47506	287.00	0	4.99
9.48054	342.00	0	4.99
9.48502	366.00	0	4.99
9.49054	387.00	0	4.99
9.49603	398.00	0	4.99
9.50042	404.00	0	4.99
9.50591	403.00	0	4.99
9.51032	397.00	0	4.99
9.51579	372.00	0	4.99
9.52030	292.00	1	4.99
9.52578	235.00	0	4.99
9.53022	220.00	0	4.88
9.53576	214.00	0	4.88
9.54018	212.00	0	4.88
9.54564	210.00	0	4.88
9.55008	207.00	0	4.88
9.55558	207.00	0	4.88
9.56104	210.00	0	4.88
9.56552	216.00	0	4.88
9.57099	242.00	1	4.88
9.57553	280.00	0	4.99
9.58003	319.00	0	4.99
9.58559	348.00	0	4.99
9.59006	361.00	0	4.99
9.59557	377.00	0	4.99
9.60002	382.00	0	4.99
9.60548	386.00	0	4.99
9.61103	384.00	0	4.99
9.61543	371.00	0	4.99
9.62092	320.00	1	4.99
9.62532	262.00	0	4.99
9.63082	226.00	0	4.87
9.63528	214.00	0	4.87
9.64076	209.00	0	4.87
9.64516	206.00	0	4.87
9.65062	202.00	0	4.87
9.65510	200.00	0	4.87
9.66056	198.00	0	4.87
9.66606	200.00	0	4.87
9.67052	206.00	0	4.87
9.67602	255.00	1	4.87
9.68047	311.00	0	4.87
9.68601	355.00	0	4.87
9.69043	376.00	0	4.87
9.69594	394.00	0	4.87
9.70034	401.00	0	4.87
9.70580	405.00	0	4.87
9.71026	402.00	0	4.87
9.71573	391.00	0	4.87
9.72025	356.00	1	4.87
9.72576	264.00	0	4.87
9.73021	231.00	0	5.00
9.73573	216.00	0	5.00
9.74014	213.00	0	5.00
9.74571	211.00	0	5.00
9.75017	208.00	0	5.00
9.75574	207.00	0	5.00
9.76014	207.00	0	5.00
9.76564	212.00	0	5.00
9.77009	220.00	0	5.00
9.77559	255.00	1	5.00
9.78105	305.00	0	5.00
9.78548	336.00	0	4.89
9.79096	351.00	0	4.89
9.79537	368.00	0	4.89
9.80096	380.00	0	4.89
9.80545	384.00	0	4.89
9.81100	387.00	0	4.89
9.81541	380.00	0	4.89
9.82090	360.00	0	4.89
9.82535	302.00	1	4.89
9.83091	243.00	0	4.89
9.83531	222.00	0	4.89
9.84086	212.00	0	4.89
9.84531	209.00	0	4.89
9.85081	205.00	0	4.89
9.85521	202.00	0	4.89
9.86067	200.00	0	4.89
9.86510	198.00	0	4.89
9.87062	202.00	0	4.89
9.87509	214.00	0	4.89
9.88065	279.00	1	4.89
9.88516	329.00	0	4.89
9.89063	366.00	0	4.89
9.89511	383.00	0	4.89
9.90058	397.00	0	4.89
9.90606	404.00	0	4.89
9.91048	404.00	0	4.89
9.91601	397.00	0	4.89
9.92046	386.00	0	4.89
9.92600	312.00	1	4.89
9.93048	250.00	0	4.86
9.93600	222.00	0	4.86
9.94042	215.00	0	4.86
9.94596	211.00	0	4.86
9.95068	209.00	0	4.86
9.95516	208.00	0	4.86
9.96068	207.00	0	4.86
9.96508	208.00	0	4.86
9.97055	215.00	0	4.86
9.97605	237.00	0	4.86
9.98045	275.00	1	4.86
9.98599	322.00	0	4.88
9.99041	346.00	0	4.88
9.99597	362.00	0	4.88
10.00036	375.00	0	4.88
