0.00036	396.00	0	0.00
0.00165	393.00	0	0.00
0.00515	394.00	0	0.00
0.01075	389.00	0	0.00
0.01529	398.00	0	0.00
0.02101	391.00	0	0.00
0.02559	397.00	0	0.00
0.03017	395.00	0	0.00
0.03576	390.00	0	0.00
0.04031	400.00	0	0.00
0.04601	392.00	0	0.00
0.05053	397.00	0	0.00
0.05507	394.00	0	0.00
0.06074	390.00	0	0.00
0.06530	399.00	0	0.00
0.07086	394.00	0	0.00
0.07543	404.00	0	0.00
0.08011	410.00	0	0.00
0.08580	415.00	0	0.00
0.09026	429.00	0	0.00
0.09578	427.00	0	0.00
0.10023	437.00	0	0.00
0.10578	437.00	0	0.00
0.11023	437.00	0	0.00
0.11578	446.00	0	0.00
0.12046	438.00	0	0.00
0.12505	447.00	0	0.00
0.13057	446.00	0	0.00
0.13502	444.00	0	0.00
0.14055	452.00	0	0.00
0.14508	445.00	0	0.00
0.15060	450.00	0	0.00
0.15506	448.00	0	0.00
0.16058	447.00	0	0.00
0.16503	452.00	0	0.00
0.17055	447.00	0	0.00
0.17602	450.00	0	0.00
0.18045	451.00	0	0.00
0.18601	446.00	0	0.00
0.19044	452.00	0	0.00
0.19595	447.00	0	0.00
0.20038	451.00	0	0.00
0.20588	449.00	0	0.00
0.21034	446.00	0	0.00
0.21586	450.00	0	0.00
0.22030	444.00	0	0.00
0.22505	450.00	0	0.00
0.23060	446.00	0	0.00
0.23502	444.00	0	0.00
0.24052	448.00	0	0.00
0.24602	440.00	0	0.00
0.25046	448.00	0	0.00
0.25596	444.00	0	0.00
0.26040	438.00	0	0.00
0.26590	436.00	0	0.00
0.27036	419.00	0	0.00
0.27586	392.00	0	0.00
0.28030	365.00	0	0.00
0.28580	336.00	0	0.00
0.29024	321.00	0	0.00
0.29574	294.00	0	0.00
0.30018	283.00	0	0.00
0.30570	268.00	0	0.00
0.31025	254.00	0	0.00
0.31596	251.00	0	0.00
0.32054	241.00	0	0.00
0.32523	245.00	0	0.00
0.33084	244.00	0	0.00
0.33531	240.00	0	0.00
0.34081	246.00	0	0.00
0.34528	239.00	0	0.00
0.35078	243.00	0	0.00
0.35522	242.00	0	0.00
0.36075	240.00	0	0.00
0.36519	244.00	0	0.00
0.37074	238.00	0	0.00
0.37518	244.00	0	0.00
0.38079	243.00	0	0.00
0.38532	239.00	0	0.00
0.39085	244.00	0	0.00
0.39529	240.00	0	0.00
0.40082	243.00	0	0.00
0.40525	245.00	0	0.00
0.41078	243.00	0	0.00
0.41522	251.00	0	0.00
0.42075	246.00	0	0.00
0.42521	251.00	0	0.00
0.43076	249.00	0	0.00
0.43521	245.00	0	0.00
0.44076	252.00	0	0.00
0.44520	251.00	0	0.00
0.45070	268.00	0	0.00
0.45521	281.00	0	0.00
0.46082	296.00	1	0.00
0.46530	323.00	0	0.00
0.47081	347.00	0	0.00
0.47529	382.00	0	0.00
0.48080	404.00	0	0.00
0.48528	409.00	0	0.00
0.49079	424.00	0	0.00
0.49527	421.00	0	0.00
0.50073	430.00	0	0.00
0.50531	430.00	0	0.00
0.51087	430.00	0	0.00
0.51546	438.00	0	0.00
0.52013	430.00	0	0.00
0.52581	434.00	0	0.00
0.53033	435.00	0	0.00
0.53595	432.00	0	0.00
0.54048	441.00	0	0.00
0.54611	435.00	0	0.00
0.55061	436.00	0	0.00
0.55511	437.00	0	0.00
0.56073	435.00	0	0.00
0.56523	442.00	0	0.00
0.57086	436.00	0	0.00
0.57537	439.00	0	0.00
0.58004	432.00	0	0.00
0.58564	415.00	1	0.00
0.59021	391.00	0	0.00
0.59584	346.00	0	0.00
0.60043	326.00	0	0.00
0.60595	300.00	0	0.00
0.61047	277.00	0	0.00
0.61600	266.00	0	0.00
0.62054	249.00	0	0.00
0.62503	250.00	0	0.00
0.63096	248.00	0	0.00
0.63551	242.00	0	0.00
0.64009	247.00	0	0.00
0.64594	238.00	0	0.00
0.65069	239.00	0	0.00
0.65561	238.00	0	0.00
0.66035	232.00	0	0.00
0.66600	236.00	0	0.00
0.67057	229.00	0	0.00
0.67512	234.00	0	0.00
0.68078	232.00	0	0.00
0.68528	229.00	0	0.00
0.69090	235.00	0	0.00
0.69542	228.00	0	0.00
0.70106	232.00	0	0.00
0.70557	233.00	0	0.00
0.71007	233.00	0	0.00
0.71570	242.00	0	0.00
0.72023	241.00	0	0.00
0.72587	262.00	1	0.00
0.73037	284.00	0	0.00
0.73605	309.00	0	0.00
0.74053	345.00	0	0.00
0.74515	367.00	0	0.00
0.75075	410.00	0	0.00
0.75533	426.00	0	0.00
0.76092	432.00	0	0.00
0.76576	444.00	0	0.00
0.77041	441.00	0	0.00
0.77500	224.00	0	0.00
0.78052	450.00	0	0.00
0.78508	449.00	0	0.00
0.79063	452.00	0	0.00
0.79516	444.00	0	0.00
0.80071	450.00	0	0.00
0.80526	448.00	0	0.00
0.81083	445.00	0	0.00
0.81540	450.00	0	0.00
0.82096	443.00	0	0.00
0.82550	449.00	0	0.00
0.83001	443.00	0	0.00
0.83566	440.00	0	0.00
0.84021	442.00	0	0.00
0.84587	408.00	1	0.00
0.85042	371.00	0	0.00
0.85510	337.00	0	0.00
0.86081	301.00	0	0.00
0.86544	287.00	0	0.00
0.87098	260.00	0	0.00
0.87551	251.00	0	0.00
0.88106	247.00	0	0.00
0.88559	242.00	0	0.00
0.89005	246.00	0	0.00
0.89566	241.00	0	0.00
0.90013	245.00	0	0.00
0.90580	244.00	0	0.00
0.91027	240.00	0	0.00
0.91588	245.00	0	0.00
0.92038	238.00	0	0.00
0.92599	240.00	0	0.00
0.93045	242.00	0	0.00
0.93606	238.00	0	0.00
0.94054	248.00	0	0.00
0.94501	242.00	0	0.00
0.95062	249.00	0	0.00
0.95513	247.00	0	0.00
0.96073	245.00	0	0.00
0.96519	250.00	0	0.00
0.97079	246.00	0	0.00
0.97531	261.00	0	0.00
0.98098	277.00	1	0.00
0.98544	290.00	0	0.00
0.99101	325.00	0	1.92
0.99547	346.00	0	1.92
1.00106	387.00	0	1.92
1.00552	404.00	0	1.92
1.01007	413.00	0	1.92
1.01564	424.00	0	1.92
1.02016	422.00	0	1.92
1.02569	430.00	0	1.92
1.03021	430.00	0	1.92
1.03582	431.00	0	1.92
1.04035	436.00	0	1.92
1.04589	431.00	0	1.92
1.05040	439.00	0	1.92
1.05593	439.00	0	1.92
1.06045	435.00	0	1.92
1.06599	441.00	0	1.92
1.07057	433.00	0	1.92
1.07503	435.00	0	1.92
1.08061	398.00	1	1.92
1.08512	350.00	0	1.92
1.09074	309.00	0	2.02
1.09521	275.00	0	2.02
1.10079	255.00	0	2.02
1.10526	249.00	0	2.02
1.11085	243.00	0	2.02
1.11532	245.00	0	2.02
1.12090	235.00	0	2.02
1.12537	236.00	0	2.02
1.13096	235.00	0	2.02
1.13543	230.00	0	2.02
1.14103	236.00	0	2.02
1.14551	230.00	0	2.02
1.15003	236.00	0	2.02
1.15557	238.00	0	2.02
1.16010	250.00	0	2.02
1.16566	297.00	1	2.02
1.17017	330.00	0	2.27
1.17571	398.00	0	2.27
1.18025	420.00	0	2.27
1.18579	431.00	0	2.27
1.19028	444.00	0	2.27
1.19586	442.00	0	2.27
1.20053	446.00	0	2.27
1.20507	444.00	0	2.27
1.21065	442.00	0	2.27
1.21511	447.00	0	2.27
1.22069	439.00	0	2.27
1.22516	440.00	0	2.27
1.23077	377.00	1	2.27
1.23526	318.00	0	2.27
1.24082	274.00	0	2.60
1.24529	247.00	0	2.60
1.25085	247.00	0	2.60
1.25530	245.00	0	2.60
1.26086	240.00	0	2.60
1.26532	245.00	0	2.60
1.27088	239.00	0	2.60
1.27533	246.00	0	2.60
1.28091	248.00	0	2.60
1.28536	246.00	0	2.60
1.29093	252.00	0	2.60
1.29544	264.00	0	2.60
1.30101	311.00	1	2.60
1.30547	365.00	0	2.60
1.31001	396.00	0	3.12
1.31553	417.00	0	3.12
1.32003	419.00	0	3.12
1.32559	430.00	0	3.12
1.33008	430.00	0	3.12
1.33560	431.00	0	3.12
1.34010	437.00	0	3.12
1.34563	432.00	0	3.12
1.35013	431.00	0	3.12
1.35566	366.00	1	3.12
1.36020	307.00	0	3.64
1.36573	266.00	0	3.64
1.37022	248.00	0	3.64
1.37574	245.00	0	3.64
1.38039	238.00	0	3.64
1.38606	230.00	0	3.64
1.39061	237.00	0	3.64
1.39507	229.00	0	3.64
1.40063	235.00	0	3.64
1.40514	241.00	0	3.64
1.41069	286.00	1	3.64
1.41520	351.00	0	3.64
1.42075	407.00	0	4.08
1.42521	429.00	0	4.08
1.43078	435.00	0	4.08
1.43535	438.00	0	4.08
1.44098	446.00	0	4.08
1.44544	439.00	0	4.08
1.45105	440.00	0	4.08
1.45556	430.00	0	4.08
1.46019	351.00	1	4.08
1.46576	283.00	0	4.36
1.47028	248.00	0	4.36
1.47583	247.00	0	4.36
1.48028	244.00	0	4.36
1.48584	241.00	0	4.36
1.49036	245.00	0	4.36
1.49591	245.00	0	4.36
1.50038	251.00	0	4.36
1.50593	253.00	0	4.36
1.51038	279.00	0	4.36
1.51591	353.00	1	4.36
1.52037	388.00	0	4.36
1.52591	414.00	0	4.65
1.53035	420.00	0	4.65
1.53588	425.00	0	4.65
1.54034	433.00	0	4.65
1.54588	430.00	0	4.65
1.55039	437.00	0	4.65
1.55593	427.00	0	4.65
1.56042	359.00	1	4.65
1.56514	303.00	0	4.88
1.57080	253.00	0	4.88
1.57527	252.00	0	4.88
1.58078	242.00	0	4.88
1.58523	234.00	0	4.88
1.59076	236.00	0	4.88
1.59520	229.00	0	4.88
1.60080	235.00	0	4.88
1.60524	241.00	0	4.88
1.61077	287.00	1	4.88
1.61521	353.00	0	4.88
1.62074	406.00	0	5.00
1.62525	430.00	0	5.00
1.63078	436.00	0	5.00
1.63528	440.00	0	5.00
1.64083	444.00	0	5.00
1.64528	438.00	0	5.00
1.65078	440.00	0	5.00
1.65526	423.00	0	5.00
1.66076	326.00	0	5.00
1.66522	277.00	1	5.00
1.67075	247.00	0	5.00
1.67521	248.00	0	4.88
1.68072	244.00	0	4.88
1.68518	120.00	0	4.88
1.69068	247.00	0	4.88
1.69511	244.00	0	4.88
1.70064	249.00	0	4.88
1.70515	254.00	0	4.88
1.71067	292.00	1	4.88
1.71512	356.00	0	4.88
1.72064	394.00	0	5.13
1.72508	414.00	0	5.13
1.73062	422.00	0	5.13
1.73506	425.00	0	5.13
1.74059	433.00	0	5.13
1.74504	429.00	0	5.13
1.75063	435.00	0	5.13
1.75507	400.00	0	5.13
1.76066	315.00	1	5.13
1.76510	273.00	0	5.13
1.77060	249.00	0	5.13
1.77506	248.00	0	4.99
1.78063	238.00	0	4.99
1.78518	232.00	0	4.99
1.79069	237.00	0	4.99
1.79515	229.00	0	4.99
1.80066	239.00	0	4.99
1.80513	263.00	0	4.99
1.81063	329.00	1	4.99
1.81518	399.00	0	5.00
1.82082	420.00	0	5.00
1.82528	437.00	0	5.00
1.83087	439.00	0	5.00
1.83540	440.00	0	5.00
1.84095	444.00	0	5.00
1.84545	437.00	0	5.00
1.85098	418.00	0	5.00
1.85553	335.00	1	5.00
1.86001	278.00	0	5.00
1.86557	253.00	0	5.25
1.87011	242.00	0	5.25
1.87566	244.00	0	5.25
1.88013	241.00	0	5.25
1.88570	240.00	0	5.25
1.89024	251.00	0	5.25
1.89579	244.00	0	5.25
1.90026	256.00	0	5.25
1.90582	295.00	1	5.25
1.91030	352.00	0	5.25
1.91586	403.00	0	5.12
1.92033	409.00	0	5.12
1.92589	424.00	0	5.12
1.93039	425.00	0	5.12
1.93594	429.00	0	5.12
1.94042	435.00	0	5.12
1.94598	428.00	0	5.12
1.95044	388.00	1	5.12
1.95601	306.00	0	5.27
1.96055	260.00	0	5.27
1.96507	254.00	0	5.27
1.97061	239.00	0	5.27
1.97511	239.00	0	5.27
1.98063	233.00	0	5.27
1.98511	230.00	0	5.27
1.99064	237.00	0	5.27
1.99512	233.00	0	5.27
2.00067	275.00	1	5.27
2.00515	328.00	0	5.26
2.01068	400.00	0	5.26
2.01516	426.00	0	5.26
2.02069	432.00	0	5.26
2.02517	442.00	0	5.26
2.03074	441.00	0	5.26
2.03526	439.00	0	5.26
2.04079	442.00	0	5.26
2.04529	397.00	1	5.26
2.05082	307.00	0	5.26
2.05525	261.00	0	5.26
2.06080	245.00	0	5.27
2.06527	249.00	0	5.27
2.07084	239.00	0	5.27
2.07534	245.00	0	5.27
2.08092	246.00	0	5.27
2.08539	245.00	0	5.27
2.09096	250.00	0	5.27
2.09546	259.00	0	5.27
2.10103	317.00	1	5.27
2.10549	377.00	0	5.27
2.11106	402.00	0	5.12
2.11571	402.00	0	5.12
2.12022	421.00	0	5.12
2.12577	432.00	0	5.12
2.13028	432.00	0	5.12
2.13584	432.00	0	5.12
2.14034	421.00	0	5.12
2.14594	327.00	0	5.12
2.15043	282.00	1	5.12
2.15596	254.00	0	5.12
2.16048	243.00	0	5.00
2.16603	243.00	0	5.00
2.17053	230.00	0	5.00
2.17606	233.00	0	5.00
2.18055	234.00	0	5.00
2.18506	234.00	0	5.00
2.19064	263.00	0	5.00
2.19510	306.00	1	5.00
2.20065	396.00	0	5.14
2.20508	417.00	0	5.14
2.21064	431.00	0	5.14
2.21507	440.00	0	5.14
2.22065	439.00	0	5.14
2.22511	443.00	0	5.14
2.23066	439.00	0	5.14
2.23516	397.00	1	5.14
2.24073	308.00	0	5.27
2.24519	256.00	0	5.27
2.25076	250.00	0	5.27
2.25523	244.00	0	5.27
2.26085	240.00	0	5.27
2.26531	246.00	0	5.27
2.27090	243.00	0	5.27
2.27537	251.00	0	5.27
2.28091	248.00	0	5.27
2.28537	269.00	0	5.27
2.29099	342.00	1	5.27
2.29547	385.00	0	5.27
2.30104	412.00	0	5.26
2.30553	419.00	0	5.26
2.31001	424.00	0	5.26
2.31555	433.00	0	5.26
2.32009	431.00	0	5.26
2.32565	433.00	0	5.26
2.33013	384.00	1	5.26
2.33568	304.00	0	5.26
2.34018	266.00	0	5.56
2.34580	246.00	0	5.56
2.35029	246.00	0	5.56
2.35581	237.00	0	5.56
2.36033	231.00	0	5.56
2.36589	236.00	0	5.56
2.37038	231.00	0	5.56
2.37590	243.00	0	5.56
2.38045	283.00	1	5.56
2.38509	347.00	0	5.56
2.39066	415.00	0	5.40
2.39512	425.00	0	5.40
2.40067	438.00	0	5.40
2.40514	436.00	0	5.40
2.41071	438.00	0	5.40
2.41517	443.00	0	5.40
2.42072	431.00	0	5.40
2.42519	369.00	1	5.40
2.43072	290.00	0	5.26
2.43522	252.00	0	5.26
2.44078	250.00	0	5.26
2.44524	241.00	0	5.26
2.45079	243.00	0	5.26
2.45566	243.00	0	5.26
2.46031	244.00	0	5.26
2.46596	252.00	0	5.26
2.47056	244.00	0	5.26
2.47508	277.00	0	5.26
2.48064	337.00	1	5.26
2.48520	390.00	0	5.27
2.49080	414.00	0	5.27
2.49530	417.00	0	5.27
2.50083	429.00	0	5.27
2.50538	430.00	0	5.27
2.51095	431.00	0	5.27
2.51544	436.00	0	5.27
2.52097	402.00	0	5.27
2.52548	337.00	1	5.27
2.53101	276.00	0	5.27
2.53549	252.00	0	5.12
2.54103	249.00	0	5.12
2.54553	236.00	0	5.12
2.55105	235.00	0	5.12
2.55552	232.00	0	5.12
2.56106	232.00	0	5.12
2.56554	240.00	0	5.12
2.57002	256.00	0	5.12
2.57557	331.00	1	5.12
2.58007	392.00	0	5.12
2.58562	421.00	0	5.13
2.59008	436.00	0	5.13
2.59570	436.00	0	5.13
2.60016	445.00	0	5.13
2.60573	441.00	0	5.13
2.61020	439.00	0	5.13
2.61576	423.00	0	5.13
2.62023	340.00	1	5.13
2.62582	274.00	0	5.13
2.63028	251.00	0	5.13
2.63583	243.00	0	5.13
2.64031	247.00	0	5.13
2.64589	240.00	0	5.13
2.65035	246.00	0	5.13
2.65590	249.00	0	5.13
2.66040	246.00	0	5.13
2.66595	267.00	0	5.13
2.67041	298.00	1	5.13
2.67596	378.00	0	5.27
2.68044	402.00	0	5.27
2.68600	415.00	0	5.27
2.69046	428.00	0	5.27
2.69600	426.00	0	5.27
2.70048	436.00	0	5.27
2.70605	433.00	0	5.27
2.71051	429.00	0	5.27
2.71502	380.00	1	5.27
2.72067	300.00	0	5.27
2.72518	265.00	0	5.28
2.73072	250.00	0	5.28
2.73520	241.00	0	5.28
2.74075	239.00	0	5.28
2.74523	230.00	0	5.28
2.75076	235.00	0	5.28
2.75524	234.00	0	5.28
2.76077	245.00	0	5.28
2.76525	298.00	1	5.28
2.77080	372.00	0	5.28
2.77528	417.00	0	5.27
2.78081	431.00	0	5.27
2.78529	436.00	0	5.27
2.79083	446.00	0	5.27
2.79538	437.00	0	5.27
2.80093	443.00	0	5.27
2.80541	438.00	0	5.27
2.81099	363.00	1	5.27
2.81571	299.00	0	5.24
2.82026	252.00	0	5.24
2.82587	248.00	0	5.24
2.83042	244.00	0	5.24
2.83601	240.00	0	5.24
2.84049	245.00	0	5.24
2.84502	242.00	0	5.24
2.85060	250.00	0	5.24
2.85506	245.00	0	5.24
2.86061	276.00	0	5.24
2.86509	332.00	1	5.24
2.87065	388.00	0	5.14
2.87524	413.00	0	5.14
2.88002	416.00	0	5.14
2.88560	423.00	0	5.14
2.89010	431.00	0	5.14
2.89563	429.00	0	5.14
2.90014	435.00	0	5.14
2.90585	416.00	0	5.14
2.91039	346.00	1	5.14
2.91591	284.00	0	5.14
2.92041	251.00	0	5.12
2.92592	246.00	0	5.12
2.93040	238.00	0	5.12
2.93600	233.00	0	5.12
2.94050	236.00	0	5.12
2.94503	231.00	0	5.12
2.95059	240.00	0	5.12
2.95506	257.00	0	5.12
2.96061	320.00	1	5.12
2.96507	390.00	0	5.12
2.97064	419.00	0	5.12
2.97509	435.00	0	5.12
2.98064	438.00	0	5.12
2.98510	441.00	0	5.12
2.99065	444.00	0	5.12
2.99513	437.00	0	5.12
3.00067	425.00	0	5.12
3.00513	340.00	1	5.12
3.01068	270.00	0	5.15
3.01514	253.00	0	5.15
3.02071	241.00	0	5.15
3.02517	247.00	0	5.15
3.03072	241.00	0	5.15
3.03522	242.00	0	5.15
3.04080	251.00	0	5.15
3.04527	245.00	0	5.15
3.05082	263.00	0	5.15
3.05534	296.00	1	5.15
3.06095	369.00	0	5.26
3.06541	403.00	0	5.26
3.07095	412.00	0	5.26
3.07542	426.00	0	5.26
3.08099	427.00	0	5.26
3.08544	430.00	0	5.26
3.09100	437.00	0	5.26
3.09551	428.00	0	5.26
3.10001	385.00	1	5.26
3.10556	302.00	0	5.26
3.11004	260.00	0	5.27
3.11556	253.00	0	5.27
3.12005	239.00	0	5.27
3.12558	237.00	0	5.27
3.13005	232.00	0	5.27
3.13558	231.00	0	5.27
3.14006	237.00	0	5.27
3.14561	239.00	0	5.27
3.15011	290.00	1	5.27
3.15564	358.00	0	5.27
3.16013	407.00	0	5.28
3.16566	432.00	0	5.28
3.17015	433.00	0	5.28
3.17567	443.00	0	5.28
3.18019	439.00	0	5.28
3.18572	441.00	0	5.28
3.19021	440.00	0	5.28
3.19575	367.00	1	5.28
3.20023	305.00	0	5.25
3.20576	253.00	0	5.25
3.21024	250.00	0	5.25
3.21578	248.00	0	5.25
3.22027	238.00	0	5.25
3.22582	244.00	0	5.25
3.23031	245.00	0	5.25
3.23593	245.00	0	5.25
3.24043	250.00	0	5.25
3.24597	272.00	0	5.25
3.25047	326.00	1	5.25
3.25599	388.00	0	5.25
3.26051	406.00	0	5.12
3.26604	423.00	0	5.12
3.27052	422.00	0	5.12
3.27605	432.00	0	5.12
3.28054	429.00	0	5.12
3.28501	433.00	0	5.12
3.29059	416.00	0	5.12
3.29506	337.00	1	5.12
3.30061	279.00	0	5.13
3.30509	251.00	0	5.13
3.31063	245.00	0	5.13
3.31511	242.00	0	5.13
3.32066	230.00	0	5.13
3.32513	236.00	0	5.13
3.33067	232.00	0	5.13
3.33513	234.00	0	5.13
3.34068	252.00	0	5.13
3.34519	290.00	1	5.13
3.35076	378.00	0	5.13
3.35528	410.00	0	5.13
3.36082	428.00	0	5.13
3.36530	438.00	0	5.13
3.37082	435.00	0	5.13
3.37528	442.00	0	5.13
3.38095	441.00	0	5.13
3.38555	431.00	0	5.13
3.39011	359.00	1	5.13
3.39566	278.00	0	5.15
3.40018	255.00	0	5.15
3.40574	247.00	0	5.15
3.41027	244.00	0	5.15
3.41582	244.00	0	5.15
3.42030	238.00	0	5.15
3.42586	247.00	0	5.15
3.43034	246.00	0	5.15
3.43593	245.00	0	5.15
3.44041	273.00	0	5.15
3.44598	325.00	1	5.15
3.45044	388.00	0	5.15
3.45523	405.00	0	5.11
3.46003	418.00	0	5.11
3.46582	430.00	0	5.11
3.47029	426.00	0	5.11
3.47593	507.00	0	5.11
3.48075	434.00	0	5.11
3.48568	416.00	0	5.11
3.49052	344.00	1	5.11
3.49526	282.00	0	5.12
3.50104	254.00	0	5.12
3.50575	245.00	0	5.12
3.51035	240.00	0	5.12
3.51506	251.00	0	5.12
3.52100	230.00	0	5.12
3.52576	235.00	0	5.12
3.53052	233.00	0	5.12
3.53527	240.00	0	5.12
3.54011	286.00	1	5.12
3.54580	359.00	0	5.12
3.55049	414.00	0	5.13
3.55525	425.00	0	5.13
3.56087	434.00	0	5.13
3.56538	442.00	0	5.13
3.57098	438.00	0	5.13
3.57546	443.00	0	5.13
3.58002	435.00	0	5.13
3.58558	382.00	1	5.13
3.59010	312.00	0	5.12
3.59564	254.00	0	5.12
3.60017	251.00	0	5.12
3.60572	245.00	0	5.12
3.61021	242.00	0	5.12
3.61575	245.00	0	5.12
3.62025	240.00	0	5.12
3.62580	250.00	0	5.12
3.63033	246.00	0	5.12
3.63591	259.00	0	5.12
3.64041	302.00	1	5.12
3.64597	369.00	0	5.12
3.65047	405.00	0	5.14
3.65603	415.00	0	5.14
3.66055	422.00	0	5.14
3.66504	428.00	0	5.14
3.67060	427.00	0	5.14
3.67507	436.00	0	5.14
3.68064	428.00	0	5.14
3.68513	377.00	1	5.14
3.69069	306.00	0	5.14
3.69516	260.00	0	5.14
3.70072	253.00	0	5.14
3.70517	242.00	0	5.14
3.71073	235.00	0	5.14
3.71521	236.00	0	5.14
3.72077	114.00	0	5.14
3.72521	236.00	0	5.14
3.73069	237.00	0	5.14
3.73518	266.00	0	5.14
3.74072	339.00	1	5.14
3.74521	395.00	0	4.98
3.75076	426.00	0	4.98
3.75527	432.00	0	4.98
3.76083	438.00	0	4.98
3.76537	444.00	0	4.98
3.77093	440.00	0	4.98
3.77545	444.00	0	4.98
3.78102	403.00	1	4.98
3.78553	328.00	0	5.12
3.79106	271.00	0	5.12
3.79560	245.00	0	5.12
3.80022	249.00	0	5.12
3.80601	243.00	0	5.12
3.81052	241.00	0	5.12
3.81508	245.00	0	5.12
3.82063	244.00	0	5.12
3.82514	252.00	0	5.12
3.83069	251.00	0	5.12
3.83528	281.00	1	5.12
3.84084	354.00	0	5.12
3.84536	391.00	0	5.13
3.85091	416.00	0	5.13
3.85543	419.00	0	5.13
3.86100	424.00	0	5.13
3.86551	434.00	0	5.13
3.87105	432.00	0	5.13
3.87553	439.00	0	5.13
3.88005	418.00	0	5.13
3.88565	337.00	1	5.13
3.89013	290.00	0	5.13
3.89567	251.00	0	4.99
3.90016	252.00	0	4.99
3.90576	239.00	0	4.99
3.91025	235.00	0	4.99
3.91580	236.00	0	4.99
3.92028	231.00	0	4.99
3.92585	238.00	0	4.99
3.93034	246.00	0	4.99
3.93590	308.00	1	4.99
3.94045	380.00	0	4.99
3.94599	415.00	0	5.12
3.95053	434.00	0	5.12
3.95503	435.00	0	5.12
3.96056	442.00	0	5.12
3.96509	442.00	0	5.12
3.97064	440.00	0	5.12
3.97514	444.00	0	5.12
3.98068	404.00	1	5.12
3.98518	324.00	0	5.01
3.99074	264.00	0	5.01
3.99523	246.00	0	5.01
4.00076	249.00	0	5.01
4.00530	241.00	0	5.01
4.01097	242.00	0	5.01
4.01555	246.00	0	5.01
4.02005	245.00	0	5.01
4.02562	251.00	0	5.01
4.03008	253.00	0	5.01
4.03512	296.00	1	5.01
4.04007	365.00	0	5.00
4.04593	399.00	0	5.00
4.05075	418.00	0	5.00
4.05551	421.00	0	5.00
4.06033	429.00	0	5.00
4.06518	432.00	0	5.00
4.07108	431.00	0	5.00
4.07584	435.00	0	5.00
4.08065	398.00	0	5.00
4.08549	325.00	1	5.00
4.09023	279.00	0	5.00
4.09507	249.00	0	5.00
4.10092	248.00	0	5.00
4.10575	237.00	0	5.00
4.11050	233.00	0	5.00
4.11533	236.00	0	5.00
4.12013	231.00	0	5.00
4.12602	240.00	0	5.00
4.13082	268.00	0	5.00
4.13507	318.00	1	5.00
4.14064	397.00	0	5.02
4.14516	412.00	0	5.02
4.15075	436.00	0	5.02
4.15525	436.00	0	5.02
4.16081	441.00	0	5.02
4.16529	444.00	0	5.02
4.17085	437.00	0	5.02
4.17533	442.00	0	5.02
4.18090	361.00	1	5.02
4.18537	298.00	0	5.02
4.19096	257.00	0	4.99
4.19544	243.00	0	4.99
4.20103	247.00	0	4.99
4.20551	241.00	0	4.99
4.21002	243.00	0	4.99
4.21556	248.00	0	4.99
4.22009	244.00	0	4.99
4.22566	249.00	0	4.99
4.23020	264.00	0	4.99
4.23502	312.00	1	4.99
4.24066	385.00	0	5.00
4.24515	402.00	0	5.00
4.25071	422.00	0	5.00
4.25522	420.00	0	5.00
4.26078	427.00	0	5.00
4.26530	433.00	0	5.00
4.27087	429.00	0	5.00
4.27534	437.00	0	5.00
4.28092	382.00	1	5.00
4.28539	318.00	0	5.00
4.29095	266.00	0	5.12
4.29544	248.00	0	5.12
4.30004	249.00	0	5.12
4.30561	237.00	0	5.12
4.31011	234.00	0	5.12
4.31567	236.00	0	5.12
4.32020	230.00	0	5.12
4.32575	241.00	0	5.12
4.33025	261.00	0	5.12
4.33581	328.00	1	5.12
4.34032	396.00	0	4.98
4.34588	419.00	0	4.98
4.35039	437.00	0	4.98
4.35595	437.00	0	4.98
4.36051	441.00	0	4.98
4.36502	442.00	0	4.98
4.37062	438.00	0	4.98
4.37512	443.00	0	4.98
4.38081	358.00	1	4.98
4.38547	294.00	0	4.98
4.39106	257.00	0	5.00
4.39555	243.00	0	5.00
4.40006	249.00	0	5.00
4.40567	241.00	0	5.00
4.41014	242.00	0	5.00
4.41571	247.00	0	5.00
4.42017	244.00	0	5.00
4.42575	250.00	0	5.00
4.43022	259.00	0	5.00
4.43604	311.00	1	5.00
4.44058	375.00	0	5.00
4.44513	398.00	0	4.97
4.45069	420.00	0	4.97
4.45533	420.00	0	4.97
4.46003	427.00	0	4.97
4.46559	433.00	0	4.97
4.47005	431.00	0	4.97
4.47563	437.00	0	4.97
4.48010	407.00	0	4.97
4.48602	317.00	0	4.97
4.49057	274.00	1	4.97
4.49512	250.00	0	4.77
4.50068	249.00	0	4.77
4.50520	237.00	0	4.77
4.51075	233.00	0	4.77
4.51529	235.00	0	4.77
4.52084	230.00	0	4.77
4.52535	238.00	0	4.77
4.53091	249.00	0	4.77
4.53541	294.00	1	4.77
4.54103	376.00	0	4.77
4.54580	410.00	0	5.01
4.55105	432.00	0	5.01
4.55593	435.00	0	5.01
4.56054	440.00	0	5.01
4.56504	442.00	0	5.01
4.57063	438.00	0	5.01
4.57508	443.00	0	5.01
4.58065	399.00	1	5.01
4.58514	325.00	0	5.01
4.59070	266.00	0	5.00
4.59515	245.00	0	5.00
4.60069	249.00	0	5.00
4.60514	241.00	0	5.00
4.61068	242.00	0	5.00
4.61512	245.00	0	5.00
4.62066	245.00	0	5.00
4.62510	253.00	0	5.00
4.63064	252.00	0	5.00
4.63544	286.00	1	5.00
4.64107	359.00	0	5.01
4.64552	392.00	0	5.01
4.65104	416.00	0	5.01
4.65551	418.00	0	5.01
4.66001	427.00	0	5.01
4.66558	431.00	0	5.01
4.67008	431.00	0	5.01
4.67562	437.00	0	5.01
4.68008	407.00	0	5.01
4.68563	323.00	1	5.01
4.69008	278.00	0	5.01
4.69560	248.00	0	5.13
4.70006	249.00	0	5.13
4.70560	237.00	0	5.13
4.71005	235.00	0	5.13
4.71556	235.00	0	5.13
4.72004	230.00	0	5.13
4.72557	239.00	0	5.13
4.73003	246.00	0	5.13
4.73601	312.00	1	5.13
4.74071	384.00	0	4.99
4.74524	412.00	0	4.99
4.75082	433.00	0	4.99
4.75531	434.00	0	4.99
4.76090	440.00	0	4.99
4.76539	442.00	0	4.99
4.77096	438.00	0	4.99
4.77544	435.00	0	4.99
4.78103	343.00	0	4.99
4.78546	285.00	1	4.99
4.79104	254.00	0	4.88
4.79552	243.00	0	4.88
4.80005	249.00	0	4.88
4.80561	240.00	0	4.88
4.81014	243.00	0	4.88
4.81569	249.00	0	4.88
4.82032	245.00	0	4.88
4.82591	249.00	0	4.88
4.83042	263.00	0	4.88
4.83598	314.00	1	4.88
4.84056	381.00	0	4.99
4.84507	400.00	0	4.99
4.85065	421.00	0	4.99
4.85514	420.00	0	4.99
4.86073	428.00	0	4.99
4.86522	434.00	0	4.99
4.87079	430.00	0	4.99
4.87527	438.00	0	4.99
4.88084	365.00	1	4.99
4.88534	305.00	0	4.99
4.89093	260.00	0	5.12
4.89540	247.00	0	5.12
4.90098	246.00	0	5.12
4.90547	235.00	0	5.12
4.91103	231.00	0	5.12
4.91550	234.00	0	5.12
4.92001	230.00	0	5.12
4.92557	240.00	0	5.12
4.93009	249.00	0	5.12
4.93567	314.00	1	5.12
4.94022	383.00	0	5.01
4.94579	415.00	0	5.01
4.95028	435.00	0	5.01
4.95582	437.00	0	5.01
4.96033	441.00	0	5.01
4.96586	445.00	0	5.01
4.97036	437.00	0	5.01
4.97591	424.00	0	5.01
4.98043	338.00	1	5.01
4.98598	272.00	0	5.01
4.99049	254.00	0	5.13
4.99602	243.00	0	5.13
5.00052	247.00	0	5.13
5.00501	239.00	0	5.13
5.01058	242.00	0	5.13
5.01505	248.00	0	5.13
5.02062	244.00	0	5.13
5.02509	252.00	0	5.13
5.03065	282.00	0	5.13
5.03512	338.00	1	5.13
5.04072	396.00	0	5.02
5.04524	407.00	0	5.02
5.05082	424.00	0	5.02
5.05529	423.00	0	5.02
5.06084	431.00	0	5.02
5.06531	434.00	0	5.02
5.07087	431.00	0	5.02
5.07540	404.00	0	5.02
5.08103	315.00	1	5.02
5.08553	270.00	0	5.02
5.09109	255.00	0	5.00
5.09565	242.00	0	5.00
5.10020	242.00	0	5.00
5.10574	232.00	0	5.00
5.11023	233.00	0	5.00
5.11580	237.00	0	5.00
5.12028	233.00	0	5.00
5.12590	271.00	1	5.00
5.13039	321.00	0	5.00
5.13595	398.00	0	5.26
5.14045	423.00	0	5.26
5.14501	431.00	0	5.26
5.15054	443.00	0	5.26
5.15511	439.00	0	5.26
5.16077	441.00	0	5.26
5.16529	444.00	0	5.26
5.17092	403.00	0	5.26
5.17545	331.00	1	5.26
5.18105	267.00	0	5.26
5.18555	249.00	0	5.13
5.19003	247.00	0	5.13
5.19560	240.00	0	5.13
5.20012	247.00	0	5.13
5.20568	241.00	0	5.13
5.21019	249.00	0	5.13
5.21581	251.00	0	5.13
5.22033	253.00	0	5.13
5.22590	306.00	1	5.13
5.23037	362.00	0	5.13
5.23590	402.00	0	5.24
5.24045	418.00	0	5.24
5.24605	422.00	0	5.24
5.25053	432.00	0	5.24
5.25606	432.00	0	5.24
5.26056	434.00	0	5.24
5.26507	432.00	0	5.24
5.27060	364.00	1	5.24
5.27511	309.00	0	5.28
5.28067	257.00	0	5.28
5.28515	251.00	0	5.28
5.29074	244.00	0	5.28
5.29523	233.00	0	5.28
5.30078	237.00	0	5.28
5.30527	230.00	0	5.28
5.31080	237.00	0	5.28
5.31530	247.00	0	5.28
5.32083	302.00	1	5.28
5.32534	379.00	0	5.13
5.33089	416.00	0	5.13
5.33538	430.00	0	5.13
5.34098	441.00	0	5.13
5.34546	437.00	0	5.13
5.35099	445.00	0	5.13
5.35549	439.00	0	5.13
5.36103	433.00	0	5.13
5.36555	370.00	1	5.13
5.37004	299.00	0	5.13
5.37559	257.00	0	5.26
5.38012	246.00	0	5.26
5.38585	245.00	0	5.26
5.39036	244.00	0	5.26
5.39592	237.00	0	5.26
5.40041	250.00	0	5.26
5.40604	248.00	0	5.26
5.41056	250.00	0	5.26
5.41504	279.00	0	5.26
5.42059	345.00	1	5.26
5.42522	399.00	0	5.14
5.43077	412.00	0	5.14
5.43527	422.00	0	5.14
5.44085	429.00	0	5.14
5.44536	428.00	0	5.14
5.45095	437.00	0	5.14
5.45547	433.00	0	5.14
5.46015	414.00	0	5.14
5.46581	332.00	1	5.14
5.47029	278.00	0	5.14
5.47587	256.00	0	5.12
5.48038	244.00	0	5.12
5.48595	239.00	0	5.12
5.49042	236.00	0	5.12
5.49598	229.00	0	5.12
5.50048	237.00	0	5.12
5.50606	238.00	0	5.12
5.51053	268.00	1	5.12
5.51501	327.00	0	5.12
5.52057	396.00	0	5.27
5.52509	427.00	0	5.27
5.53070	434.00	0	5.27
5.53531	439.00	0	5.27
5.54098	444.00	0	5.27
5.54548	439.00	0	5.27
5.55104	443.00	0	5.27
5.55551	427.00	0	5.27
5.56003	350.00	1	5.27
5.56558	277.00	0	5.27
5.57013	249.00	0	5.14
5.57568	249.00	0	5.14
5.58031	241.00	0	5.14
5.58589	241.00	0	5.14
5.59039	245.00	0	5.14
5.59593	245.00	0	5.14
5.60045	252.00	0	5.14
5.60600	258.00	0	5.14
5.61050	297.00	1	5.14
5.61502	359.00	0	5.14
5.62059	399.00	0	5.27
5.62509	417.00	0	5.27
5.63065	420.00	0	5.27
5.63511	429.00	0	5.27
5.64070	434.00	0	5.27
5.64518	431.00	0	5.27
5.65074	437.00	0	5.27
5.65522	404.00	0	5.27
5.66088	318.00	1	5.27
5.66551	273.00	0	5.27
5.67003	250.00	0	5.13
5.67560	249.00	0	5.13
5.68014	235.00	0	5.13
5.68568	229.00	0	5.13
5.69018	234.00	0	5.13
5.69571	231.00	0	5.13
5.70018	241.00	0	5.13
5.70575	271.00	1	5.13
5.71025	328.00	0	5.12
5.71578	403.00	0	5.12
5.72029	420.00	0	5.12
5.72585	439.00	0	5.12
5.73037	437.00	0	5.12
5.73590	438.00	0	5.12
5.74040	442.00	0	5.12
5.74595	436.00	0	5.12
5.75044	428.00	0	5.12
5.75598	326.00	0	5.12
5.76044	275.00	1	5.12
5.76599	252.00	0	5.12
5.77053	243.00	0	4.99
5.77501	248.00	0	4.99
5.78062	240.00	0	4.99
5.78528	244.00	0	4.99
5.79088	251.00	0	4.99
5.79537	245.00	0	4.99
5.80099	261.00	0	4.99
5.80550	288.00	1	4.99
5.81001	346.00	0	4.99
5.81558	398.00	0	5.13
5.82007	412.00	0	5.13
5.82565	427.00	0	5.13
5.83014	423.00	0	5.13
5.83569	431.00	0	5.13
5.84023	433.00	0	5.13
5.84582	431.00	0	5.13
5.85032	419.00	0	5.13
5.85588	329.00	0	5.13
5.86032	281.00	1	5.13
5.86590	256.00	0	5.01
5.87038	243.00	0	5.01
5.87595	241.00	0	5.01
5.88043	232.00	0	5.01
5.88600	232.00	0	5.01
5.89047	235.00	0	5.01
5.89604	234.00	0	5.01
5.90052	260.00	0	5.01
5.90503	298.00	1	5.01
5.91056	383.00	0	5.01
5.91506	415.00	0	5.02
5.92059	430.00	0	5.02
5.92508	440.00	0	5.02
5.93061	438.00	0	5.02
5.93510	443.00	0	5.02
5.94064	442.00	0	5.02
5.94513	435.00	0	5.02
5.95068	366.00	1	5.02
5.95517	295.00	0	5.26
5.96070	254.00	0	5.26
5.96520	249.00	0	5.26
5.97074	241.00	0	5.26
5.97523	247.00	0	5.26
5.98076	240.00	0	5.26
5.98526	248.00	0	5.26
5.99082	251.00	0	5.26
5.99532	244.00	0	5.26
6.00085	278.00	0	5.26
6.00533	317.00	1	5.26
6.01086	387.00	0	5.26
6.01535	408.00	0	5.00
6.02098	416.00	0	5.00
6.02550	429.00	0	5.00
6.03002	426.00	0	5.00
6.03563	433.00	0	5.00
6.04016	432.00	0	5.00
6.04571	421.00	0	5.00
6.05021	358.00	1	5.00
6.05577	283.00	0	5.27
6.06030	256.00	0	5.27
6.06586	250.00	0	5.27
6.07033	237.00	0	5.27
6.07590	238.00	0	5.27
6.08038	229.00	0	5.27
6.08595	232.00	0	5.27
6.09045	235.00	0	5.27
6.09601	240.00	0	5.27
6.10049	289.00	1	5.27
6.10606	359.00	0	5.12
6.11055	409.00	0	5.12
6.11503	427.00	0	5.12
6.12056	434.00	0	5.12
6.12509	443.00	0	5.12
6.13063	438.00	0	5.12
6.13515	445.00	0	5.12
6.14068	440.00	0	5.12
6.14521	390.00	1	5.12
6.15075	307.00	0	5.12
6.15526	256.00	0	5.14
6.16079	248.00	0	5.14
6.16527	247.00	0	5.14
6.17079	240.00	0	5.14
6.17526	247.00	0	5.14
6.18079	243.00	0	5.14
6.18528	249.00	0	5.14
6.19083	249.00	0	5.14
6.19539	257.00	0	5.14
6.20104	310.00	1	5.14
6.20555	366.00	0	5.11
6.21002	403.00	0	5.11
6.21557	417.00	0	5.11
6.22007	421.00	0	5.11
6.22564	434.00	0	5.11
6.23010	428.00	0	5.11
6.23568	435.00	0	5.11
6.24028	431.00	0	5.11
6.24587	355.00	1	5.11
6.25040	301.00	0	5.11
6.25596	255.00	0	5.11
6.26046	251.00	0	5.11
6.26608	243.00	0	5.11
6.27059	233.00	0	5.11
6.27505	237.00	0	5.11
6.28062	230.00	0	5.11
6.28511	235.00	0	5.11
6.29066	244.00	0	5.11
6.29513	277.00	1	5.11
6.30067	362.00	0	5.14
6.30513	404.00	0	5.14
6.31068	428.00	0	5.14
6.31514	439.00	0	5.14
6.32069	438.00	0	5.14
6.32518	445.00	0	5.14
6.33077	436.00	0	5.14
6.33524	436.00	0	5.14
6.34080	350.00	1	5.14
6.34528	284.00	0	5.14
6.35083	255.00	0	5.11
6.35530	244.00	0	5.11
6.36085	244.00	0	5.11
6.36531	243.00	0	5.11
6.37088	239.00	0	5.11
6.37534	250.00	0	5.11
6.38097	247.00	0	5.11
6.38557	251.00	0	5.11
6.39011	276.00	0	5.11
6.39565	338.00	1	5.11
6.40016	395.00	0	5.14
6.40571	410.00	0	5.14
6.41023	424.00	0	5.14
6.41575	429.00	0	5.14
6.42027	428.00	0	5.14
6.42581	439.00	0	5.14
6.43030	430.00	0	5.14
6.43583	386.00	1	5.14
6.44043	320.00	0	5.26
6.44598	261.00	0	5.26
6.45045	255.00	0	5.26
6.45597	241.00	0	5.26
6.46062	238.00	0	5.26
6.46517	235.00	0	5.26
6.47079	230.00	0	5.26
6.47539	238.00	0	5.26
6.48098	237.00	0	5.26
6.48544	268.00	1	5.26
6.49098	341.00	0	5.25
6.49545	397.00	0	5.25
6.50099	429.00	0	5.25
6.50544	431.00	0	5.25
6.51096	438.00	0	5.25
6.51540	442.00	0	5.25
6.52092	439.00	0	5.25
6.52546	443.00	0	5.25
6.53096	389.00	1	5.25
6.53542	318.00	0	5.26
6.54093	263.00	0	5.26
6.54539	246.00	0	5.26
6.55094	248.00	0	5.26
6.55539	241.00	0	5.26
6.56091	243.00	0	5.26
6.56536	246.00	0	5.26
6.57086	246.00	0	5.26
6.57530	252.00	0	5.26
6.58088	268.00	0	5.26
6.58532	317.00	1	5.26
6.59084	389.00	0	5.27
6.59527	404.00	0	5.27
6.60079	423.00	0	5.27
6.60527	423.00	0	5.27
6.61079	430.00	0	5.27
6.61522	434.00	0	5.27
6.62076	431.00	0	5.27
6.62522	426.00	0	5.27
6.63077	338.00	1	5.27
6.63521	291.00	0	5.27
6.64078	256.00	0	5.13
6.64526	246.00	0	5.13
6.65079	244.00	0	5.13
6.65523	233.00	0	5.13
6.66073	234.00	0	5.13
6.66520	234.00	0	5.13
6.67072	234.00	0	5.13
6.67518	263.00	0	5.13
6.68072	325.00	1	5.13
6.68519	396.00	0	5.12
6.69074	423.00	0	5.12
6.69520	431.00	0	5.12
6.70070	444.00	0	5.12
6.70523	439.00	0	5.12
6.71072	442.00	0	5.12
6.71523	440.00	0	5.12
6.72078	419.00	0	5.12
6.72540	346.00	1	5.12
6.73098	271.00	0	5.12
6.73547	253.00	0	5.14
6.74104	249.00	0	5.14
6.74553	241.00	0	5.14
6.75105	246.00	0	5.14
6.75553	245.00	0	5.14
6.76001	250.00	0	5.14
6.76564	249.00	0	5.14
6.77010	254.00	0	5.14
6.77565	307.00	1	5.14
6.78012	364.00	0	5.14
6.78574	404.00	0	5.25
6.79019	415.00	0	5.25
6.79579	420.00	0	5.25
6.80030	432.00	0	5.25
6.80581	429.00	0	5.25
6.81027	436.00	0	5.25
6.81586	432.00	0	5.25
6.82035	376.00	1	5.25
6.82591	309.00	0	5.27
6.83039	260.00	0	5.27
6.83598	250.00	0	5.27
6.84053	245.00	0	5.27
6.84505	234.00	0	5.27
6.85060	238.00	0	5.27
6.85513	230.00	0	5.27
6.86067	235.00	0	5.27
6.86516	243.00	0	5.27
6.87075	294.00	1	5.27
6.87526	367.00	0	5.26
6.88078	411.00	0	5.26
6.88528	431.00	0	5.26
6.89081	438.00	0	5.26
6.89529	440.00	0	5.26
6.90082	444.00	0	5.26
6.90529	439.00	0	5.26
6.91082	440.00	0	5.26
6.91525	386.00	1	5.26
6.92080	297.00	0	5.27
6.92526	262.00	0	5.27
6.93081	244.00	0	5.27
6.93528	247.00	0	5.27
6.94084	244.00	0	5.27
6.94534	240.00	0	5.27
6.95091	251.00	0	5.27
6.95544	246.00	0	5.27
6.96000	251.00	0	5.27
6.96557	282.00	0	5.27
6.97006	331.00	1	5.27
6.97559	398.00	0	5.27
6.98007	406.00	0	5.14
6.98561	423.00	0	5.14
6.99009	424.00	0	5.14
6.99561	427.00	0	5.14
7.00011	436.00	0	5.14
7.00566	431.00	0	5.14
7.01014	422.00	0	5.14
7.01567	337.00	1	5.14
7.02016	280.00	0	5.12
7.02570	257.00	0	5.12
7.03023	243.00	0	5.12
7.03575	239.00	0	5.12
7.04030	235.00	0	5.12
7.04588	233.00	0	5.12
7.05038	238.00	0	5.12
7.05591	236.00	0	5.12
7.06041	272.00	1	5.12
7.06595	342.00	0	5.12
7.07045	398.00	0	5.27
7.07597	430.00	0	5.27
7.08046	432.00	0	5.27
7.08601	439.00	0	5.27
7.09049	441.00	0	5.27
7.09602	438.00	0	5.27
7.10053	444.00	0	5.27
7.10505	413.00	0	5.27
7.11060	320.00	0	5.27
7.11514	267.00	1	5.27
7.12078	246.00	0	5.00
7.12526	249.00	0	5.00
7.13082	239.00	0	5.00
7.13534	245.00	0	5.00
7.14091	247.00	0	5.00
7.14541	245.00	0	5.00
7.15097	252.00	0	5.00
7.15547	262.00	0	5.00
7.16000	309.00	1	5.00
7.16556	381.00	0	5.00
7.17007	402.00	0	5.26
7.17562	423.00	0	5.26
7.18013	420.00	0	5.26
7.18568	431.00	0	5.26
7.19016	432.00	0	5.26
7.19572	431.00	0	5.26
7.20026	432.00	0	5.26
7.20580	348.00	1	5.26
7.21031	295.00	0	5.26
7.21586	256.00	0	5.26
7.22034	246.00	0	5.26
7.22589	243.00	0	5.26
7.23036	233.00	0	5.26
7.23587	233.00	0	5.26
7.24041	233.00	0	5.26
7.24604	233.00	0	5.26
7.25051	253.00	0	5.26
7.25602	307.00	1	5.26
7.26049	376.00	0	5.11
7.26601	420.00	0	5.11
7.27045	429.00	0	5.11
7.27597	440.00	0	5.11
7.28042	439.00	0	5.11
7.28596	441.00	0	5.11
7.29039	441.00	0	5.11
7.29591	422.00	0	5.11
7.30036	349.00	1	5.11
7.30591	271.00	0	5.40
7.31040	252.00	0	5.40
7.31592	248.00	0	5.40
7.32037	241.00	0	5.40
7.32590	246.00	0	5.40
7.33033	239.00	0	5.40
7.33590	248.00	0	5.40
7.34037	248.00	0	5.40
7.34590	257.00	0	5.40
7.35039	299.00	1	5.40
7.35591	368.00	0	5.25
7.36035	405.00	0	5.25
7.36593	416.00	0	5.25
7.37040	421.00	0	5.25
7.37591	430.00	0	5.25
7.38046	430.00	0	5.25
7.38513	435.00	0	5.25
7.39078	429.00	0	5.25
7.39528	362.00	1	5.25
7.40088	294.00	0	5.28
7.40537	253.00	0	5.28
7.41095	248.00	0	5.28
7.41538	241.00	0	5.28
7.42092	232.00	0	5.28
7.42536	238.00	0	5.28
7.43088	231.00	0	5.28
7.43533	237.00	0	5.28
7.44084	250.00	0	5.28
7.44535	291.00	1	5.28
7.45087	379.00	0	5.28
7.45533	409.00	0	5.28
7.46096	431.00	0	5.28
7.46556	437.00	0	5.28
7.47003	440.00	0	5.28
7.47556	444.00	0	5.28
7.48002	437.00	0	5.28
7.48559	433.00	0	5.28
7.49007	352.00	1	5.28
7.49565	276.00	0	5.27
7.50011	255.00	0	5.27
7.50565	244.00	0	5.27
7.51010	246.00	0	5.27
7.51566	243.00	0	5.27
7.52036	241.00	0	5.27
7.52598	251.00	0	5.27
7.53050	244.00	0	5.27
7.53607	251.00	0	5.27
7.54057	282.00	0	5.27
7.54506	331.00	1	5.27
7.55063	396.00	0	5.14
7.55511	406.00	0	5.14
7.56066	422.00	0	5.14
7.56517	427.00	0	5.14
7.57071	429.00	0	5.14
7.57518	434.00	0	5.14
7.58074	430.00	0	5.14
7.58525	411.00	0	5.14
7.59082	321.00	0	5.14
7.59525	272.00	1	5.14
7.60080	257.00	0	5.00
7.60527	242.00	0	5.00
7.61081	239.00	0	5.00
7.61529	234.00	0	5.00
7.62083	230.00	0	5.00
7.62530	237.00	0	5.00
7.63086	233.00	0	5.00
7.63535	258.00	0	5.00
7.64092	323.00	1	5.00
7.64544	387.00	0	5.00
7.65103	426.00	0	5.11
7.65549	429.00	0	5.11
7.66106	438.00	0	5.11
7.66553	442.00	0	5.11
7.67001	441.00	0	5.11
7.67557	444.00	0	5.11
7.68007	414.00	0	5.11
7.68561	329.00	1	5.11
7.69010	274.00	0	5.11
7.69560	247.00	0	5.11
7.70012	250.00	0	5.11
7.70566	240.00	0	5.11
7.71014	244.00	0	5.11
7.71566	243.00	0	5.11
7.72017	246.00	0	5.11
7.72571	252.00	0	5.11
7.73020	247.00	0	5.11
7.73572	291.00	1	5.11
7.74019	350.00	0	5.24
7.74572	396.00	0	5.24
7.75020	416.00	0	5.24
7.75573	421.00	0	5.24
7.76023	429.00	0	5.24
7.76581	434.00	0	5.24
7.77043	432.00	0	5.24
7.77598	436.00	0	5.24
7.78049	376.00	1	5.24
7.78606	303.00	0	5.24
7.79054	263.00	0	5.40
7.79501	251.00	0	5.40
7.80056	247.00	0	5.40
7.80504	234.00	0	5.40
7.81059	234.00	0	5.40
7.81505	232.00	0	5.40
7.82073	231.00	0	5.40
7.82525	242.00	0	5.40
7.83081	275.00	1	5.40
7.83531	343.00	0	5.40
7.84087	413.00	0	5.27
7.84541	424.00	0	5.27
7.85098	440.00	0	5.27
7.85546	437.00	0	5.27
7.86109	442.00	0	5.27
7.86557	442.00	0	5.27
7.87002	441.00	0	5.27
7.87557	382.00	1	5.27
7.88012	305.00	0	5.27
7.88594	258.00	0	5.26
7.89045	249.00	0	5.26
7.89600	242.00	0	5.26
7.90049	245.00	0	5.26
7.90501	240.00	0	5.26
7.91054	246.00	0	5.26
7.91508	248.00	0	5.26
7.92063	245.00	0	5.26
7.92513	269.00	0	5.26
7.93065	313.00	1	5.26
7.93516	381.00	0	5.13
7.94069	406.00	0	5.13
7.94517	418.00	0	5.13
7.95077	428.00	0	5.13
7.95525	426.00	0	5.13
7.96077	434.00	0	5.13
7.96528	434.00	0	5.13
7.97083	425.00	0	5.13
7.97531	368.00	1	5.13
7.98085	292.00	0	5.13
7.98532	262.00	0	5.13
7.99084	251.00	0	5.13
7.99538	240.00	0	5.13
8.00091	239.00	0	5.13
8.00540	231.00	0	5.13
8.01092	235.00	0	5.13
8.01541	236.00	0	5.13
8.02094	247.00	0	5.13
8.02542	304.00	1	5.13
8.03094	380.00	0	5.13
8.03542	418.00	0	5.14
8.04102	433.00	0	5.14
8.04557	436.00	0	5.14
8.05009	442.00	0	5.14
8.05564	439.00	0	5.14
8.06014	443.00	0	5.14
8.06570	439.00	0	5.14
8.07016	385.00	1	5.14
8.07570	299.00	0	5.14
8.08020	253.00	0	5.14
8.08581	250.00	0	5.14
8.09027	245.00	0	5.14
8.09583	240.00	0	5.14
8.10031	246.00	0	5.14
8.10589	244.00	0	5.14
8.11037	252.00	0	5.14
8.11593	252.00	0	5.14
8.12040	279.00	0	5.14
8.12598	356.00	1	5.14
8.13048	390.00	0	5.14
8.13603	415.00	0	5.12
8.14049	421.00	0	5.12
8.14604	423.00	0	5.12
8.15053	435.00	0	5.12
8.15501	429.00	0	5.12
8.16054	437.00	0	5.12
8.16505	410.00	0	5.12
8.17064	327.00	1	5.12
8.17512	282.00	0	5.12
8.18064	249.00	0	5.12
8.18512	249.00	0	5.12
8.19065	239.00	0	5.12
8.19516	234.00	0	5.12
8.20069	237.00	0	5.12
8.20514	231.00	0	5.12
8.21069	241.00	0	5.12
8.21516	271.00	0	5.12
8.22071	345.00	1	5.12
8.22521	407.00	0	5.12
8.23076	424.00	0	5.12
8.23522	437.00	0	5.12
8.24078	441.00	0	5.12
8.24529	441.00	0	5.12
8.25087	445.00	0	5.12
8.25534	438.00	0	5.12
8.26093	409.00	0	5.12
8.26541	326.00	1	5.12
8.27095	258.00	0	5.12
8.27541	251.00	0	5.12
8.28096	243.00	0	5.12
8.28543	246.00	0	5.12
8.29097	243.00	0	5.12
8.29545	243.00	0	5.12
8.30102	253.00	0	5.12
8.30552	244.00	0	5.12
8.31001	268.00	0	5.12
8.31553	319.00	1	5.12
8.32006	379.00	0	5.28
8.32560	412.00	0	5.28
8.33009	416.00	0	5.28
8.33564	428.00	0	5.28
8.34015	428.00	0	5.28
8.34568	431.00	0	5.28
8.35017	436.00	0	5.28
8.35569	425.00	0	5.28
8.36018	370.00	1	5.28
8.36571	293.00	0	5.28
8.37019	257.00	0	5.28
8.37571	252.00	0	5.28
8.38021	237.00	0	5.28
8.38592	235.00	0	5.28
8.39058	233.00	0	5.28
8.39509	233.00	0	5.28
8.40067	240.00	0	5.28
8.40515	251.00	0	5.28
8.41076	322.00	1	5.28
8.41523	385.00	0	5.28
8.42077	420.00	0	5.26
8.42527	435.00	0	5.26
8.43084	436.00	0	5.26
8.43533	442.00	0	5.26
8.44091	441.00	0	5.26
8.44543	440.00	0	5.26
8.45104	422.00	0	5.26
8.45551	332.00	0	5.26
8.46000	281.00	1	5.26
8.46570	250.00	0	5.26
8.47019	245.00	0	5.14
8.47573	247.00	0	5.14
8.48026	238.00	0	5.14
8.48581	246.00	0	5.14
8.49030	248.00	0	5.14
8.49586	245.00	0	5.14
8.50037	267.00	0	5.14
8.50591	310.00	1	5.14
8.51040	380.00	0	5.25
8.51594	406.00	0	5.25
8.52044	418.00	0	5.25
8.52602	429.00	0	5.25
8.53053	426.00	0	5.25
8.53606	435.00	0	5.25
8.54058	433.00	0	5.25
8.54507	429.00	0	5.25
8.55062	354.00	1	5.25
8.55509	288.00	0	5.25
8.56070	257.00	0	5.25
8.56517	247.00	0	5.25
8.57080	236.00	0	5.25
8.57540	239.00	0	5.25
8.58102	230.00	0	5.25
8.58550	236.00	0	5.25
8.59105	239.00	0	5.25
8.59552	257.00	0	5.25
8.60004	314.00	1	5.25
8.60558	389.00	0	5.25
8.61007	423.00	0	5.28
8.61561	433.00	0	5.28
8.62014	438.00	0	5.28
8.62568	444.00	0	5.28
8.63016	438.00	0	5.28
8.63568	443.00	0	5.28
8.64016	415.00	0	5.28
8.64577	315.00	0	5.28
8.65025	270.00	1	5.28
8.65578	245.00	0	5.28
8.66028	248.00	0	5.26
8.66585	242.00	0	5.26
8.67035	242.00	0	5.26
8.67587	249.00	0	5.26
8.68040	245.00	0	5.26
8.68596	250.00	0	5.26
8.69048	263.00	0	5.26
8.69602	314.00	1	5.26
8.70053	380.00	0	5.26
8.70500	399.00	0	5.26
8.71055	422.00	0	5.26
8.71501	423.00	0	5.26
8.72056	427.00	0	5.26
8.72503	435.00	0	5.26
8.73060	431.00	0	5.26
8.73505	430.00	0	5.26
8.74057	341.00	1	5.26
8.74506	285.00	0	5.26
8.75059	258.00	0	5.26
8.75509	244.00	0	5.26
8.76061	240.00	0	5.26
8.76509	232.00	0	5.26
8.77063	231.00	0	5.26
8.77511	235.00	0	5.26
8.78068	233.00	0	5.26
8.78517	256.00	0	5.26
8.79072	315.00	1	5.26
8.79520	383.00	0	5.24
8.80077	425.00	0	5.24
8.80524	429.00	0	5.24
8.81076	441.00	0	5.24
8.81523	439.00	0	5.24
8.82082	438.00	0	5.24
8.82547	443.00	0	5.24
8.83102	391.00	1	5.24
8.83553	320.00	0	5.53
8.84006	264.00	0	5.53
8.84572	246.00	0	5.53
8.85023	248.00	0	5.53
8.85579	239.00	0	5.53
8.86030	245.00	0	5.53
8.86589	244.00	0	5.53
8.87035	246.00	0	5.53
8.87590	251.00	0	5.53
8.88043	257.00	0	5.53
8.88530	306.00	1	5.53
8.89019	369.00	0	5.53
8.89593	403.00	0	5.28
8.90045	420.00	0	5.28
8.90541	423.00	0	5.28
8.91016	434.00	0	5.28
8.91592	433.00	0	5.28
8.92060	433.00	0	5.28
8.92521	428.00	0	5.28
8.93093	333.00	0	5.28
8.93546	286.00	1	5.28
8.94010	253.00	0	5.13
8.94589	244.00	0	5.13
8.95052	243.00	0	5.13
8.95509	231.00	0	5.13
8.96078	234.00	0	5.13
8.96536	232.00	0	5.13
8.97104	233.00	0	5.13
8.97569	256.00	0	5.13
8.98046	299.00	1	5.13
8.98507	375.00	0	5.13
8.99063	418.00	0	5.27
8.99515	431.00	0	5.27
9.00071	441.00	0	5.27
9.00529	438.00	0	5.27
9.01099	444.00	0	5.27
9.01553	439.00	0	5.27
9.02004	431.00	0	5.27
9.02579	336.00	0	5.27
9.03029	275.00	1	5.27
9.03589	252.00	0	5.02
9.04041	245.00	0	5.02
9.04605	241.00	0	5.02
9.05056	245.00	0	5.02
9.05507	239.00	0	5.02
9.06066	253.00	0	5.02
9.06516	247.00	0	5.02
9.07070	251.00	0	5.02
9.07518	286.00	0	5.02
9.08068	351.00	1	5.02
9.08518	399.00	0	5.12
9.09075	416.00	0	5.12
9.09522	421.00	0	5.12
9.10072	430.00	0	5.12
9.10518	428.00	0	5.12
9.11068	436.00	0	5.12
9.11520	431.00	0	5.12
9.12075	372.00	1	5.12
9.12525	315.00	0	5.40
9.13074	258.00	0	5.40
9.13533	254.00	0	5.40
9.14004	242.00	0	5.40
9.14588	235.00	0	5.40
9.15054	237.00	0	5.40
9.15528	229.00	0	5.40
9.16003	237.00	0	5.40
9.16588	243.00	0	5.40
9.17093	286.00	1	5.40
9.17588	359.00	0	5.40
9.18070	403.00	0	5.25
9.18551	432.00	0	5.25
9.19026	433.00	0	5.25
9.19507	440.00	0	5.25
9.20095	445.00	0	5.25
9.20581	439.00	0	5.25
9.21061	440.00	0	5.25
9.21544	371.00	1	5.25
9.22019	301.00	0	5.25
9.22606	257.00	0	5.40
9.23097	243.00	0	5.40
9.23557	247.00	0	5.40
9.24018	241.00	0	5.40
9.24584	241.00	0	5.40
9.25036	249.00	0	5.40
9.25598	245.00	0	5.40
9.26061	251.00	0	5.40
9.26509	269.00	0	5.40
9.27066	335.00	1	5.40
9.27519	390.00	0	5.40
9.28078	408.00	0	5.26
9.28529	424.00	0	5.26
9.29089	427.00	0	5.26
9.29545	431.00	0	5.26
9.30002	435.00	0	5.26
9.30582	432.00	0	5.26
9.31040	417.00	0	5.26
9.31598	328.00	1	5.26
9.32070	276.00	0	5.12
9.32525	257.00	0	5.12
9.33086	242.00	0	5.12
9.33556	242.00	0	5.12
9.34015	233.00	0	5.12
9.34585	231.00	0	5.12
9.35058	237.00	0	5.12
9.35520	234.00	0	5.12
9.36081	270.00	1	5.12
9.36562	328.00	0	5.12
9.37017	395.00	0	5.12
9.37578	427.00	0	5.27
9.38049	431.00	0	5.27
9.38539	446.00	0	5.27
9.39002	438.00	0	5.27
9.39584	442.00	0	5.27
9.40063	444.00	0	5.27
9.40535	417.00	0	5.27
9.41094	330.00	1	5.27
9.41571	271.00	0	5.12
9.42045	249.00	0	5.12
9.42502	249.00	0	5.12
9.43072	241.00	0	5.12
9.43551	246.00	0	5.12
9.44024	242.00	0	5.12
9.44597	247.00	0	5.12
9.45088	252.00	0	5.12
9.45552	260.00	0	5.12
9.46016	310.00	1	5.12
9.46590	382.00	0	5.12
9.47046	405.00	0	5.28
9.47514	419.00	0	5.28
9.48001	422.00	0	5.28
9.48580	432.00	0	5.28
9.49057	432.00	0	5.28
9.49516	435.00	0	5.28
9.50079	433.00	0	5.28
9.50560	362.00	1	5.28
9.51027	308.00	0	5.27
9.51602	258.00	0	5.27
9.52084	248.00	0	5.27
9.52539	245.00	0	5.27
9.53103	233.00	0	5.27
9.53575	236.00	0	5.27
9.54047	232.00	0	5.27
9.54506	235.00	0	5.27
9.55067	259.00	0	5.27
9.55539	305.00	1	5.27
9.56011	386.00	0	5.27
9.56576	419.00	0	5.14
9.57044	431.00	0	5.14
9.57513	438.00	0	5.14
9.58078	438.00	0	5.14
9.58549	444.00	0	5.14
9.59018	440.00	0	5.14
9.59594	428.00	0	5.14
9.60048	359.00	1	5.14
9.60535	283.00	0	5.28
9.61094	253.00	0	5.28
9.61549	247.00	0	5.28
9.62036	245.00	0	5.28
9.62502	245.00	0	5.28
9.63065	241.00	0	5.28
9.63540	251.00	0	5.28
9.64016	246.00	0	5.28
9.64584	259.00	0	5.28
9.65046	302.00	1	5.28
9.65534	364.00	0	5.28
9.66100	409.00	0	5.25
9.66558	415.00	0	5.25
9.67032	424.00	0	5.25
9.67504	430.00	0	5.25
9.68067	429.00	0	5.25
9.68541	439.00	0	5.25
9.69016	429.00	0	5.25
9.69577	368.00	1	5.25
9.70035	308.00	0	5.26
9.70512	257.00	0	5.26
9.71079	252.00	0	5.26
9.71531	241.00	0	5.26
9.72008	237.00	0	5.26
9.72590	238.00	0	5.26
9.73057	230.00	0	5.26
9.73512	240.00	0	5.26
9.74091	266.00	0	5.26
9.74547	317.00	1	5.26
9.75105	402.00	0	5.26
9.75586	421.00	0	5.26
9.76053	437.00	0	5.26
9.76522	437.00	0	5.26
9.77082	441.00	0	5.26
9.77537	443.00	0	5.26
9.78100	436.00	0	5.26
9.78555	408.00	0	5.26
9.79028	318.00	0	5.26
9.79586	257.00	1	5.26
9.80040	251.00	0	5.26
9.80604	242.00	0	5.12
9.81075	245.00	0	5.12
9.81545	241.00	0	5.12
9.82003	246.00	0	5.12
9.82568	251.00	0	5.12
9.83048	247.00	0	5.12
9.83503	285.00	1	5.12
9.84065	351.00	0	5.42
9.84544	395.00	0	5.42
9.85023	414.00	0	5.42
9.85591	421.00	0	5.42
9.86050	431.00	0	5.42
9.86523	428.00	0	5.42
9.87086	432.00	0	5.42
9.87539	434.00	0	5.42
9.88018	370.00	1	5.42
9.88598	293.00	0	5.42
9.89067	256.00	0	5.42
9.89519	247.00	0	5.42
9.90104	242.00	0	5.42
9.90559	232.00	0	5.42
9.91084	236.00	0	5.42
9.91549	233.00	0	5.42
9.92011	238.00	0	5.42
9.92574	277.00	1	5.42
9.93050	332.00	0	5.42
9.93515	403.00	0	5.55
9.94072	424.00	0	5.55
9.94522	435.00	0	5.55
9.95081	444.00	0	5.55
9.95535	437.00	0	5.55
9.96089	443.00	0	5.55
9.96537	437.00	0	5.55
9.97097	357.00	1	5.55
9.97548	295.00	0	5.71
9.98002	252.00	0	5.71
9.98563	249.00	0	5.71
9.99010	242.00	0	5.71
9.99563	240.00	0	5.71
10.00010	244.00	0	5.71
