0.00037	438.00	0	0.00
0.00166	444.00	0	0.00
0.00512	438.00	0	0.00
0.01075	446.00	0	0.00
0.01537	441.00	0	0.00
0.02106	451.00	0	0.00
0.02566	456.00	0	0.00
0.03021	456.00	0	0.00
0.03587	468.00	0	0.00
0.04045	462.00	0	0.00
0.04503	472.00	0	0.00
0.05068	466.00	0	0.00
0.05525	460.00	0	0.00
0.06090	455.00	0	0.00
0.06551	430.00	0	0.00
0.07014	397.00	0	0.00
0.07580	304.00	0	0.00
0.08041	259.00	0	0.00
0.08510	251.00	0	0.00
0.09079	234.00	0	0.00
0.09547	230.00	0	0.00
0.10015	225.00	0	0.00
0.10583	224.00	0	0.00
0.11045	234.00	0	0.00
0.11556	232.00	0	0.00
0.12021	252.00	0	0.00
0.12581	347.00	0	0.00
0.13042	397.00	1	0.00
0.13505	430.00	0	0.00
0.14075	445.00	0	0.00
0.14542	461.00	0	0.00
0.15004	457.00	0	0.00
0.15571	446.00	0	0.00
0.16042	442.00	0	0.00
0.16506	403.00	1	0.00
0.17074	292.00	0	0.00
0.17543	254.00	0	0.00
0.18102	243.00	0	0.00
0.18592	244.00	0	0.00
0.19090	242.00	0	0.00
0.19504	240.00	0	0.00
0.20062	236.00	0	0.00
0.20558	232.00	0	0.00
0.21058	243.00	0	0.00
0.21551	282.00	1	0.00
0.22047	377.00	0	0.00
0.22539	416.00	0	0.00
0.23046	435.00	0	0.00
0.23531	453.00	0	0.00
0.24037	452.00	0	0.00
0.24533	456.00	0	0.00
0.25017	446.00	0	0.00
0.25515	423.00	0	0.00
0.26040	355.00	1	0.00
0.26532	265.00	0	0.00
0.27030	253.00	0	0.00
0.27521	242.00	0	0.00
0.28110	227.00	0	0.00
0.28590	229.00	0	0.00
0.29073	225.00	0	0.00
0.29546	233.00	0	0.00
0.30025	236.00	0	0.00
0.30513	255.00	0	0.00
0.31099	373.00	0	0.00
0.31579	408.00	1	0.00
0.32062	439.00	0	0.00
0.32545	451.00	0	0.00
0.33027	454.00	0	0.00
0.33504	459.00	0	0.00
0.34092	444.00	0	0.00
0.34565	437.00	0	0.00
0.35039	383.00	1	0.00
0.35516	278.00	0	0.00
0.36099	254.00	0	0.00
0.36584	241.00	0	0.00
0.37070	243.00	0	0.00
0.37552	245.00	0	0.00
0.38040	236.00	0	0.00
0.38524	239.00	0	0.00
0.39011	232.00	0	0.00
0.39606	255.00	0	0.00
0.40088	338.00	1	0.00
0.40582	398.00	0	5.39
0.41062	431.00	0	5.39
0.41543	440.00	0	5.39
0.42025	458.00	0	5.39
0.42607	458.00	0	5.39
0.43095	449.00	0	5.39
0.43580	444.00	0	5.39
0.44063	399.00	1	5.39
0.44545	310.00	0	5.39
0.45029	259.00	0	5.39
0.45512	247.00	0	5.39
0.46003	241.00	0	5.39
0.46594	227.00	0	5.39
0.47081	228.00	0	5.39
0.47568	233.00	0	5.39
0.48067	233.00	0	5.39
0.48573	248.00	0	5.39
0.49068	306.00	1	5.39
0.49573	394.00	0	5.39
0.50075	425.00	0	5.39
0.50559	446.00	0	5.72
0.51038	458.00	0	5.72
0.51509	456.00	0	5.72
0.52095	454.00	0	5.72
0.52575	445.00	0	5.72
0.53062	415.00	1	5.72
0.53540	330.00	0	5.72
0.54021	259.00	0	5.72
0.54603	250.00	0	5.72
0.55086	246.00	0	5.72
0.55565	245.00	0	5.72
0.56028	245.00	0	5.72
0.56602	236.00	0	5.72
0.57002	240.00	0	5.72
0.57579	243.00	0	5.72
0.58029	276.00	1	5.72
0.58585	381.00	0	5.72
0.59062	415.00	0	5.72
0.59512	436.00	0	5.72
0.60066	450.00	0	5.72
0.60514	454.00	0	5.72
0.61081	460.00	0	5.57
0.61565	446.00	0	5.57
0.62023	434.00	0	5.57
0.62599	357.00	1	5.57
0.63051	269.00	0	5.57
0.63501	259.00	0	5.57
0.64064	241.00	0	5.57
0.64521	235.00	0	5.57
0.65081	229.00	0	5.57
0.65534	227.00	0	5.57
0.66086	236.00	0	5.57
0.66529	234.00	0	5.57
0.67078	266.00	1	5.57
0.67523	356.00	0	5.57
0.68107	408.00	0	5.57
0.68543	440.00	0	5.57
0.69074	449.00	0	5.57
0.69503	464.00	0	5.57
0.70056	461.00	0	5.57
0.70503	454.00	0	5.57
0.71047	443.00	0	5.55
0.71607	372.00	1	5.55
0.72044	281.00	0	5.55
0.72546	255.00	0	5.55
0.73003	248.00	0	5.55
0.73603	250.00	0	5.55
0.74079	246.00	0	5.55
0.74603	243.00	0	5.55
0.75010	239.00	0	5.55
0.75573	236.00	0	5.55
0.76057	257.00	0	5.55
0.76514	317.00	1	5.55
0.77057	395.00	0	5.55
0.77565	427.00	0	5.55
0.78061	442.00	0	5.55
0.78544	460.00	0	5.55
0.79052	455.00	0	5.55
0.79555	458.00	0	5.55
0.80005	446.00	0	5.55
0.80601	401.00	1	5.55
0.81068	315.00	0	5.55
0.81593	258.00	0	5.55
0.82108	251.00	0	5.55
0.82558	242.00	0	5.55
0.83095	230.00	0	5.55
0.83525	232.00	0	5.55
0.84034	229.00	0	5.55
0.84522	238.00	0	5.55
0.85106	246.00	0	5.55
0.85615	291.00	1	5.55
0.86036	385.00	0	5.55
0.86530	413.00	0	5.55
0.87107	449.00	0	5.55
0.87582	458.00	0	5.55
0.88076	461.00	0	5.55
0.88562	464.00	0	5.55
0.89053	449.00	0	5.55
0.89526	432.00	0	5.55
0.90099	326.00	0	5.55
0.90579	261.00	1	5.55
0.91047	256.00	0	5.55
0.91528	245.00	0	5.27
0.92015	250.00	0	5.27
0.92592	247.00	0	5.27
0.93063	238.00	0	5.27
0.93533	241.00	0	5.27
0.94103	237.00	0	5.27
0.94571	263.00	0	5.27
0.95034	340.00	1	5.27
0.95508	401.00	0	5.27
0.96091	438.00	0	5.27
0.96560	444.00	0	5.27
0.97024	459.00	0	5.27
0.97504	460.00	0	5.27
0.98095	452.00	0	5.27
0.98563	446.00	0	5.27
0.99027	396.00	1	5.27
0.99505	303.00	0	5.27
1.00079	260.00	0	5.27
1.00553	248.00	0	5.27
1.01019	246.00	0	5.27
1.01606	229.00	0	5.43
1.02088	230.00	0	5.43
1.02565	233.00	0	5.43
1.03033	234.00	0	5.43
1.03511	245.00	0	5.43
1.04097	296.00	1	5.43
1.04564	390.00	0	5.43
1.05030	419.00	0	5.43
1.05607	448.00	0	5.43
1.06002	462.00	0	5.43
1.06528	462.00	0	5.43
1.07050	462.00	0	5.43
1.07528	452.00	0	5.43
1.08020	424.00	1	5.43
1.08600	310.00	0	5.43
1.09076	259.00	0	5.43
1.09503	256.00	0	5.43
1.10003	248.00	0	5.43
1.10618	246.00	0	5.43
1.11047	248.00	0	5.43
1.11550	238.00	0	5.73
1.12021	242.00	0	5.73
1.12522	238.00	0	5.73
1.13106	263.00	0	5.73
1.13600	364.00	0	5.73
1.14038	408.00	1	5.73
1.14523	435.00	0	5.73
1.15016	451.00	0	5.73
1.15556	456.00	0	5.73
1.16058	465.00	0	5.73
1.16571	454.00	0	5.73
1.17072	440.00	0	5.73
1.17591	382.00	1	5.73
1.18008	294.00	0	5.73
1.18543	264.00	0	5.73
1.19027	247.00	0	5.73
1.19557	241.00	0	5.73
1.20065	232.00	0	5.73
1.20540	228.00	0	5.73
1.21024	235.00	0	5.73
1.21603	235.00	0	5.39
1.22002	245.00	0	5.39
1.22594	301.00	1	5.39
1.23014	381.00	0	5.39
1.23503	422.00	0	5.39
1.24013	447.00	0	5.39
1.24597	464.00	0	5.39
1.25098	465.00	0	5.39
1.25564	461.00	0	5.39
1.26027	460.00	0	5.39
1.26501	425.00	1	5.39
1.27102	323.00	0	5.39
1.27567	268.00	0	5.39
1.28066	253.00	0	5.39
1.28547	252.00	0	5.39
1.29048	246.00	0	5.39
1.29536	252.00	0	5.39
1.30012	242.00	0	5.39
1.30522	240.00	0	5.39
1.31001	243.00	0	5.39
1.31526	252.00	0	5.41
1.32017	295.00	1	5.41
1.32504	398.00	0	5.41
1.33078	433.00	0	5.41
1.33562	454.00	0	5.41
1.34047	457.00	0	5.41
1.34538	467.00	0	5.41
1.35038	460.00	0	5.41
1.35516	447.00	0	5.41
1.36091	407.00	1	5.41
1.36578	307.00	0	5.41
1.37048	265.00	0	5.41
1.37557	253.00	0	5.41
1.38038	242.00	0	5.41
1.38507	237.00	0	5.41
1.39082	228.00	0	5.41
1.39554	231.00	0	5.41
1.40030	237.00	0	5.41
1.40501	240.00	0	5.41
1.41078	285.00	1	5.41
1.41553	376.00	0	5.41
1.42021	420.00	0	5.41
1.42597	452.00	0	5.41
1.43079	461.00	0	5.41
1.43556	469.00	0	5.41
1.44025	462.00	0	5.41
1.44518	460.00	0	5.41
1.45004	437.00	0	5.41
1.45584	358.00	1	5.41
1.46071	277.00	0	5.41
1.46544	255.00	0	5.41
1.47012	255.00	0	5.41
1.47577	250.00	0	5.41
1.48070	249.00	0	5.41
1.48542	248.00	0	5.41
1.49029	239.00	0	5.41
1.49609	241.00	0	5.41
1.50099	260.00	0	5.41
1.50567	335.00	1	5.41
1.51052	407.00	0	5.41
1.51524	429.00	0	5.41
1.52018	453.00	0	5.39
1.52603	462.00	0	5.39
1.53012	460.00	0	5.39
1.53589	463.00	0	5.39
1.54059	444.00	0	5.39
1.54524	420.00	1	5.39
1.55101	314.00	0	5.39
1.55564	262.00	0	5.39
1.56039	258.00	0	5.39
1.56515	242.00	0	5.39
1.57093	235.00	0	5.39
1.57565	232.00	0	5.39
1.58035	233.00	0	5.39
1.58511	241.00	0	5.39
1.59086	242.00	0	5.39
1.59555	286.00	1	5.39
1.60020	378.00	0	5.39
1.60502	419.00	0	5.39
1.61101	457.00	0	5.39
1.61579	459.00	0	5.39
1.62063	471.00	0	5.41
1.62532	462.00	0	5.41
1.63001	457.00	0	5.41
1.63585	438.00	0	5.41
1.64057	367.00	1	5.41
1.64528	279.00	0	5.41
1.65105	257.00	0	5.41
1.65577	249.00	0	5.41
1.66041	250.00	0	5.41
1.66510	247.00	0	5.41
1.67087	245.00	0	5.41
1.67556	241.00	0	5.41
1.68029	240.00	0	5.41
1.68603	269.00	0	5.41
1.69073	344.00	1	5.41
1.69543	409.00	0	5.41
1.70013	433.00	0	5.41
1.70591	447.00	0	5.41
1.71061	463.00	0	5.41
1.71530	458.00	0	5.41
1.72007	463.00	0	5.40
1.72582	448.00	0	5.40
1.73048	413.00	1	5.40
1.73513	330.00	0	5.40
1.74092	261.00	0	5.40
1.74561	256.00	0	5.40
1.75033	244.00	0	5.40
1.75525	232.00	0	5.40
1.76071	234.00	0	5.40
1.76585	236.00	0	5.40
1.77009	239.00	0	5.40
1.77501	244.00	0	5.40
1.78021	287.00	1	5.40
1.78518	391.00	0	5.40
1.79005	418.00	0	5.40
1.79511	453.00	0	5.40
1.80036	459.00	0	5.40
1.80527	467.00	0	5.40
1.81106	467.00	0	5.40
1.81577	451.00	0	5.40
1.82054	439.00	0	5.42
1.82526	380.00	1	5.42
1.83002	278.00	0	5.42
1.83587	260.00	0	5.42
1.84052	248.00	0	5.42
1.84533	253.00	0	5.42
1.85023	251.00	0	5.42
1.85508	244.00	0	5.42
1.86005	245.00	0	5.42
1.86584	239.00	0	5.42
1.87063	261.00	0	5.42
1.87540	335.00	1	5.42
1.88017	401.00	0	5.42
1.88601	439.00	0	5.42
1.89080	446.00	0	5.42
1.89570	463.00	0	5.42
1.90053	463.00	0	5.42
1.90527	461.00	0	5.42
1.91006	455.00	0	5.42
1.91583	415.00	1	5.42
1.92062	336.00	0	5.40
1.92544	266.00	0	5.40
1.93013	255.00	0	5.40
1.93598	249.00	0	5.40
1.94065	232.00	0	5.40
1.94535	234.00	0	5.40
1.95005	232.00	0	5.40
1.95587	237.00	0	5.40
1.96070	249.00	0	5.40
1.96545	280.00	1	5.40
1.97015	383.00	0	5.40
1.97580	423.00	0	5.40
1.98055	449.00	0	5.40
1.98531	466.00	0	5.40
1.99003	465.00	0	5.40
1.99582	467.00	0	5.40
2.00056	457.00	0	5.40
2.00530	437.00	0	5.40
2.01012	382.00	1	5.40
2.01593	269.00	0	5.40
2.02064	257.00	0	5.41
2.02596	254.00	0	5.41
2.03090	249.00	0	5.41
2.03512	254.00	0	5.41
2.04001	242.00	0	5.41
2.04521	245.00	0	5.41
2.05018	243.00	0	5.41
2.05537	266.00	0	5.41
2.06030	360.00	0	5.41
2.06513	406.00	1	5.41
2.07015	438.00	0	5.41
2.07542	452.00	0	5.41
2.08033	460.00	0	5.41
2.08541	469.00	0	5.41
2.09038	455.00	0	5.41
2.09564	447.00	0	5.41
2.10093	391.00	1	5.41
2.10516	297.00	0	5.41
2.11106	266.00	0	5.41
2.11597	249.00	0	5.41
2.12018	245.00	0	5.40
2.12512	235.00	0	5.40
2.13046	231.00	0	5.40
2.13541	240.00	0	5.40
2.14072	237.00	0	5.40
2.14557	252.00	0	5.40
2.15072	324.00	1	5.40
2.15570	398.00	0	5.40
2.16095	439.00	0	5.40
2.16600	454.00	0	5.40
2.17020	467.00	0	5.40
2.17518	467.00	0	5.40
2.18036	461.00	0	5.40
2.18534	457.00	0	5.40
2.19036	418.00	1	5.40
2.19538	312.00	0	5.40
2.20029	264.00	0	5.40
2.20536	255.00	0	5.40
2.21033	253.00	0	5.40
2.21539	253.00	0	5.40
2.22045	245.00	0	5.55
2.22554	244.00	0	5.55
2.23054	240.00	0	5.55
2.23543	247.00	0	5.55
2.24041	272.00	0	5.55
2.24526	366.00	0	5.55
2.25010	414.00	1	5.55
2.25515	438.00	0	5.55
2.26090	460.00	0	5.55
2.26582	458.00	0	5.55
2.27053	467.00	0	5.55
2.27574	458.00	0	5.55
2.28058	439.00	0	5.55
2.28582	373.00	1	5.55
2.29082	270.00	0	5.55
2.29549	264.00	0	5.55
2.30028	251.00	0	5.55
2.30607	237.00	0	5.55
2.31091	237.00	0	5.55
2.31580	230.00	0	5.55
2.32072	238.00	0	5.41
2.32563	240.00	0	5.41
2.33055	250.00	0	5.41
2.33546	331.00	1	5.41
2.34047	398.00	0	5.41
2.34509	437.00	0	5.41
2.35001	454.00	0	5.41
2.35593	463.00	0	5.41
2.36068	473.00	0	5.41
2.36539	461.00	0	5.41
2.37020	455.00	0	5.41
2.37611	394.00	1	5.41
2.38086	284.00	0	5.41
2.38556	264.00	0	5.41
2.39025	251.00	0	5.41
2.39604	251.00	0	5.41
2.40076	254.00	0	5.41
2.40541	245.00	0	5.41
2.41009	246.00	0	5.41
2.41586	240.00	0	5.41
2.42055	248.00	0	5.41
2.42530	290.00	1	5.38
2.43015	379.00	0	5.38
2.43598	431.00	0	5.38
2.44076	447.00	0	5.38
2.44550	460.00	0	5.38
2.45029	461.00	0	5.38
2.45608	460.00	0	5.38
2.46076	460.00	0	5.38
2.46550	422.00	1	5.38
2.47020	346.00	0	5.38
2.47605	268.00	0	5.38
2.48079	254.00	0	5.38
2.48555	251.00	0	5.38
2.49027	234.00	0	5.38
2.49605	232.00	0	5.38
2.50075	234.00	0	5.38
2.50543	235.00	0	5.38
2.51017	242.00	0	5.38
2.51597	270.00	0	5.38
2.52069	374.00	0	5.38
2.52530	414.00	1	5.57
2.53002	445.00	0	5.57
2.53582	464.00	0	5.57
2.54051	464.00	0	5.57
2.54522	470.00	0	5.57
2.55100	458.00	0	5.57
2.55586	426.00	1	5.57
2.56061	356.00	0	5.57
2.56531	270.00	0	5.57
2.57008	261.00	0	5.57
2.57586	253.00	0	5.57
2.58061	247.00	0	5.57
2.58532	254.00	0	5.57
2.59000	241.00	0	5.57
2.59579	244.00	0	5.57
2.60047	242.00	0	5.57
2.60519	257.00	0	5.57
2.61098	358.00	0	5.57
2.61565	404.00	1	5.57
2.62042	437.00	0	5.57
2.62516	452.00	0	5.25
2.63012	461.00	0	5.25
2.63529	467.00	0	5.25
2.64107	456.00	0	5.25
2.64578	439.00	0	5.25
2.65050	392.00	1	5.25
2.65520	298.00	0	5.25
2.66107	265.00	0	5.25
2.66581	247.00	0	5.25
2.67048	243.00	0	5.25
2.67520	234.00	0	5.25
2.68098	229.00	0	5.25
2.68563	238.00	0	5.25
2.69031	239.00	0	5.25
2.69505	250.00	0	5.25
2.70084	331.00	1	5.25
2.70550	400.00	0	5.25
2.71017	436.00	0	5.25
2.71591	456.00	0	5.25
2.72058	468.00	0	5.25
2.72528	467.00	0	5.70
2.73104	457.00	0	5.70
2.73576	452.00	0	5.70
2.74043	411.00	1	5.70
2.74510	314.00	0	5.70
2.75079	263.00	0	5.70
2.75553	253.00	0	5.70
2.76030	253.00	0	5.70
2.76501	248.00	0	5.70
2.77074	248.00	0	5.70
2.77546	243.00	0	5.70
2.78018	241.00	0	5.70
2.78593	252.00	0	5.70
2.79063	295.00	1	5.70
2.79534	388.00	0	5.70
2.80103	431.00	0	5.70
2.80576	445.00	0	5.70
2.81067	462.00	0	5.70
2.81567	461.00	0	5.70
2.82072	464.00	0	5.70
2.82578	453.00	0	5.71
2.83070	423.00	1	5.71
2.83554	352.00	0	5.71
2.84060	267.00	0	5.71
2.84551	259.00	0	5.71
2.85043	246.00	0	5.71
2.85540	235.00	0	5.71
2.86035	235.00	0	5.71
2.86523	230.00	0	5.71
2.87015	239.00	0	5.71
2.87588	243.00	0	5.71
2.88069	272.00	1	5.71
2.88533	376.00	0	5.71
2.89006	413.00	0	5.71
2.89599	452.00	0	5.71
2.90100	463.00	0	5.71
2.90568	464.00	0	5.71
2.91070	469.00	0	5.71
2.91535	449.00	0	5.71
2.92018	446.00	0	5.71
2.92512	389.00	1	5.56
2.93099	272.00	0	5.56
2.93563	261.00	0	5.56
2.94039	249.00	0	5.56
2.94514	252.00	0	5.56
2.95102	253.00	0	5.56
2.95575	242.00	0	5.56
2.96050	247.00	0	5.56
2.96523	239.00	0	5.56
2.97007	262.00	0	5.56
2.97582	355.00	0	5.56
2.98045	408.00	1	5.56
2.98516	439.00	0	5.56
2.99095	450.00	0	5.56
2.99570	464.00	0	5.56
3.00038	464.00	0	5.56
3.00511	460.00	0	5.56
3.01004	453.00	0	5.56
3.01605	394.00	1	5.56
3.02086	301.00	0	5.56
3.02584	264.00	0	5.40
3.03071	250.00	0	5.40
3.03597	245.00	0	5.40
3.04071	232.00	0	5.40
3.04508	235.00	0	5.40
3.05091	238.00	0	5.40
3.05604	238.00	0	5.40
3.06102	257.00	0	5.40
3.06554	318.00	1	5.40
3.07089	405.00	0	5.40
3.07506	430.00	0	5.40
3.08098	457.00	0	5.40
3.08571	469.00	0	5.40
3.09045	463.00	0	5.40
3.09514	467.00	0	5.40
3.10096	452.00	0	5.40
3.10563	421.00	1	5.40
3.11022	328.00	0	5.40
3.11594	261.00	0	5.40
3.12071	256.00	0	5.40
3.12542	250.00	0	5.40
3.13019	252.00	0	5.54
3.13599	250.00	0	5.54
3.14082	242.00	0	5.54
3.14569	244.00	0	5.54
3.15104	251.00	0	5.54
3.15592	303.00	1	5.54
3.16096	396.00	0	5.54
3.16596	424.00	0	5.54
3.17092	446.00	0	5.54
3.17587	459.00	0	5.54
3.18042	463.00	0	5.54
3.18514	468.00	0	5.54
3.19030	454.00	0	5.54
3.19542	437.00	0	5.54
3.20015	369.00	1	5.54
3.20591	268.00	0	5.54
3.21053	264.00	0	5.54
3.21524	247.00	0	5.54
3.22100	238.00	0	5.54
3.22568	233.00	0	5.54
3.23035	233.00	0	5.43
3.23509	242.00	0	5.43
3.24098	241.00	0	5.43
3.24568	278.00	1	5.43
3.25037	372.00	0	5.43
3.25604	417.00	0	5.43
3.26081	456.00	0	5.43
3.26554	457.00	0	5.43
3.27035	470.00	0	5.43
3.27529	467.00	0	5.43
3.28083	457.00	0	5.43
3.28575	446.00	0	5.43
3.29057	383.00	1	5.43
3.29532	286.00	0	5.43
3.30009	259.00	0	5.43
3.30594	252.00	0	5.43
3.31073	255.00	0	5.43
3.31559	249.00	0	5.43
3.32047	248.00	0	5.43
3.32557	244.00	0	5.43
3.33073	241.00	0	5.41
3.33572	267.00	0	5.41
3.34062	343.00	1	5.41
3.34542	409.00	0	5.41
3.35026	434.00	0	5.41
3.35609	451.00	0	5.41
3.36079	467.00	0	5.41
3.36557	454.00	0	5.41
3.37029	465.00	0	5.41
3.37501	447.00	0	5.41
3.38097	396.00	1	5.41
3.38567	304.00	0	5.41
3.39033	262.00	0	5.41
3.39526	257.00	0	5.41
3.40106	244.00	0	5.41
3.40578	233.00	0	5.41
3.41047	236.00	0	5.41
3.41519	234.00	0	5.41
3.42097	241.00	0	5.41
3.42568	252.00	0	5.41
3.43039	309.00	1	5.53
3.43510	396.00	0	5.53
3.44089	431.00	0	5.53
3.44558	458.00	0	5.53
3.45030	464.00	0	5.53
3.45501	467.00	0	5.53
3.46077	465.00	0	5.53
3.46547	451.00	0	5.53
3.47019	424.00	1	5.53
3.47593	295.00	0	5.53
3.48057	261.00	0	5.53
3.48530	257.00	0	5.53
3.49107	248.00	0	5.53
3.49580	256.00	0	5.53
3.50052	248.00	0	5.53
3.50519	243.00	0	5.53
3.51103	245.00	0	5.53
3.51573	246.00	0	5.53
3.52037	297.00	1	5.53
3.52507	379.00	0	5.53
3.53088	426.00	0	5.56
3.53562	448.00	0	5.56
3.54028	454.00	0	5.56
3.54602	461.00	0	5.56
3.55077	462.00	0	5.56
3.55547	454.00	0	5.56
3.56012	436.00	0	5.56
3.56579	329.00	0	5.56
3.57038	272.00	1	5.56
3.57604	128.00	0	5.56
3.58069	245.00	0	5.56
3.58523	240.00	0	5.56
3.59098	229.00	0	5.56
3.59570	237.00	0	5.56
3.60044	239.00	0	5.56
3.60519	240.00	0	5.56
3.61098	283.00	1	5.56
3.61565	372.00	0	5.56
3.62034	421.00	0	5.56
3.62501	445.00	0	5.56
3.63092	460.00	0	5.54
3.63567	471.00	0	5.54
3.64047	464.00	0	5.54
3.64523	461.00	0	5.54
3.65101	431.00	1	5.54
3.65577	337.00	0	5.54
3.66040	273.00	0	5.54
3.66532	255.00	0	5.54
3.67005	255.00	0	5.54
3.67588	252.00	0	5.54
3.68059	244.00	0	5.54
3.68535	246.00	0	5.54
3.69007	238.00	0	5.54
3.69602	243.00	0	5.54
3.70085	263.00	0	5.54
3.70559	345.00	1	5.54
3.71036	410.00	0	5.54
3.71521	433.00	0	5.54
3.72099	454.00	0	5.54
3.72566	463.00	0	5.54
3.73047	464.00	0	5.54
3.73567	464.00	0	5.40
3.74049	441.00	0	5.40
3.74538	399.00	1	5.40
3.75105	283.00	0	5.40
3.75577	260.00	0	5.40
3.76035	256.00	0	5.40
3.76532	240.00	0	5.40
3.77084	235.00	0	5.40
3.77563	232.00	0	5.40
3.78040	233.00	0	5.40
3.78509	241.00	0	5.40
3.79089	245.00	0	5.40
3.79567	313.00	1	5.40
3.80042	396.00	0	5.40
3.80517	428.00	0	5.40
3.81087	462.00	0	5.40
3.81564	461.00	0	5.40
3.82042	472.00	0	5.40
3.82514	462.00	0	5.40
3.83092	446.00	0	5.40
3.83581	408.00	1	5.41
3.84084	289.00	0	5.41
3.84549	266.00	0	5.41
3.85021	254.00	0	5.41
3.85605	247.00	0	5.41
3.86078	255.00	0	5.41
3.86561	243.00	0	5.41
3.87037	247.00	0	5.41
3.87507	240.00	0	5.41
3.88088	244.00	0	5.41
3.88562	293.00	1	5.41
3.89033	375.00	0	5.41
3.89506	424.00	0	5.41
3.90083	444.00	0	5.41
3.90547	457.00	0	5.41
3.91010	467.00	0	5.41
3.91606	460.00	0	5.41
3.92076	456.00	0	5.41
3.92586	422.00	1	5.41
3.93069	335.00	0	5.41
3.93569	271.00	0	5.54
3.94042	254.00	0	5.54
3.94515	251.00	0	5.54
3.95094	237.00	0	5.54
3.95566	229.00	0	5.54
3.96039	236.00	0	5.54
3.96510	234.00	0	5.54
3.97088	244.00	0	5.54
3.97555	267.00	0	5.54
3.98020	367.00	0	5.54
3.98589	425.00	1	5.54
3.99061	448.00	0	5.54
3.99535	464.00	0	5.54
4.00010	466.00	0	5.54
4.00597	463.00	0	5.54
4.01075	460.00	0	5.54
4.01555	435.00	0	5.54
4.02027	381.00	1	5.54
4.02507	278.00	0	5.54
4.03077	256.00	0	5.54
4.03570	255.00	0	5.42
4.04046	247.00	0	5.42
4.04518	256.00	0	5.42
4.05100	246.00	0	5.42
4.05584	241.00	0	5.42
4.06054	245.00	0	5.42
4.06529	254.00	0	5.42
4.07007	335.00	1	5.42
4.07597	411.00	0	5.42
4.08070	436.00	0	5.42
4.08542	455.00	0	5.42
4.09013	458.00	0	5.42
4.09593	466.00	0	5.42
4.10069	461.00	0	5.42
4.10542	446.00	0	5.42
4.11018	411.00	1	5.42
4.11601	294.00	0	5.42
4.12065	265.00	0	5.42
4.12534	254.00	0	5.42
4.13008	243.00	0	5.42
4.13590	237.00	0	5.43
4.14063	229.00	0	5.43
4.14532	238.00	0	5.43
4.15021	239.00	0	5.43
4.15503	247.00	0	5.43
4.16084	329.00	1	5.43
4.16559	397.00	0	5.43
4.17028	436.00	0	5.43
4.17520	456.00	0	5.43
4.18016	465.00	0	5.43
4.18506	471.00	0	5.43
4.19086	460.00	0	5.43
4.19580	455.00	0	5.43
4.20061	422.00	1	5.43
4.20531	330.00	0	5.43
4.21098	268.00	0	5.43
4.21570	252.00	0	5.43
4.22047	253.00	0	5.43
4.22531	251.00	0	5.43
4.23005	249.00	0	5.43
4.23593	248.00	0	5.55
4.24090	241.00	0	5.55
4.24513	248.00	0	5.55
4.25089	297.00	1	5.55
4.25583	383.00	0	5.55
4.26076	426.00	0	5.55
4.26547	440.00	0	5.55
4.27042	457.00	0	5.55
4.27531	462.00	0	5.55
4.28001	466.00	0	5.55
4.28581	461.00	0	5.55
4.29052	439.00	0	5.55
4.29534	451.00	0	5.55
4.30007	289.00	0	5.55
4.30585	260.00	0	5.55
4.31072	255.00	0	5.55
4.31547	239.00	1	5.55
4.32013	238.00	0	5.55
4.32601	236.00	0	5.55
4.33100	236.00	0	5.55
4.33568	246.00	0	4.87
4.34052	259.00	0	4.87
4.34525	361.00	0	4.87
4.35103	415.00	1	4.87
4.35586	445.00	0	4.87
4.36089	465.00	0	4.87
4.36568	463.00	0	4.87
4.37089	470.00	0	4.87
4.37565	462.00	0	4.87
4.38054	450.00	0	4.87
4.38540	412.00	1	4.87
4.39010	297.00	0	4.87
4.39579	264.00	0	4.87
4.40054	254.00	0	4.87
4.40526	250.00	0	4.87
4.41101	258.00	0	4.87
4.41580	244.00	0	4.87
4.42059	246.00	0	4.87
4.42533	242.00	0	4.87
4.43008	250.00	0	4.87
4.43587	331.00	1	5.41
4.44072	396.00	0	5.41
4.44568	436.00	0	5.41
4.45035	447.00	0	5.41
4.45532	461.00	0	5.41
4.46000	469.00	0	5.41
4.46585	461.00	0	5.41
4.47059	459.00	0	5.41
4.47535	429.00	1	5.41
4.48004	354.00	0	5.41
4.48582	272.00	0	5.41
4.49080	255.00	0	5.41
4.49554	251.00	0	5.41
4.50044	237.00	0	5.41
4.50511	233.00	0	5.41
4.51002	237.00	0	5.41
4.51581	238.00	0	5.41
4.52075	247.00	0	5.41
4.52548	281.00	1	5.41
4.53042	379.00	0	5.41
4.53512	422.00	0	5.41
4.54002	444.00	0	5.73
4.54573	464.00	0	5.73
4.55046	468.00	0	5.73
4.55525	468.00	0	5.73
4.56015	465.00	0	5.73
4.56600	439.00	0	5.73
4.57090	378.00	1	5.73
4.57565	280.00	0	5.73
4.58036	260.00	0	5.73
4.58504	258.00	0	5.73
4.59093	250.00	0	5.73
4.59566	255.00	0	5.73
4.60084	248.00	0	5.73
4.60565	242.00	0	5.73
4.61060	247.00	0	5.73
4.61575	259.00	0	5.73
4.62040	338.00	1	5.73
4.62540	402.00	0	5.73
4.63006	433.00	0	5.73
4.63503	451.00	0	5.73
4.64100	460.00	0	5.42
4.64567	471.00	0	5.42
4.65040	464.00	0	5.42
4.65521	455.00	0	5.42
4.66099	410.00	1	5.42
4.66573	310.00	0	5.42
4.67036	269.00	0	5.42
4.67509	256.00	0	5.42
4.68003	247.00	0	5.42
4.68591	240.00	0	5.42
4.69052	230.00	0	5.42
4.69511	239.00	0	5.42
4.70086	241.00	0	5.42
4.70547	246.00	0	5.42
4.71008	288.00	1	5.42
4.71580	387.00	0	5.42
4.72038	425.00	0	5.42
4.72605	455.00	0	5.42
4.73069	464.00	0	5.42
4.73527	473.00	0	5.42
4.74101	463.00	0	5.42
4.74562	459.00	0	5.42
4.75051	432.00	1	5.42
4.75523	347.00	0	5.42
4.76013	273.00	0	5.42
4.76606	254.00	0	5.42
4.77074	255.00	0	5.42
4.77590	255.00	0	5.42
4.78057	250.00	0	5.42
4.78558	249.00	0	5.42
4.79040	240.00	0	5.42
4.79526	246.00	0	5.42
4.80001	259.00	0	5.42
4.80594	352.00	0	5.42
4.81063	414.00	1	5.42
4.81554	436.00	0	5.42
4.82039	456.00	0	5.42
4.82510	462.00	0	5.42
4.83094	465.00	0	5.42
4.83588	467.00	0	5.42
4.84086	448.00	0	5.26
4.84567	407.00	1	5.26
4.85047	303.00	0	5.26
4.85507	267.00	0	5.26
4.86074	260.00	0	5.26
4.86554	244.00	0	5.26
4.87040	239.00	0	5.26
4.87512	233.00	0	5.26
4.88103	234.00	0	5.26
4.88588	244.00	0	5.26
4.89047	244.00	0	5.26
4.89529	292.00	1	5.26
4.90107	395.00	0	5.26
4.90566	426.00	0	5.26
4.91027	456.00	0	5.26
4.91539	462.00	0	5.26
4.92030	474.00	0	5.26
4.92520	468.00	0	5.26
4.93092	455.00	0	5.26
4.93590	432.00	1	5.26
4.94091	322.00	0	5.39
4.94562	272.00	0	5.39
4.95058	259.00	0	5.39
4.95553	253.00	0	5.39
4.96023	257.00	0	5.39
4.96533	248.00	0	5.39
4.97001	250.00	0	5.39
4.97505	243.00	0	5.39
4.98096	243.00	0	5.39
4.98568	273.00	0	5.39
4.99036	352.00	1	5.39
4.99520	416.00	0	5.39
5.00100	441.00	0	5.39
5.00574	456.00	0	5.39
5.01049	467.00	0	5.39
5.01526	463.00	0	5.39
5.02004	466.00	0	5.39
5.02590	442.00	0	5.39
5.03060	386.00	1	5.39
5.03546	289.00	0	5.39
5.04011	261.00	0	5.41
5.04588	255.00	0	5.41
5.05067	242.00	0	5.41
5.05537	235.00	0	5.41
5.06011	236.00	0	5.41
5.06591	234.00	0	5.41
5.07058	244.00	0	5.41
5.07521	248.00	0	5.41
5.08027	313.00	1	5.41
5.08512	401.00	0	5.41
5.09001	431.00	0	5.41
5.09579	465.00	0	5.41
5.10069	467.00	0	5.41
5.10549	468.00	0	5.41
5.11052	468.00	0	5.41
5.11550	448.00	0	5.41
5.12050	411.00	1	5.41
5.12519	300.00	0	5.41
5.13090	261.00	0	5.41
5.13571	260.00	0	5.41
5.14071	248.00	0	5.42
5.14567	255.00	0	5.42
5.15034	247.00	0	5.42
5.15518	244.00	0	5.42
5.16002	245.00	0	5.42
5.16602	247.00	0	5.42
5.17074	302.00	1	5.42
5.17565	389.00	0	5.42
5.18052	426.00	0	5.42
5.18527	447.00	0	5.42
5.19024	458.00	0	5.42
5.19518	466.00	0	5.42
5.20013	462.00	0	5.42
5.20594	451.00	0	5.42
5.21092	429.00	0	5.42
5.21583	334.00	0	5.42
5.22052	271.00	1	5.42
5.22533	258.00	0	5.42
5.23053	247.00	0	5.42
5.23525	240.00	0	5.42
5.24012	231.00	0	5.42
5.24522	238.00	0	5.27
5.25011	237.00	0	5.27
5.25503	240.00	0	5.27
5.26101	280.00	1	5.27
5.26597	376.00	0	5.27
5.27063	422.00	0	5.27
5.27551	450.00	0	5.27
5.28026	465.00	0	5.27
5.28515	472.00	0	5.27
5.29093	464.00	0	5.27
5.29577	462.00	0	5.27
5.30044	439.00	0	5.27
5.30535	382.00	1	5.27
5.31107	277.00	0	5.27
5.31575	258.00	0	5.27
5.32044	257.00	0	5.27
5.32542	251.00	0	5.27
5.33012	253.00	0	5.27
5.33505	250.00	0	5.27
5.34093	242.00	0	5.27
5.34582	245.00	0	5.41
5.35048	258.00	0	5.41
5.35531	328.00	1	5.41
5.36101	413.00	0	5.41
5.36592	434.00	0	5.41
5.37066	455.00	0	5.41
5.37568	463.00	0	5.41
5.38047	467.00	0	5.41
5.38521	465.00	0	5.41
5.39100	446.00	0	5.41
5.39604	412.00	1	5.41
5.40070	322.00	0	5.41
5.40531	267.00	0	5.41
5.41013	260.00	0	5.41
5.41602	244.00	0	5.41
5.42084	238.00	0	5.41
5.42600	234.00	0	5.41
5.43076	234.00	0	5.41
5.43579	244.00	0	5.41
5.44064	244.00	0	5.41
5.44570	301.00	1	5.70
5.45045	389.00	0	5.70
5.45527	431.00	0	5.70
5.46027	457.00	0	5.70
5.46515	462.00	0	5.70
5.47022	473.00	0	5.70
5.47563	467.00	0	5.70
5.48069	456.00	0	5.70
5.48545	438.00	0	5.70
5.49021	354.00	1	5.70
5.49605	270.00	0	5.70
5.50078	257.00	0	5.70
5.50556	253.00	0	5.70
5.51022	255.00	0	5.70
5.51601	246.00	0	5.70
5.52073	250.00	0	5.70
5.52539	243.00	0	5.70
5.53015	244.00	0	5.70
5.53594	286.00	0	5.70
5.54065	370.00	1	5.70
5.54534	422.00	0	5.40
5.55006	440.00	0	5.40
5.55593	456.00	0	5.40
5.56070	469.00	0	5.40
5.56558	462.00	0	5.40
5.57030	465.00	0	5.40
5.57520	444.00	0	5.40
5.58032	390.00	1	5.40
5.58607	281.00	0	5.40
5.59082	259.00	0	5.40
5.59543	254.00	0	5.40
5.60045	241.00	0	5.40
5.60524	231.00	0	5.40
5.61025	237.00	0	5.40
5.61527	236.00	0	5.40
5.62105	246.00	0	5.40
5.62588	272.00	0	5.40
5.63096	375.00	0	5.40
5.63584	422.00	1	5.40
5.64058	445.00	0	5.40
5.64540	465.00	0	5.26
5.65009	467.00	0	5.26
5.65506	470.00	0	5.26
5.66087	464.00	0	5.26
5.66572	443.00	0	5.26
5.67064	395.00	1	5.26
5.67554	283.00	0	5.26
5.68022	261.00	0	5.26
5.68504	258.00	0	5.26
5.69092	250.00	0	5.26
5.69573	257.00	0	5.26
5.70033	247.00	0	5.26
5.70506	245.00	0	5.26
5.71070	247.00	0	5.26
5.71550	263.00	0	5.26
5.72033	354.00	0	5.26
5.72514	407.00	1	5.26
5.73088	438.00	0	5.26
5.73577	458.00	0	5.26
5.74046	462.00	0	5.26
5.74533	472.00	0	5.26
5.75002	460.00	0	5.42
5.75595	450.00	0	5.42
5.76076	413.00	1	5.42
5.76589	301.00	0	5.42
5.77049	270.00	0	5.42
5.77517	255.00	0	5.42
5.78093	243.00	0	5.42
5.78580	239.00	0	5.42
5.79067	231.00	0	5.42
5.79538	241.00	0	5.42
5.80014	240.00	0	5.42
5.80597	254.00	0	5.42
5.81065	331.00	1	5.42
5.81555	398.00	0	5.42
5.82025	437.00	0	5.42
5.82507	456.00	0	5.42
5.83077	466.00	0	5.42
5.83550	473.00	0	5.42
5.84026	465.00	0	5.42
5.84600	457.00	0	5.42
5.85076	421.00	1	5.72
5.85549	314.00	0	5.72
5.86035	272.00	0	5.72
5.86530	256.00	0	5.72
5.87018	258.00	0	5.72
5.87606	258.00	0	5.72
5.88066	249.00	0	5.72
5.88520	251.00	0	5.72
5.89051	241.00	0	5.72
5.89501	253.00	0	5.72
5.90034	306.00	1	5.72
5.90562	394.00	0	5.72
5.91076	435.00	0	5.72
5.91533	443.00	0	5.72
5.92039	466.00	0	5.72
5.92582	467.00	0	5.72
5.93052	464.00	0	5.72
5.93588	461.00	0	5.72
5.94009	430.00	0	5.72
5.94504	350.00	1	5.72
5.95027	269.00	0	5.43
5.95521	258.00	0	5.43
5.96061	252.00	0	5.43
5.96586	234.00	0	5.43
5.97009	238.00	0	5.43
5.97512	237.00	0	5.43
5.98040	241.00	0	5.43
5.98533	254.00	0	5.43
5.99009	302.00	1	5.43
5.99585	405.00	0	5.43
6.00046	433.00	0	5.43
6.00537	457.00	0	5.43
6.01063	472.00	0	5.43
6.01557	465.00	0	5.43
6.02000	468.00	0	5.43
6.02516	447.00	0	5.43
6.03036	394.00	1	5.43
6.03558	282.00	0	5.43
6.04063	258.00	0	5.43
6.04589	257.00	0	5.43
6.05105	256.00	0	5.57
6.05539	252.00	0	5.57
6.06066	252.00	0	5.57
6.06541	243.00	0	5.57
6.07013	248.00	0	5.57
6.07589	273.00	0	5.57
6.08058	361.00	1	5.57
6.08524	417.00	0	5.57
6.09093	438.00	0	5.57
6.09562	460.00	0	5.57
6.10026	463.00	0	5.57
6.10594	463.00	0	5.57
6.11061	463.00	0	5.57
6.11537	435.00	0	5.57
6.12003	370.00	1	5.57
6.12573	270.00	0	5.57
6.13033	257.00	0	5.57
6.13503	254.00	0	5.57
6.14088	235.00	0	5.57
6.14561	237.00	0	5.57
6.15029	235.00	0	5.57
6.15614	239.00	0	5.71
6.16010	250.00	0	5.71
6.16563	308.00	1	5.71
6.17035	400.00	0	5.71
6.17513	425.00	0	5.71
6.18020	454.00	0	5.71
6.18514	468.00	0	5.71
6.19031	467.00	0	5.71
6.19501	471.00	0	5.71
6.20083	453.00	0	5.71
6.20555	402.00	1	5.71
6.21031	291.00	0	5.71
6.21600	258.00	0	5.71
6.22068	257.00	0	5.71
6.22536	251.00	0	5.71
6.23000	254.00	0	5.71
6.23578	249.00	0	5.71
6.24044	240.00	0	5.71
6.24513	246.00	0	5.71
6.25099	265.00	0	5.71
6.25575	349.00	1	5.71
6.26040	412.00	0	5.71
6.26513	435.00	0	5.71
6.27095	460.00	0	5.71
6.27568	465.00	0	5.71
6.28040	466.00	0	5.71
6.28515	463.00	0	5.71
6.29092	430.00	0	5.71
6.29560	358.00	1	5.71
6.30032	273.00	0	5.71
6.30606	257.00	0	5.71
6.31074	253.00	0	5.71
6.31551	236.00	0	5.71
6.32017	237.00	0	5.71
6.32591	236.00	0	5.71
6.33063	238.00	0	5.71
6.33538	249.00	0	5.71
6.34006	273.00	0	5.71
6.34591	394.00	0	5.71
6.35051	425.00	1	5.71
6.35526	456.00	0	5.41
6.36106	471.00	0	5.41
6.36581	465.00	0	5.41
6.37053	469.00	0	5.41
6.37532	453.00	0	5.41
6.38007	418.00	1	5.41
6.38591	295.00	0	5.41
6.39055	260.00	0	5.41
6.39532	259.00	0	5.41
6.40005	249.00	0	5.41
6.40583	252.00	0	5.41
6.41046	249.00	0	5.41
6.41512	242.00	0	5.41
6.42090	245.00	0	5.41
6.42557	253.00	0	5.41
6.43033	315.00	1	5.41
6.43507	399.00	0	5.41
6.44090	433.00	0	5.41
6.44556	454.00	0	5.41
6.45023	461.00	0	5.41
6.45606	465.00	0	5.73
6.46071	466.00	0	5.73
6.46549	446.00	0	5.73
6.47019	405.00	1	5.73
6.47600	290.00	0	5.73
6.48063	262.00	0	5.73
6.48531	256.00	0	5.73
6.49002	241.00	0	5.73
6.49580	236.00	0	5.73
6.50048	233.00	0	5.73
6.50513	238.00	0	5.73
6.51088	246.00	0	5.73
6.51567	254.00	0	5.73
6.52040	350.00	0	5.73
6.52502	405.00	1	5.73
6.53089	447.00	0	5.73
6.53560	466.00	0	5.73
6.54061	467.00	0	5.73
6.54531	473.00	0	5.73
6.55106	460.00	0	5.73
6.55581	442.00	0	5.73
6.56084	381.00	1	5.73
6.56555	278.00	0	5.73
6.57019	265.00	0	5.73
6.57622	254.00	0	5.73
6.58035	251.00	0	5.73
6.58546	256.00	0	5.73
6.59014	245.00	0	5.73
6.59601	250.00	0	5.73
6.60070	243.00	0	5.73
6.60583	263.00	0	5.73
6.61052	353.00	0	5.73
6.61515	406.00	1	5.73
6.62098	442.00	0	5.73
6.62511	452.00	0	5.73
6.63095	463.00	0	5.73
6.63564	464.00	0	5.73
6.64099	457.00	0	5.73
6.64565	450.00	0	5.73
6.65045	394.00	1	5.73
6.65548	294.00	0	5.73
6.66016	267.00	0	5.55
6.66595	249.00	0	5.55
6.67066	245.00	0	5.55
6.67511	235.00	0	5.55
6.68097	233.00	0	5.55
6.68569	243.00	0	5.55
6.69061	239.00	0	5.55
6.69550	268.00	0	5.55
6.70018	356.00	1	5.55
6.70606	420.00	0	5.55
6.71069	450.00	0	5.55
6.71567	461.00	0	5.55
6.72072	472.00	0	5.55
6.72560	468.00	0	5.55
6.73055	460.00	0	5.55
6.73529	446.00	0	5.55
6.74027	378.00	1	5.55
6.74524	283.00	0	5.55
6.75100	260.00	0	5.55
6.75576	251.00	0	5.55
6.76097	256.00	0	5.57
6.76575	248.00	0	5.57
6.77049	250.00	0	5.57
6.77530	244.00	0	5.57
6.78099	244.00	0	5.57
6.78598	287.00	0	5.57
6.79069	372.00	1	5.57
6.79567	426.00	0	5.57
6.80061	443.00	0	5.57
6.80545	459.00	0	5.57
6.81004	467.00	0	5.57
6.81536	462.00	0	5.57
6.82038	464.00	0	5.57
6.82529	439.00	0	5.57
6.83034	379.00	1	5.57
6.83504	285.00	0	5.57
6.84091	260.00	0	5.57
6.84523	257.00	0	5.57
6.85009	240.00	0	5.57
6.85600	233.00	0	5.57
6.86109	239.00	0	5.56
6.86595	238.00	0	5.56
6.87068	250.00	0	5.56
6.87563	281.00	1	5.56
6.88048	381.00	0	5.56
6.88515	425.00	0	5.56
6.89093	452.00	0	5.56
6.89569	469.00	0	5.56
6.90071	470.00	0	5.56
6.90560	468.00	0	5.56
6.91036	462.00	0	5.56
6.91522	437.00	0	5.56
6.92014	372.00	1	5.56
6.92501	275.00	0	5.56
6.93073	257.00	0	5.56
6.93566	257.00	0	5.56
6.94062	252.00	0	5.56
6.94567	254.00	0	5.56
6.95038	246.00	0	5.56
6.95524	246.00	0	5.56
6.96103	253.00	0	5.56
6.96596	294.00	1	5.56
6.97085	390.00	0	5.56
6.97553	424.00	0	5.56
6.98047	446.00	0	5.56
6.98555	467.00	0	5.56
6.99043	463.00	0	5.56
6.99529	472.00	0	5.56
7.00102	461.00	0	5.56
7.00589	436.00	0	5.56
7.01056	365.00	1	5.56
7.01570	270.00	0	5.56
7.02049	268.00	0	5.56
7.02538	250.00	0	5.56
7.03010	242.00	0	5.56
7.03593	239.00	0	5.56
7.04066	235.00	0	5.56
7.04558	245.00	0	5.56
7.05047	247.00	0	5.56
7.05554	282.00	1	5.56
7.06039	385.00	0	5.56
7.06604	425.00	0	5.56
7.07090	458.00	0	5.56
7.07572	465.00	0	5.56
7.08064	470.00	0	5.56
7.08542	473.00	0	5.56
7.09036	459.00	0	5.56
7.09501	450.00	0	5.56
7.10090	358.00	0	5.56
7.10571	275.00	1	5.56
7.11046	265.00	0	5.56
7.11532	252.00	0	5.56
7.12013	259.00	0	5.56
7.12594	254.00	0	5.56
7.13080	246.00	0	5.56
7.13579	249.00	0	5.56
7.14080	244.00	0	5.56
7.14551	280.00	0	5.56
7.15038	365.00	1	5.56
7.15530	417.00	0	5.56
7.16025	444.00	0	5.42
7.16514	455.00	0	5.42
7.17006	468.00	0	5.42
7.17603	468.00	0	5.42
7.18081	462.00	0	5.42
7.18554	451.00	0	5.42
7.19020	389.00	1	5.42
7.19510	292.00	0	5.42
7.20081	264.00	0	5.42
7.20567	252.00	0	5.42
7.21060	246.00	0	5.42
7.21544	234.00	0	5.42
7.22022	241.00	0	5.42
7.22520	239.00	0	5.42
7.23009	244.00	0	5.42
7.23510	261.00	0	5.42
7.24016	338.00	1	5.42
7.24503	412.00	0	5.42
7.25003	436.00	0	5.42
7.25598	462.00	0	5.42
7.26078	474.00	0	5.42
7.26584	467.00	0	5.42
7.27065	467.00	0	5.42
7.27549	449.00	0	5.42
7.28064	389.00	1	5.42
7.28566	285.00	0	5.42
7.29030	260.00	0	5.42
7.29504	263.00	0	5.42
7.30101	255.00	0	5.42
7.30591	253.00	0	5.42
7.31104	252.00	0	5.42
7.31587	243.00	0	5.42
7.32076	247.00	0	5.42
7.32563	257.00	0	5.42
7.33028	320.00	1	5.42
7.33528	405.00	0	5.42
7.34008	432.00	0	5.42
7.34607	459.00	0	5.42
7.35091	465.00	0	5.42
7.35593	468.00	0	5.42
7.36088	470.00	0	5.56
7.36570	451.00	0	5.56
7.37050	411.00	1	5.56
7.37520	310.00	0	5.56
7.38097	265.00	0	5.56
7.38596	261.00	0	5.56
7.39084	244.00	0	5.56
7.39576	240.00	0	5.56
7.40066	235.00	0	5.56
7.40542	237.00	0	5.56
7.41001	244.00	0	5.56
7.41589	249.00	0	5.56
7.42068	309.00	1	5.56
7.42558	398.00	0	5.56
7.43041	434.00	0	5.56
7.43533	464.00	0	5.56
7.44011	467.00	0	5.56
7.44587	475.00	0	5.56
7.45084	469.00	0	5.56
7.45590	457.00	0	5.56
7.46053	424.00	1	5.56
7.46548	305.00	0	5.56
7.47008	272.00	0	5.56
7.47505	257.00	0	5.56
7.48089	254.00	0	5.56
7.48561	258.00	0	5.56
7.49033	247.00	0	5.56
7.49506	249.00	0	5.56
7.50087	244.00	0	5.56
7.50549	245.00	0	5.56
7.51019	273.00	0	5.56
7.51597	376.00	0	5.56
7.52064	426.00	1	5.56
7.52533	441.00	0	5.56
7.53106	461.00	0	5.56
7.53579	471.00	0	5.56
7.54049	466.00	0	5.56
7.54511	468.00	0	5.56
7.55086	438.00	0	5.56
7.55553	372.00	1	5.56
7.56014	284.00	0	5.56
7.56585	260.00	0	5.40
7.57051	255.00	0	5.40
7.57524	242.00	0	5.40
7.58096	235.00	0	5.40
7.58563	239.00	0	5.40
7.59027	236.00	0	5.40
7.59501	247.00	0	5.40
7.60082	259.00	0	5.40
7.60563	339.00	1	5.40
7.61036	410.00	0	5.40
7.61516	437.00	0	5.40
7.62003	466.00	0	5.40
7.62580	465.00	0	5.40
7.63066	472.00	0	5.40
7.63542	468.00	0	5.40
7.64008	451.00	0	5.40
7.64579	404.00	1	5.40
7.65053	292.00	0	5.40
7.65513	265.00	0	5.40
7.66097	262.00	0	5.40
7.66583	250.00	0	5.40
7.67049	260.00	0	5.40
7.67516	248.00	0	5.40
7.68096	245.00	0	5.40
7.68563	247.00	0	5.40
7.69021	246.00	0	5.40
7.69604	306.00	1	5.40
7.70093	392.00	0	5.40
7.70563	427.00	0	5.40
7.71026	449.00	0	5.40
7.71604	461.00	0	5.40
7.72069	476.00	0	5.40
7.72529	466.00	0	5.40
7.73107	456.00	0	5.40
7.73590	436.00	1	5.40
7.74064	353.00	0	5.40
7.74544	279.00	0	5.40
7.75013	260.00	0	5.40
7.75586	250.00	0	5.40
7.76053	243.00	0	5.40
7.76566	233.00	0	5.54
7.77036	238.00	0	5.54
7.77509	237.00	0	5.54
7.78095	242.00	0	5.54
7.78602	269.00	0	5.54
7.79090	360.00	0	5.54
7.79554	416.00	1	5.54
7.80028	444.00	0	5.54
7.80537	465.00	0	5.54
7.81084	476.00	0	5.54
7.81545	468.00	0	5.54
7.82009	469.00	0	5.54
7.82592	450.00	0	5.54
7.83008	413.00	1	5.54
7.83589	293.00	0	5.54
7.84050	261.00	0	5.54
7.84599	260.00	0	5.54
7.85066	252.00	0	5.54
7.85508	256.00	0	5.54
7.86044	253.00	0	5.54
7.86599	243.00	0	5.43
7.87047	248.00	0	5.43
7.87571	251.00	0	5.43
7.88036	300.00	1	5.43
7.88504	388.00	0	5.43
7.89092	430.00	0	5.43
7.89500	450.00	0	5.43
7.90084	460.00	0	5.43
7.90553	470.00	0	5.43
7.91060	469.00	0	5.43
7.91530	459.00	0	5.43
7.92001	444.00	0	5.43
7.92583	361.00	1	5.43
7.93075	275.00	0	5.43
7.93589	265.00	0	5.43
7.94002	251.00	0	5.43
7.94593	243.00	0	5.43
7.95017	234.00	0	5.43
7.95606	235.00	0	5.43
7.96102	245.00	0	5.43
7.96566	241.00	0	5.43
7.97049	263.00	0	5.27
7.97576	352.00	1	5.27
7.98070	411.00	0	5.27
7.98538	446.00	0	5.27
7.99031	463.00	0	5.27
7.99570	475.00	0	5.27
8.00041	470.00	0	5.27
