0.00001	376.00	0	0.00
0.00129	377.00	0	0.00
0.00573	376.00	0	0.00
0.01016	376.00	0	0.00
0.01565	375.00	0	0.00
0.02008	373.00	0	0.00
0.02559	365.00	0	0.00
0.03002	358.00	0	0.00
0.03552	343.00	0	0.00
0.04101	325.00	0	0.00
0.04545	312.00	0	0.00
0.05095	294.00	0	0.00
0.05548	279.00	0	0.00
0.06102	265.00	0	0.00
0.06546	253.00	0	0.00
0.07096	243.00	0	0.00
0.07539	238.00	0	0.00
0.08089	233.00	0	0.00
0.08532	230.00	0	0.00
0.09083	228.00	0	0.00
0.09526	226.00	0	0.00
0.10076	226.00	0	0.00
0.10519	226.00	0	0.00
0.11070	226.00	0	0.00
0.11512	226.00	0	0.00
0.12063	226.00	0	0.00
0.12507	226.00	0	0.00
0.13063	225.00	0	0.00
0.13515	224.00	0	0.00
0.14065	224.00	0	0.00
0.14509	224.00	0	0.00
0.15058	224.00	0	0.00
0.15504	224.00	0	0.00
0.16053	227.00	0	0.00
0.16604	230.00	0	0.00
0.17047	235.00	0	0.00
0.17600	244.00	0	0.00
0.18043	256.00	0	0.00
0.18594	279.00	1	0.00
0.19038	301.00	0	0.00
0.19588	330.00	0	0.00
0.20032	353.00	0	0.00
0.20582	372.00	0	0.00
0.21027	382.00	0	0.00
0.21579	392.00	0	0.00
0.22030	399.00	0	0.00
0.22584	406.00	0	0.00
0.23050	413.00	0	0.00
0.23517	415.00	0	0.00
0.24092	420.00	0	0.00
0.24554	417.00	0	0.00
0.25012	416.00	0	0.00
0.25573	411.00	0	0.00
0.26026	401.00	0	0.00
0.26587	381.00	1	0.00
0.27053	343.00	0	0.00
0.27521	303.00	0	0.00
0.28016	270.00	0	0.00
0.28589	247.00	0	0.00
0.29051	237.00	0	0.00
0.29504	232.00	0	0.00
0.30057	227.00	0	0.00
0.30606	226.00	0	0.00
0.31048	224.00	0	0.00
0.31602	220.00	0	0.00
0.32045	218.00	0	0.00
0.32598	216.00	0	0.00
0.33040	214.00	0	0.00
0.33593	214.00	0	0.00
0.34036	214.00	0	0.00
0.34588	219.00	0	0.00
0.35031	236.00	0	0.00
0.35584	279.00	1	0.00
0.36027	320.00	0	0.00
0.36576	357.00	0	0.00
0.37022	378.00	0	0.00
0.37571	396.00	0	0.00
0.38018	406.00	0	0.00
0.38566	414.00	0	0.00
0.39013	422.00	0	0.00
0.39562	425.00	0	0.00
0.40009	425.00	0	0.00
0.40558	422.00	0	0.00
0.41002	418.00	0	0.00
0.41555	402.00	0	0.00
0.42104	350.00	1	0.00
0.42551	296.00	0	0.00
0.43100	254.00	0	0.00
0.43546	237.00	0	0.00
0.44095	228.00	0	0.00
0.44542	225.00	0	0.00
0.45091	223.00	0	0.00
0.45539	221.00	0	0.00
0.46091	220.00	0	0.00
0.46542	217.00	0	0.00
0.47098	216.00	0	0.00
0.47546	216.00	0	0.00
0.48095	218.00	0	0.00
0.48538	222.00	0	0.00
0.49092	234.00	0	0.00
0.49535	252.00	1	0.00
0.50087	287.00	0	3.23
0.50539	315.00	0	3.23
0.51098	342.00	0	3.23
0.51543	355.00	0	3.23
0.52098	365.00	0	3.23
0.52544	371.00	0	3.23
0.53100	380.00	0	3.23
0.53545	384.00	0	3.23
0.54100	387.00	0	3.23
0.54548	384.00	0	3.23
0.55109	379.00	0	3.23
0.55553	370.00	0	3.23
0.56104	346.00	1	3.23
0.56551	305.00	0	3.39
0.57104	256.00	0	3.39
0.57552	230.00	0	3.39
0.58102	214.00	0	3.39
0.58550	206.00	0	3.39
0.59103	202.00	0	3.39
0.59551	199.00	0	3.39
0.60103	197.00	0	3.39
0.60553	196.00	0	3.39
0.61002	190.00	0	3.39
0.61559	94.00	0	3.39
0.62001	187.00	0	3.39
0.62554	186.00	0	3.39
0.63106	189.00	0	3.39
0.63555	209.00	0	3.39
0.64106	256.00	1	3.39
0.64559	291.00	0	3.51
0.65010	319.00	0	3.51
0.65571	339.00	0	3.51
0.66016	351.00	0	3.51
0.66567	360.00	0	3.51
0.67022	365.00	0	3.51
0.67575	367.00	0	3.51
0.68022	367.00	0	3.51
0.68574	365.00	0	3.51
0.69023	359.00	0	3.51
0.69575	345.00	0	3.51
0.70023	305.00	1	3.51
0.70574	240.00	0	3.51
0.71023	208.00	0	3.58
0.71577	190.00	0	3.58
0.72030	184.00	0	3.58
0.72584	181.00	0	3.58
0.73034	180.00	0	3.58
0.73589	178.00	0	3.58
0.74037	177.00	0	3.58
0.74588	175.00	0	3.58
0.75037	175.00	0	3.58
0.75590	177.00	0	3.58
0.76038	182.00	0	3.58
0.76589	189.00	0	3.58
0.77041	206.00	1	3.58
0.77593	237.00	0	3.58
0.78041	263.00	0	3.64
0.78592	289.00	0	3.64
0.79041	303.00	0	3.64
0.79593	315.00	0	3.64
0.80046	321.00	0	3.64
0.80602	330.00	0	3.64
0.81051	334.00	0	3.64
0.81604	336.00	0	3.64
0.82058	336.00	0	3.64
0.82503	333.00	0	3.64
0.83053	325.00	0	3.64
0.83502	310.00	0	3.64
0.84053	264.00	1	3.64
0.84501	225.00	0	3.58
0.85057	196.00	0	3.58
0.85506	184.00	0	3.58
0.86062	178.00	0	3.58
0.86510	177.00	0	3.58
0.87062	174.00	0	3.58
0.87510	171.00	0	3.58
0.88060	168.00	0	3.58
0.88505	166.00	0	3.58
0.89059	165.00	0	3.58
0.89505	164.00	0	3.58
0.90059	165.00	0	3.58
0.90509	171.00	0	3.58
0.91070	201.00	1	3.58
0.91514	237.00	0	3.58
0.92068	280.00	0	3.71
0.92513	303.00	0	3.71
0.93067	323.00	0	3.71
0.93513	336.00	0	3.71
0.94073	347.00	0	3.71
0.94517	355.00	0	3.71
0.95071	359.00	0	3.71
0.95521	362.00	0	3.71
0.96080	360.00	0	3.71
0.96530	356.00	0	3.71
0.97084	338.00	0	3.71
0.97529	291.00	1	3.71
0.98083	232.00	0	3.64
0.98533	205.00	0	3.64
0.99094	192.00	0	3.64
0.99538	188.00	0	3.64
1.00056	186.00	0	3.64
1.00563	186.00	0	3.64
1.01068	183.00	0	3.64
1.01575	182.00	0	3.64
1.02074	181.00	0	3.64
1.02583	181.00	0	3.64
1.03084	183.00	0	3.64
1.03589	189.00	0	3.64
1.04090	201.00	0	3.64
1.04598	223.00	1	3.64
1.05099	253.00	0	3.64
1.05516	276.00	0	3.63
1.06021	298.00	0	3.63
1.06534	312.00	0	3.63
1.07035	322.00	0	3.63
1.07556	330.00	0	3.63
1.08053	336.00	0	3.63
1.08562	342.00	0	3.63
1.09063	343.00	0	3.63
1.09580	345.00	0	3.63
1.10097	339.00	0	3.63
1.10542	330.00	0	3.63
1.11102	293.00	1	3.63
1.11546	251.00	0	3.63
1.12100	212.00	0	3.70
1.12552	196.00	0	3.70
1.13006	187.00	0	3.70
1.13586	183.00	0	3.70
1.14039	181.00	0	3.70
1.14590	178.00	0	3.70
1.15043	176.00	0	3.70
1.15505	173.00	0	3.70
1.16081	172.00	0	3.70
1.16535	171.00	0	3.70
1.17097	171.00	0	3.70
1.17542	174.00	0	3.70
1.18096	198.00	1	3.70
1.18541	234.00	0	3.70
1.19100	278.00	0	3.70
1.19545	303.00	0	3.70
1.20007	321.00	0	3.70
1.20558	334.00	0	3.70
1.21013	345.00	0	3.70
1.21568	352.00	0	3.70
1.22016	356.00	0	3.70
1.22567	360.00	0	3.70
1.23012	359.00	0	3.70
1.23567	351.00	0	3.70
1.24012	339.00	0	3.70
1.24566	286.00	1	3.70
1.25012	235.00	0	3.70
1.25568	200.00	0	3.70
1.26013	189.00	0	3.70
1.26566	185.00	0	3.70
1.27016	182.00	0	3.70
1.27571	182.00	0	3.70
1.28015	180.00	0	3.70
1.28575	179.00	0	3.70
1.29025	179.00	0	3.70
1.29604	178.00	0	3.70
1.30084	181.00	0	3.70
1.30555	187.00	0	3.70
1.31023	197.00	0	3.70
1.31587	219.00	1	3.70
1.32033	247.00	0	3.70
1.32596	279.00	0	3.71
1.33048	296.00	0	3.71
1.33604	310.00	0	3.71
1.34049	318.00	0	3.71
1.34608	328.00	0	3.71
1.35053	333.00	0	3.71
1.35609	338.00	0	3.71
1.36059	339.00	0	3.71
1.36505	340.00	0	3.71
1.37060	334.00	0	3.71
1.37506	326.00	0	3.71
1.38060	290.00	1	3.71
1.38510	249.00	0	3.71
1.39064	210.00	0	3.71
1.39509	193.00	0	3.71
1.40062	183.00	0	3.71
1.40543	180.00	0	3.71
1.41004	179.00	0	3.71
1.41557	177.00	0	3.71
1.42005	174.00	0	3.71
1.42556	171.00	0	3.71
1.43005	169.00	0	3.71
1.43557	168.00	0	3.71
1.44002	168.00	0	3.71
1.44556	170.00	0	3.71
1.45002	182.00	0	3.71
1.45558	220.00	1	3.71
1.46003	257.00	0	3.71
1.46557	295.00	0	3.64
1.47002	314.00	0	3.64
1.47563	330.00	0	3.64
1.48013	341.00	0	3.64
1.48566	347.00	0	3.64
1.49012	352.00	0	3.64
1.49568	357.00	0	3.64
1.50018	356.00	0	3.64
1.50571	350.00	0	3.64
1.51017	340.00	0	3.64
1.51578	295.00	1	3.64
1.52021	241.00	0	3.64
1.52578	202.00	0	3.70
1.53029	190.00	0	3.70
1.53589	183.00	0	3.70
1.54034	182.00	0	3.70
1.54589	181.00	0	3.70
1.55035	179.00	0	3.70
1.55590	178.00	0	3.70
1.56034	177.00	0	3.70
1.56593	177.00	0	3.70
1.57039	178.00	0	3.70
1.57595	183.00	0	3.70
1.58038	191.00	0	3.70
1.58589	209.00	1	3.70
1.59042	233.00	0	3.70
1.59594	267.00	0	3.70
1.60041	288.00	0	3.70
1.60592	304.00	0	3.70
1.61047	314.00	0	3.70
1.61605	324.00	0	3.70
1.62053	329.00	0	3.70
1.62510	336.00	0	3.70
1.63070	339.00	0	3.70
1.63516	340.00	0	3.70
1.64078	337.00	0	3.70
1.64528	328.00	0	3.70
1.65091	297.00	1	3.70
1.65545	254.00	0	3.70
1.66000	218.00	0	3.70
1.66555	195.00	0	3.70
1.67007	186.00	0	3.70
1.67562	182.00	0	3.70
1.68014	180.00	0	3.70
1.68569	178.00	0	3.70
1.69021	176.00	0	3.70
1.69577	173.00	0	3.70
1.70028	172.00	0	3.70
1.70584	171.00	0	3.70
1.71037	170.00	0	3.70
1.71592	174.00	0	3.70
1.72047	191.00	0	3.70
1.72603	234.00	1	3.70
1.73055	273.00	0	3.70
1.73505	301.00	0	3.70
1.74063	323.00	0	3.70
1.74510	336.00	0	3.70
1.75070	346.00	0	3.70
1.75518	353.00	0	3.70
1.76077	356.00	0	3.70
1.76525	361.00	0	3.70
1.77082	358.00	0	3.70
1.77530	352.00	0	3.70
1.78087	330.00	1	3.70
1.78535	275.00	0	3.70
1.79093	220.00	0	3.77
1.79541	198.00	0	3.77
1.80101	188.00	0	3.77
1.80551	186.00	0	3.77
1.81003	185.00	0	3.77
1.81562	184.00	0	3.77
1.82011	183.00	0	3.77
1.82569	182.00	0	3.77
1.83023	182.00	0	3.77
1.83581	183.00	0	3.77
1.84029	187.00	0	3.77
1.84587	193.00	0	3.77
1.85036	204.00	0	3.77
1.85596	232.00	1	3.77
1.86043	259.00	0	3.77
1.86601	293.00	0	3.70
1.87050	311.00	0	3.70
1.87505	324.00	0	3.70
1.88057	335.00	0	3.70
1.88504	342.00	0	3.70
1.89061	350.00	0	3.70
1.89509	351.00	0	3.70
1.90060	351.00	0	3.70
1.90507	348.00	0	3.70
1.91071	341.00	0	3.70
1.91519	325.00	0	3.70
1.92069	278.00	1	3.70
1.92524	237.00	0	3.71
1.93075	205.00	0	3.71
1.93528	193.00	0	3.71
1.94084	185.00	0	3.71
1.94536	182.00	0	3.71
1.95090	181.00	0	3.71
1.95538	179.00	0	3.71
1.96088	176.00	0	3.71
1.96536	174.00	0	3.71
1.97093	176.00	0	3.71
1.97546	173.00	0	3.71
1.98101	173.00	0	3.71
1.98549	177.00	0	3.71
1.99101	202.00	1	3.71
1.99545	239.00	0	3.71
2.00100	284.00	0	3.77
2.00551	308.00	0	3.77
2.01004	326.00	0	3.77
2.01556	339.00	0	3.77
2.02003	348.00	0	3.77
2.02554	355.00	0	3.77
2.03002	357.00	0	3.77
2.03554	356.00	0	3.77
2.04001	354.00	0	3.77
2.04551	344.00	0	3.77
2.05106	318.00	1	3.77
2.05555	263.00	0	3.77
2.06007	220.00	0	3.77
2.06567	193.00	0	3.70
2.07013	183.00	0	3.70
2.07569	178.00	0	3.70
2.08018	176.00	0	3.70
2.08573	176.00	0	3.70
2.09018	173.00	0	3.70
2.09574	172.00	0	3.70
2.10018	171.00	0	3.70
2.10572	172.00	0	3.70
2.11023	174.00	0	3.70
2.11579	179.00	0	3.70
2.12026	187.00	0	3.70
2.12589	210.00	1	3.70
2.13084	239.00	0	3.70
2.13546	265.00	0	3.70
2.14067	288.00	0	3.70
2.14524	301.00	0	3.70
2.15090	312.00	0	3.70
2.15538	322.00	0	3.70
2.16094	331.00	0	3.70
2.16542	332.00	0	3.70
2.17098	334.00	0	3.70
2.17546	332.00	0	3.70
2.18106	325.00	0	3.70
2.18554	315.00	0	3.70
2.19007	285.00	1	3.70
2.19565	234.00	0	3.70
2.20016	205.00	0	3.71
2.20579	187.00	0	3.71
2.21031	180.00	0	3.71
2.21586	176.00	0	3.71
2.22037	173.00	0	3.71
2.22593	172.00	0	3.71
2.23044	170.00	0	3.71
2.23604	168.00	0	3.71
2.24055	166.00	0	3.71
2.24503	166.00	0	3.71
2.25066	166.00	0	3.71
2.25514	169.00	0	3.71
2.26072	181.00	0	3.71
2.26520	213.00	1	3.71
2.27077	261.00	0	3.65
2.27526	291.00	0	3.65
2.28083	315.00	0	3.65
2.28532	328.00	0	3.65
2.29089	338.00	0	3.65
2.29537	344.00	0	3.65
2.30095	350.00	0	3.65
2.30542	350.00	0	3.65
2.31102	347.00	0	3.65
2.31550	345.00	0	3.65
2.32030	333.00	0	3.65
2.32585	293.00	1	3.65
2.33042	240.00	0	3.64
2.33599	201.00	0	3.64
2.34050	187.00	0	3.64
2.34502	181.00	0	3.64
2.35062	178.00	0	3.64
2.35509	177.00	0	3.64
2.36068	176.00	0	3.64
2.36516	175.00	0	3.64
2.37075	174.00	0	3.64
2.37527	174.00	0	3.64
2.38086	177.00	0	3.64
2.38534	179.00	0	3.64
2.39067	186.00	0	3.64
2.39523	200.00	0	3.64
2.40081	230.00	1	3.64
2.40534	259.00	0	3.64
2.41097	288.00	0	3.64
2.41546	303.00	0	3.64
2.42107	316.00	0	3.64
2.42555	324.00	0	3.64
2.43004	333.00	0	3.64
2.43562	339.00	0	3.64
2.44013	340.00	0	3.64
2.44570	340.00	0	3.64
2.45019	337.00	0	3.64
2.45578	327.00	0	3.64
2.46025	309.00	1	3.64
2.46583	257.00	0	3.70
2.47031	221.00	0	3.70
2.47589	197.00	0	3.70
2.48037	186.00	0	3.70
2.48595	182.00	0	3.70
2.49044	177.00	0	3.70
2.49602	178.00	0	3.70
2.50052	175.00	0	3.70
2.50502	174.00	0	3.70
2.51054	173.00	0	3.70
2.51506	171.00	0	3.70
2.52080	172.00	0	3.70
2.52546	173.00	0	3.70
2.53102	184.00	0	3.70
2.53554	214.00	1	3.70
2.54002	256.00	0	3.70
2.54559	297.00	0	3.70
2.55008	318.00	0	3.70
2.55565	338.00	0	3.70
2.56013	348.00	0	3.70
2.56574	355.00	0	3.70
2.57023	361.00	0	3.70
2.57581	365.00	0	3.70
2.58028	364.00	0	3.70
2.58585	359.00	0	3.70
2.59037	352.00	0	3.70
2.59595	328.00	1	3.70
2.60046	269.00	0	3.70
2.60603	218.00	0	3.70
2.61051	200.00	0	3.70
2.61507	192.00	0	3.70
2.62065	187.00	0	3.70
2.62516	187.00	0	3.70
2.63067	186.00	0	3.70
2.63515	184.00	0	3.70
2.64071	183.00	0	3.70
2.64519	182.00	0	3.70
2.65075	184.00	0	3.70
2.65522	186.00	0	3.70
2.66078	193.00	0	3.70
2.66527	207.00	0	3.70
2.67083	237.00	1	3.70
2.67531	265.00	0	3.70
2.68082	294.00	0	3.70
2.68534	311.00	0	3.70
2.69090	324.00	0	3.70
2.69538	332.00	0	3.70
2.70094	341.00	0	3.70
2.70542	349.00	0	3.70
2.71097	352.00	0	3.70
2.71546	352.00	0	3.70
2.72102	350.00	0	3.70
2.72564	342.00	0	3.70
2.73015	334.00	0	3.70
2.73576	293.00	1	3.70
2.74023	250.00	0	3.70
2.74580	214.00	0	3.63
2.75031	199.00	0	3.63
2.75589	191.00	0	3.63
2.76036	187.00	0	3.63
2.76593	185.00	0	3.63
2.77042	183.00	0	3.63
2.77601	181.00	0	3.63
2.78054	180.00	0	3.63
2.78506	179.00	0	3.63
2.79060	179.00	0	3.63
2.79514	180.00	0	3.63
2.80068	184.00	0	3.63
2.80519	199.00	0	3.63
2.81072	245.00	1	3.63
2.81523	284.00	0	3.63
2.82080	319.00	0	3.63
2.82531	338.00	0	3.63
2.83080	354.00	0	3.63
2.83528	363.00	0	3.63
2.84088	372.00	0	3.63
2.84532	378.00	0	3.63
2.85087	377.00	0	3.63
2.85535	376.00	0	3.63
2.86091	368.00	0	3.63
2.86539	360.00	0	3.63
2.87094	322.00	1	3.63
2.87542	265.00	0	3.63
2.88102	221.00	0	3.64
2.88546	204.00	0	3.64
2.89106	197.00	0	3.64
2.89554	194.00	0	3.64
2.90002	193.00	0	3.64
2.90558	191.00	0	3.64
2.91006	190.00	0	3.64
2.91561	188.00	0	3.64
2.92011	189.00	0	3.64
2.92567	190.00	0	3.64
2.93020	194.00	0	3.64
2.93575	202.00	0	3.64
2.94023	217.00	1	3.64
2.94579	249.00	0	3.64
2.95034	277.00	0	3.71
2.95596	305.00	0	3.71
2.96047	322.00	0	3.71
2.96603	335.00	0	3.71
2.97057	343.00	0	3.71
2.97507	351.00	0	3.71
2.98064	359.00	0	3.71
2.98511	361.00	0	3.71
2.99071	363.00	0	3.71
2.99522	360.00	0	3.71
3.00080	352.00	0	3.71
3.00528	340.00	0	3.71
3.01086	293.00	1	3.71
3.01533	250.00	0	3.71
3.02090	218.00	0	3.64
3.02538	205.00	0	3.64
3.03093	197.00	0	3.64
3.03541	194.00	0	3.64
3.04097	192.00	0	3.64
3.04553	190.00	0	3.64
3.05018	187.00	0	3.64
3.05580	186.00	0	3.64
3.06040	185.00	0	3.64
3.06594	186.00	0	3.64
3.07047	187.00	0	3.64
3.07604	193.00	0	3.64
3.08055	216.00	1	3.64
3.08503	255.00	0	3.64
3.09062	303.00	0	3.71
3.09510	330.00	0	3.71
3.10068	350.00	0	3.71
3.10515	363.00	0	3.71
3.11072	375.00	0	3.71
3.11520	379.00	0	3.71
3.12078	384.00	0	3.71
3.12529	386.00	0	3.71
3.13096	384.00	0	3.71
3.13553	376.00	0	3.71
3.14008	365.00	0	3.71
3.14563	317.00	1	3.71
3.15014	259.00	0	3.64
3.15569	220.00	0	3.64
3.16020	209.00	0	3.64
3.16574	202.00	0	3.64
3.17027	200.00	0	3.64
3.17582	199.00	0	3.64
3.18035	196.00	0	3.64
3.18589	196.00	0	3.64
3.19041	194.00	0	3.64
3.19596	195.00	0	3.64
3.20047	197.00	0	3.64
3.20605	203.00	0	3.64
3.21059	211.00	0	3.64
3.21508	229.00	1	3.64
3.22065	263.00	0	3.64
3.22513	291.00	0	3.64
3.23070	317.00	0	3.64
3.23517	333.00	0	3.64
3.24074	343.00	0	3.64
3.24529	353.00	0	3.64
3.25102	363.00	0	3.64
3.25548	366.00	0	3.64
3.26098	369.00	0	3.64
3.26550	370.00	0	3.64
3.27103	362.00	0	3.64
3.27556	353.00	0	3.64
3.28106	325.00	1	3.64
3.28557	280.00	0	3.70
3.29002	241.00	0	3.70
3.29557	216.00	0	3.70
3.30006	206.00	0	3.70
3.30565	200.00	0	3.70
3.31010	197.00	0	3.70
3.31565	195.00	0	3.70
3.32016	193.00	0	3.70
3.32573	190.00	0	3.70
3.33026	189.00	0	3.70
3.33583	189.00	0	3.70
3.34026	189.00	0	3.70
3.34580	193.00	0	3.70
3.35028	200.00	0	3.70
3.35583	247.00	1	3.70
3.36027	281.00	0	3.70
3.36585	322.00	0	3.63
3.37030	343.00	0	3.63
3.37586	363.00	0	3.63
3.38031	374.00	0	3.63
3.38590	384.00	0	3.63
3.39040	388.00	0	3.63
3.39594	392.00	0	3.63
3.40038	391.00	0	3.63
3.40591	387.00	0	3.63
3.41036	378.00	0	3.63
3.41591	350.00	1	3.63
3.42040	290.00	0	3.63
3.42599	236.00	0	3.70
3.43043	217.00	0	3.70
3.43594	206.00	0	3.70
3.44041	203.00	0	3.70
3.44591	202.00	0	3.70
3.45039	201.00	0	3.70
3.45590	199.00	0	3.70
3.46036	198.00	0	3.70
3.46592	198.00	0	3.70
3.47042	198.00	0	3.70
3.47599	203.00	0	3.70
3.48051	206.00	0	3.70
3.48601	222.00	0	3.70
3.49045	243.00	1	3.70
3.49537	276.00	0	3.63
3.50102	309.00	0	3.63
3.50558	330.00	0	3.63
3.51008	341.00	0	3.63
3.51568	354.00	0	3.63
3.52020	362.00	0	3.63
3.52587	369.00	0	3.63
3.53040	373.00	0	3.63
3.53600	374.00	0	3.63
3.54048	373.00	0	3.63
3.54606	365.00	0	3.63
3.55056	354.00	0	3.63
3.55508	320.00	1	3.63
3.56062	266.00	0	3.63
3.56518	233.00	0	3.65
3.57074	213.00	0	3.65
3.57524	205.00	0	3.65
3.58078	201.00	0	3.65
3.58529	199.00	0	3.65
3.59083	197.00	0	3.65
3.59533	195.00	0	3.65
3.60087	193.00	0	3.65
3.60540	191.00	0	3.65
3.61097	191.00	0	3.65
3.61553	192.00	0	3.65
3.62003	194.00	0	3.65
3.62566	211.00	0	3.65
3.63016	248.00	1	3.65
3.63574	299.00	0	3.65
3.64022	331.00	0	3.65
3.64584	356.00	0	3.65
3.65032	370.00	0	3.65
3.65591	381.00	0	3.65
3.66038	387.00	0	3.65
3.66594	394.00	0	3.65
3.67042	396.00	0	3.65
3.67605	393.00	0	3.65
3.68053	383.00	0	3.65
3.68504	377.00	0	3.65
3.69057	334.00	1	3.65
3.69509	273.00	0	3.64
3.70066	230.00	0	3.64
3.70519	215.00	0	3.64
3.71072	208.00	0	3.64
3.71522	205.00	0	3.64
3.72075	204.00	0	3.64
3.72527	203.00	0	3.64
3.73081	202.00	0	3.64
3.73531	201.00	0	3.64
3.74084	201.00	0	3.64
3.74536	202.00	0	3.64
3.75091	207.00	0	3.64
3.75544	213.00	0	3.64
3.76097	233.00	1	3.64
3.76547	259.00	0	3.70
3.77101	297.00	0	3.70
3.77555	322.00	0	3.70
3.78006	337.00	0	3.70
3.78562	353.00	0	3.70
3.79015	361.00	0	3.70
3.79572	370.00	0	3.70
3.80019	377.00	0	3.70
3.80575	380.00	0	3.70
3.81023	380.00	0	3.70
3.81583	374.00	0	3.70
3.82029	367.00	0	3.70
3.82589	341.00	1	3.70
3.83036	297.00	0	3.70
3.83591	248.00	0	3.69
3.84039	225.00	0	3.69
3.84590	211.00	0	3.69
3.85038	206.00	0	3.69
3.85593	204.00	0	3.69
3.86041	201.00	0	3.69
3.86592	199.00	0	3.69
3.87040	197.00	0	3.69
3.87595	195.00	0	3.69
3.88050	196.00	0	3.69
3.88603	194.00	0	3.69
3.89051	195.00	0	3.69
3.89607	200.00	0	3.69
3.90055	217.00	0	3.69
3.90503	252.00	1	3.69
3.91057	303.00	0	3.64
3.91511	334.00	0	3.64
3.92066	359.00	0	3.64
3.92514	373.00	0	3.64
3.93072	385.00	0	3.64
3.93516	391.00	0	3.64
3.94066	398.00	0	3.64
3.94514	399.00	0	3.64
3.95070	397.00	0	3.64
3.95518	393.00	0	3.64
3.96069	381.00	0	3.64
3.96517	357.00	1	3.64
3.97072	286.00	0	3.64
3.97520	245.00	0	3.64
3.98075	221.00	0	3.64
3.98524	213.00	0	3.64
3.99079	209.00	0	3.64
3.99527	208.00	0	3.64
4.00083	206.00	0	3.64
4.00531	205.00	0	3.64
4.01081	204.00	0	3.64
4.01535	202.00	0	3.64
4.02085	203.00	0	3.64
4.02533	205.00	0	3.64
4.03088	211.00	0	3.64
4.03541	218.00	0	3.64
4.04097	241.00	1	3.64
4.04545	271.00	0	3.57
4.05100	307.00	0	3.57
4.05549	330.00	0	3.57
4.06005	346.00	0	3.57
4.06562	359.00	0	3.57
4.07016	366.00	0	3.57
4.07576	376.00	0	3.57
4.08022	383.00	0	3.57
4.08581	384.00	0	3.57
4.09029	385.00	0	3.57
4.09587	377.00	0	3.57
4.10036	370.00	0	3.57
4.10589	346.00	1	3.57
4.11037	302.00	0	3.57
4.11592	255.00	0	3.57
4.12038	232.00	0	3.57
4.12593	216.00	0	3.57
4.13046	211.00	0	3.57
4.13509	209.00	0	3.57
4.14070	206.00	0	3.57
4.14520	204.00	0	3.57
4.15075	202.00	0	3.57
4.15525	200.00	0	3.57
4.16082	198.00	0	3.57
4.16533	198.00	0	3.57
4.17091	200.00	0	3.57
4.17541	203.00	0	3.57
4.18100	227.00	1	3.57
4.18579	270.00	0	3.62
4.19062	314.00	0	3.62
4.19509	342.00	0	3.62
4.20073	368.00	0	3.62
4.20521	380.00	0	3.62
4.21082	394.00	0	3.62
4.21525	401.00	0	3.62
4.22081	405.00	0	3.62
4.22529	406.00	0	3.62
4.23084	403.00	0	3.62
4.23533	397.00	0	3.62
4.24089	385.00	0	3.62
4.24532	351.00	1	3.62
4.25088	282.00	0	3.57
4.25531	244.00	0	3.57
4.26086	224.00	0	3.57
4.26530	217.00	0	3.57
4.27084	212.00	0	3.57
4.27532	210.00	0	3.57
4.28086	208.00	0	3.57
4.28529	208.00	0	3.57
4.29084	207.00	0	3.57
4.29528	206.00	0	3.57
4.30088	207.00	0	3.57
4.30531	210.00	0	3.57
4.31086	216.00	0	3.57
4.31529	229.00	0	3.57
4.32080	260.00	1	3.57
4.32533	291.00	0	3.57
4.33088	324.00	0	3.57
4.33536	340.00	0	3.57
4.34087	355.00	0	3.57
4.34535	363.00	0	3.57
4.35090	373.00	0	3.57
4.35538	373.00	0	3.57
4.36094	382.00	0	3.57
4.36542	382.00	0	3.57
4.37097	377.00	0	3.57
4.37546	372.00	0	3.57
4.38097	357.00	0	3.57
4.38571	320.00	1	3.57
4.39026	276.00	0	3.57
4.39581	237.00	0	3.57
4.40024	220.00	0	3.57
4.40578	209.00	0	3.57
4.41027	206.00	0	3.57
4.41585	202.00	0	3.57
4.42028	201.00	0	3.57
4.42579	198.00	0	3.57
4.43032	197.00	0	3.57
4.43589	195.00	0	3.57
4.44047	195.00	0	3.57
4.44598	196.00	0	3.57
4.45046	200.00	0	3.57
4.45601	215.00	0	3.57
4.46049	252.00	1	3.57
4.46604	304.00	0	3.57
4.47059	335.00	0	3.58
4.47507	357.00	0	3.58
4.48060	377.00	0	3.58
4.48504	387.00	0	3.58
4.49057	395.00	0	3.58
4.49506	401.00	0	3.58
4.50066	402.00	0	3.58
4.50509	401.00	0	3.58
4.51063	397.00	0	3.58
4.51512	388.00	0	3.58
4.52066	359.00	1	3.58
4.52515	302.00	0	3.58
4.53073	246.00	0	3.63
4.53522	225.00	0	3.63
4.54080	214.00	0	3.63
4.54530	210.00	0	3.63
4.55089	208.00	0	3.63
4.55537	207.00	0	3.63
4.56091	206.00	0	3.63
4.56539	204.00	0	3.63
4.57098	203.00	0	3.63
4.57541	203.00	0	3.63
4.58100	207.00	0	3.63
4.58544	213.00	0	3.63
4.59103	228.00	0	3.63
4.59546	253.00	1	3.63
4.60096	289.00	0	3.63
4.60544	316.00	0	3.64
4.61099	339.00	0	3.64
4.61553	351.00	0	3.64
4.62001	360.00	0	3.64
4.62556	371.00	0	3.64
4.63004	378.00	0	3.64
4.63559	382.00	0	3.64
4.64002	383.00	0	3.64
4.64556	383.00	0	3.64
4.65107	375.00	0	3.64
4.65555	365.00	0	3.64
4.66105	333.00	1	3.64
4.66552	285.00	0	3.63
4.67106	242.00	0	3.63
4.67552	223.00	0	3.63
4.68103	212.00	0	3.63
4.68551	209.00	0	3.63
4.69106	205.00	0	3.63
4.69549	204.00	0	3.63
4.70104	200.00	0	3.63
4.70548	199.00	0	3.63
4.71103	196.00	0	3.63
4.71546	197.00	0	3.63
4.72100	197.00	0	3.63
4.72548	200.00	0	3.63
4.73104	214.00	0	3.63
4.73552	248.00	1	3.63
4.74105	298.00	0	3.64
4.74549	333.00	0	3.64
4.75099	358.00	0	3.64
4.75547	374.00	0	3.64
4.76103	386.00	0	3.64
4.76551	395.00	0	3.64
4.77101	401.00	0	3.64
4.77549	403.00	0	3.64
4.78100	403.00	0	3.64
4.78547	399.00	0	3.64
4.79101	391.00	0	3.64
4.79548	375.00	1	3.64
4.80108	310.00	0	3.64
4.80556	259.00	0	3.64
4.81004	233.00	0	3.64
4.81562	218.00	0	3.64
4.82010	213.00	0	3.64
4.82564	211.00	0	3.64
4.83020	211.00	0	3.64
4.83586	208.00	0	3.64
4.84033	206.00	0	3.64
4.84586	206.00	0	3.64
4.85030	206.00	0	3.64
4.85589	209.00	0	3.64
4.86037	213.00	0	3.64
4.86526	222.00	0	3.64
4.87092	248.00	1	3.64
4.87539	277.00	0	3.64
4.88096	314.00	0	3.63
4.88543	335.00	0	3.63
4.89100	352.00	0	3.63
4.89547	360.00	0	3.63
4.90103	372.00	0	3.63
4.90549	379.00	0	3.63
4.91001	385.00	0	3.63
4.91558	389.00	0	3.63
4.92008	386.00	0	3.63
4.92564	383.00	0	3.63
4.93020	377.00	0	3.63
4.93575	359.00	0	3.63
4.94029	317.00	1	3.63
4.94582	264.00	0	3.63
4.95035	235.00	0	3.58
4.95589	218.00	0	3.58
4.96042	213.00	0	3.58
4.96591	209.00	0	3.58
4.97040	206.00	0	3.58
4.97595	204.00	0	3.58
4.98043	202.00	0	3.58
4.98594	200.00	0	3.58
4.99040	199.00	0	3.58
4.99595	199.00	0	3.58
5.00043	200.00	0	3.58
5.00594	206.00	0	3.58
5.01040	226.00	0	3.58
5.01595	273.00	1	3.58
5.02038	311.00	0	3.58
5.02594	347.00	0	3.57
5.03040	366.00	0	3.57
5.03595	382.00	0	3.57
5.04039	392.00	0	3.57
5.04594	399.00	0	3.57
5.05040	404.00	0	3.57
5.05599	404.00	0	3.57
5.06062	404.00	0	3.57
5.06513	400.00	0	3.57
5.07068	387.00	0	3.57
5.07518	361.00	1	3.57
5.08071	286.00	0	3.57
5.08520	246.00	0	3.58
5.09071	223.00	0	3.58
5.09524	216.00	0	3.58
5.10079	212.00	0	3.58
5.10528	211.00	0	3.58
5.11078	209.00	0	3.58
5.11525	208.00	0	3.58
5.12079	206.00	0	3.58
5.12535	206.00	0	3.58
5.13040	207.00	0	3.58
5.13609	212.00	0	3.58
5.14061	218.00	0	3.58
5.14505	231.00	0	3.58
5.15058	263.00	1	3.58
5.15507	290.00	0	3.58
5.16060	323.00	0	3.58
5.16503	341.00	0	3.58
5.17058	355.00	0	3.58
5.17507	364.00	0	3.58
5.18065	374.00	0	3.58
5.18508	380.00	0	3.58
5.19066	387.00	0	3.58
5.19509	386.00	0	3.58
5.20061	384.00	0	3.58
5.20504	378.00	0	3.58
5.21057	366.00	0	3.58
5.21501	337.00	1	3.58
5.22051	281.00	0	3.58
5.22603	240.00	0	3.64
5.23021	223.00	0	3.64
5.23602	213.00	0	3.64
5.24051	210.00	0	3.64
5.24501	208.00	0	3.64
5.25054	205.00	0	3.64
5.25505	203.00	0	3.64
5.26058	201.00	0	3.64
5.26508	199.00	0	3.64
5.27061	198.00	0	3.64
5.27516	198.00	0	3.64
5.28069	203.00	0	3.64
5.28519	214.00	0	3.64
5.29071	256.00	1	3.64
5.29519	297.00	0	3.64
5.30069	338.00	0	3.64
5.30516	358.00	0	3.64
5.31066	378.00	0	3.64
5.31510	389.00	0	3.64
5.32065	399.00	0	3.64
5.32514	403.00	0	3.64
5.33074	407.00	0	3.64
5.33522	405.00	0	3.64
5.34077	399.00	0	3.64
5.34521	390.00	0	3.64
5.35076	360.00	1	3.64
5.35519	300.00	0	3.64
5.36073	247.00	0	3.63
5.36517	227.00	0	3.63
5.37071	216.00	0	3.63
5.37514	213.00	0	3.63
5.38065	211.00	0	3.63
5.38513	210.00	0	3.63
5.39064	208.00	0	3.63
5.39512	206.00	0	3.63
5.40067	206.00	0	3.63
5.40524	208.00	0	3.63
5.41080	211.00	0	3.63
5.41528	216.00	0	3.63
5.42079	231.00	0	3.63
5.42527	255.00	1	3.63
5.43078	292.00	0	3.63
5.43531	318.00	0	3.64
5.44086	343.00	0	3.64
5.44534	355.00	0	3.64
5.45090	366.00	0	3.64
5.45538	375.00	0	3.64
5.46088	383.00	0	3.64
5.46538	386.00	0	3.64
5.47094	385.00	0	3.64
5.47541	383.00	0	3.64
5.48094	376.00	0	3.64
5.48552	364.00	0	3.64
5.49005	330.00	1	3.64
5.49562	272.00	0	3.64
5.50009	240.00	0	3.64
5.50564	220.00	0	3.64
5.51008	213.00	0	3.64
5.51566	208.00	0	3.64
5.52014	206.00	0	3.64
5.52573	204.00	0	3.64
5.53022	202.00	0	3.64
5.53581	198.00	0	3.64
5.54024	197.00	0	3.64
5.54575	197.00	0	3.64
5.55023	199.00	0	3.64
5.55577	203.00	0	3.64
5.56025	218.00	0	3.64
5.56576	263.00	1	3.64
5.57024	306.00	0	3.64
5.57577	344.00	0	3.64
5.58026	364.00	0	3.64
5.58576	380.00	0	3.64
5.59025	390.00	0	3.64
5.59577	400.00	0	3.64
5.60021	404.00	0	3.64
5.60576	405.00	0	3.64
5.61024	403.00	0	3.64
5.61577	397.00	0	3.64
5.62021	385.00	0	3.64
5.62576	339.00	1	3.64
5.63024	278.00	0	3.64
5.63577	236.00	0	3.64
5.64021	222.00	0	3.64
5.64574	214.00	0	3.64
5.65023	213.00	0	3.64
5.65577	211.00	0	3.64
5.66025	209.00	0	3.64
5.66579	207.00	0	3.64
5.67027	206.00	0	3.64
5.67586	207.00	0	3.64
5.68030	208.00	0	3.64
5.68580	212.00	0	3.64
5.69028	217.00	0	3.64
5.69584	238.00	1	3.64
5.70032	266.00	0	3.70
5.70587	301.00	0	3.70
5.71035	328.00	0	3.70
5.71586	347.00	0	3.70
5.72034	358.00	0	3.70
5.72594	370.00	0	3.70
5.73048	378.00	0	3.70
5.73602	383.00	0	3.70
5.74051	386.00	0	3.70
5.74601	386.00	0	3.70
5.75049	383.00	0	3.70
5.75600	371.00	0	3.70
5.76043	353.00	1	3.70
5.76599	297.00	0	3.70
5.77047	257.00	0	3.70
5.77602	229.00	0	3.70
5.78050	217.00	0	3.70
5.78606	211.00	0	3.70
5.79054	208.00	0	3.70
5.79502	207.00	0	3.70
5.80052	204.00	0	3.70
5.80501	202.00	0	3.70
5.81056	201.00	0	3.70
5.81509	199.00	0	3.70
5.82059	198.00	0	3.70
5.82508	199.00	0	3.70
5.83058	205.00	0	3.70
5.83506	227.00	1	3.70
5.84061	280.00	0	3.70
5.84508	318.00	0	3.71
5.85058	353.00	0	3.71
5.85507	370.00	0	3.71
5.86057	384.00	0	3.71
5.86501	392.00	0	3.71
5.87056	401.00	0	3.71
5.87504	404.00	0	3.71
5.88060	404.00	0	3.71
5.88503	400.00	0	3.71
5.89059	391.00	0	3.71
5.89507	372.00	1	3.71
5.90062	306.00	0	3.71
5.90506	258.00	0	3.71
5.91062	228.00	0	3.71
5.91510	217.00	0	3.71
5.92070	212.00	0	3.71
5.92514	211.00	0	3.71
5.93069	209.00	0	3.71
5.93513	207.00	0	3.71
5.94067	207.00	0	3.71
5.94515	206.00	0	3.71
5.95069	206.00	0	3.71
5.95513	209.00	0	3.71
5.96067	215.00	0	3.71
5.96510	224.00	0	3.71
5.97065	251.00	1	3.71
5.97515	281.00	0	3.64
5.98069	318.00	0	3.64
5.98517	337.00	0	3.64
5.99068	354.00	0	3.64
5.99517	365.00	0	3.64
6.00067	375.00	0	3.64
6.00526	382.00	0	3.64
6.01081	384.00	0	3.64
6.01529	386.00	0	3.64
6.02088	381.00	0	3.64
6.02536	374.00	0	3.64
6.03091	358.00	1	3.64
6.03539	322.00	0	3.70
6.04090	267.00	0	3.70
6.04537	238.00	0	3.70
6.05097	220.00	0	3.70
6.05547	212.00	0	3.70
6.06001	209.00	0	3.70
6.06555	206.00	0	3.70
6.07107	204.00	0	3.70
6.07550	201.00	0	3.70
6.08106	199.00	0	3.70
6.08549	198.00	0	3.70
6.09106	197.00	0	3.70
6.09560	198.00	0	3.70
6.10031	202.00	0	3.70
6.10546	218.00	0	3.70
6.11067	264.00	1	3.70
6.11584	311.00	0	3.70
6.12106	348.00	0	3.63
6.12514	365.00	0	3.63
6.13035	379.00	0	3.63
6.13603	394.00	0	3.63
6.14018	400.00	0	3.63
6.14545	404.00	0	3.63
6.15063	404.00	0	3.63
6.15584	401.00	0	3.63
6.16098	392.00	0	3.63
6.16537	382.00	0	3.63
6.17087	335.00	1	3.63
6.17590	273.00	0	3.63
6.18097	237.00	0	3.63
6.18593	220.00	0	3.63
6.19102	215.00	0	3.63
6.19604	212.00	0	3.63
6.20072	211.00	0	3.63
6.20514	209.00	0	3.63
6.21067	207.00	0	3.63
6.21510	206.00	0	3.63
6.22067	206.00	0	3.63
6.22510	208.00	0	3.63
6.23067	212.00	0	3.63
6.23514	218.00	0	3.63
6.24072	241.00	1	3.63
6.24514	268.00	0	3.63
6.25068	305.00	0	3.63
6.25513	330.00	0	3.70
6.26064	348.00	0	3.70
6.26509	360.00	0	3.70
6.27058	370.00	0	3.70
6.27504	376.00	0	3.70
6.28053	385.00	0	3.70
6.28604	387.00	0	3.70
6.29050	386.00	0	3.70
6.29599	379.00	0	3.70
6.30045	371.00	0	3.70
6.30600	347.00	1	3.70
6.31049	302.00	0	3.64
6.31598	254.00	0	3.64
6.32043	231.00	0	3.64
6.32592	216.00	0	3.64
6.33046	211.00	0	3.64
6.33596	207.00	0	3.64
6.34041	206.00	0	3.64
6.34590	204.00	0	3.64
6.35036	202.00	0	3.64
6.35589	199.00	0	3.64
6.36030	199.00	0	3.64
6.36583	199.00	0	3.64
6.37026	200.00	0	3.64
6.37579	207.00	0	3.64
6.38021	234.00	1	3.64
6.38572	288.00	0	3.71
6.39015	324.00	0	3.71
6.39564	361.00	0	3.71
6.40009	374.00	0	3.71
6.40557	389.00	0	3.71
6.41003	396.00	0	3.71
6.41555	403.00	0	3.71
6.42002	406.00	0	3.71
6.42559	408.00	0	3.71
6.43014	403.00	0	3.71
6.43564	395.00	0	3.71
6.44006	382.00	0	3.71
6.44558	326.00	1	3.71
6.45001	270.00	0	3.71
6.45554	235.00	0	3.64
6.46102	221.00	0	3.64
6.46556	216.00	0	3.64
6.47005	214.00	0	3.64
6.47559	213.00	0	3.64
6.48002	210.00	0	3.64
6.48560	209.00	0	3.64
6.49008	209.00	0	3.64
6.49562	209.00	0	3.64
6.50004	211.00	0	3.64
6.50559	216.00	0	3.64
6.51002	225.00	0	3.64
6.51555	251.00	1	3.64
6.52000	281.00	0	3.64
6.52550	316.00	0	3.64
6.53003	337.00	0	3.64
6.53554	356.00	0	3.64
6.54105	367.00	0	3.64
6.54548	376.00	0	3.64
6.55103	384.00	0	3.64
6.55552	387.00	0	3.64
6.56104	391.00	0	3.64
6.56553	388.00	0	3.64
6.57110	383.00	0	3.64
6.57551	373.00	0	3.64
6.58100	347.00	1	3.64
6.58545	302.00	0	3.64
6.59094	254.00	0	3.64
6.59539	231.00	0	3.64
6.60095	218.00	0	3.64
6.60557	212.00	0	3.64
6.61030	210.00	0	3.64
6.61590	207.00	0	3.64
6.62033	204.00	0	3.64
6.62587	203.00	0	3.64
6.63035	200.00	0	3.64
6.63593	199.00	0	3.64
6.64035	200.00	0	3.64
6.64585	201.00	0	3.64
6.65032	209.00	0	3.64
6.65587	247.00	1	3.64
6.66032	290.00	0	3.63
6.66581	334.00	0	3.63
6.67027	357.00	0	3.63
6.67577	376.00	0	3.63
6.68022	388.00	0	3.63
6.68570	397.00	0	3.63
6.69013	402.00	0	3.63
6.69565	406.00	0	3.63
6.70006	408.00	0	3.63
6.70561	404.00	0	3.63
6.71009	395.00	0	3.63
6.71562	379.00	1	3.63
6.72009	328.00	0	3.63
6.72561	263.00	0	3.70
6.73010	235.00	0	3.70
6.73564	220.00	0	3.70
6.74006	215.00	0	3.70
6.74558	212.00	0	3.70
6.75006	212.00	0	3.70
6.75559	209.00	0	3.70
6.76001	209.00	0	3.70
6.76549	207.00	0	3.70
6.77102	207.00	0	3.70
6.77544	210.00	0	3.70
6.78096	216.00	0	3.70
6.78543	225.00	0	3.70
6.79101	252.00	1	3.70
6.79549	283.00	0	3.70
6.80101	317.00	0	3.63
6.80543	338.00	0	3.63
6.81095	355.00	0	3.63
6.81537	364.00	0	3.63
6.82089	375.00	0	3.63
6.82530	380.00	0	3.63
6.83078	385.00	0	3.63
6.83523	388.00	0	3.63
6.84071	386.00	0	3.63
6.84516	383.00	0	3.63
6.85064	372.00	0	3.63
6.85509	353.00	1	3.63
6.86057	299.00	0	3.63
6.86608	251.00	0	3.65
6.87056	229.00	0	3.65
6.87609	215.00	0	3.65
6.88051	210.00	0	3.65
6.88599	208.00	0	3.65
6.89045	205.00	0	3.65
6.89597	202.00	0	3.65
6.90042	200.00	0	3.65
6.90591	199.00	0	3.65
6.91037	199.00	0	3.65
6.91593	198.00	0	3.65
6.92044	200.00	0	3.65
6.92592	212.00	0	3.65
6.93038	244.00	1	3.65
6.93591	294.00	0	3.64
6.94033	328.00	0	3.64
6.94584	357.00	0	3.64
6.95028	373.00	0	3.64
6.95581	387.00	0	3.64
6.96027	393.00	0	3.64
6.96579	400.00	0	3.64
6.97021	402.00	0	3.64
6.97570	403.00	0	3.64
6.98015	399.00	0	3.64
6.98563	389.00	0	3.64
6.99009	375.00	1	3.64
6.99558	311.00	0	3.64
7.00002	258.00	0	3.64
7.00555	227.00	0	3.64
7.01107	217.00	0	3.64
7.01549	211.00	0	3.64
7.02097	100.00	0	3.64
7.02543	208.00	0	3.64
7.03092	206.00	0	3.64
7.03536	205.00	0	3.64
7.04085	205.00	0	3.64
7.04536	205.00	0	3.64
7.05084	209.00	0	3.64
7.05530	215.00	0	3.64
7.06090	228.00	0	3.64
7.06538	251.00	1	3.64
7.07091	287.00	0	3.64
7.07534	314.00	0	3.64
7.08086	336.00	0	3.64
7.08533	352.00	0	3.64
7.09084	364.00	0	3.64
7.09525	371.00	0	3.64
7.10082	380.00	0	3.64
7.10530	383.00	0	3.64
7.11078	384.00	0	3.64
7.11523	385.00	0	3.64
7.12072	380.00	0	3.64
7.12531	369.00	0	3.64
7.13084	339.00	1	3.64
7.13539	291.00	0	3.63
7.14099	246.00	0	3.63
7.14545	226.00	0	3.63
7.15098	214.00	0	3.63
7.15543	210.00	0	3.63
7.16092	206.00	0	3.63
7.16533	205.00	0	3.63
7.17085	202.00	0	3.63
7.17532	200.00	0	3.63
7.18084	198.00	0	3.63
7.18525	198.00	0	3.63
7.19082	198.00	0	3.63
7.19524	199.00	0	3.63
7.20076	209.00	0	3.63
7.20533	239.00	1	3.63
7.21033	285.00	0	3.63
7.21515	323.00	0	3.64
7.22072	355.00	0	3.64
7.22524	371.00	0	3.64
7.23072	385.00	0	3.64
7.23518	394.00	0	3.64
7.24071	401.00	0	3.64
7.24516	404.00	0	3.64
7.25065	402.00	0	3.64
7.25510	399.00	0	3.64
7.26058	390.00	0	3.64
7.26501	376.00	0	3.64
7.27053	310.00	1	3.64
7.27603	251.00	0	3.64
7.28048	229.00	0	3.57
7.28596	216.00	0	3.57
7.29048	212.00	0	3.57
7.29604	210.00	0	3.57
7.30050	208.00	0	3.57
7.30598	207.00	0	3.57
7.31045	206.00	0	3.57
7.31594	206.00	0	3.57
7.32036	205.00	0	3.57
7.32588	208.00	0	3.57
7.33037	213.00	0	3.57
7.33591	225.00	0	3.57
7.34033	247.00	1	3.57
7.34584	282.00	0	3.64
7.35027	310.00	0	3.64
7.35580	337.00	0	3.64
7.36026	349.00	0	3.64
7.36584	362.00	0	3.64
7.37027	371.00	0	3.64
7.37580	378.00	0	3.64
7.38021	383.00	0	3.64
7.38569	385.00	0	3.64
7.39015	385.00	0	3.64
7.39564	377.00	0	3.64
7.40009	368.00	0	3.64
7.40557	335.00	1	3.64
7.41003	289.00	0	3.64
7.41552	244.00	0	3.64
7.42103	222.00	0	3.64
7.42544	212.00	0	3.64
7.43094	208.00	0	3.64
7.43539	205.00	0	3.64
7.44087	203.00	0	3.64
7.44532	201.00	0	3.64
7.45080	200.00	0	3.64
7.45530	198.00	0	3.64
7.46078	196.00	0	3.64
7.46536	198.00	0	3.64
7.47095	200.00	0	3.64
7.47545	208.00	0	3.64
7.48093	246.00	1	3.64
7.48536	289.00	0	3.64
7.49089	331.00	0	3.63
7.49530	355.00	0	3.63
7.50083	375.00	0	3.63
7.50525	386.00	0	3.63
7.51078	396.00	0	3.63
7.51525	400.00	0	3.63
7.52078	399.00	0	3.63
7.52520	403.00	0	3.63
7.53070	397.00	0	3.63
7.53521	391.00	0	3.63
7.54070	366.00	1	3.63
7.54519	305.00	0	3.70
7.55068	248.00	0	3.70
7.55518	227.00	0	3.70
7.56066	215.00	0	3.70
7.56508	212.00	0	3.70
7.57059	210.00	0	3.70
7.57503	208.00	0	3.70
7.58054	207.00	0	3.70
7.58602	205.00	0	3.70
7.59048	204.00	0	3.70
7.59598	205.00	0	3.70
7.60043	209.00	0	3.70
7.60591	215.00	0	3.70
7.61034	224.00	0	3.70
7.61587	250.00	1	3.70
7.62029	279.00	0	3.70
7.62581	313.00	0	3.63
7.63027	335.00	0	3.63
7.63580	353.00	0	3.63
7.64022	363.00	0	3.63
7.64573	373.00	0	3.63
7.65019	379.00	0	3.63
7.65572	384.00	0	3.63
7.66013	387.00	0	3.63
7.66561	384.00	0	3.63
7.67007	377.00	0	3.63
7.67558	367.00	0	3.63
7.68008	337.00	1	3.63
7.68556	283.00	0	3.63
7.69004	248.00	0	3.64
7.69553	224.00	0	3.64
7.70105	213.00	0	3.64
7.70547	209.00	0	3.64
7.71096	207.00	0	3.64
7.71542	204.00	0	3.64
7.72095	201.00	0	3.64
7.72545	199.00	0	3.64
7.73100	199.00	0	3.64
7.73546	197.00	0	3.64
7.74094	197.00	0	3.64
7.74539	200.00	0	3.64
7.75089	208.00	0	3.64
7.75535	239.00	1	3.64
7.76086	291.00	0	3.64
7.76528	326.00	0	3.64
7.77079	357.00	0	3.64
7.77526	373.00	0	3.64
7.78077	386.00	0	3.64
7.78519	396.00	0	3.64
7.79070	400.00	0	3.64
7.79512	406.00	0	3.64
7.80059	407.00	0	3.64
7.80512	401.00	0	3.64
7.81063	391.00	0	3.64
7.81507	372.00	1	3.64
7.82056	304.00	0	3.64
7.82501	257.00	0	3.64
7.83054	228.00	0	3.64
7.83506	217.00	0	3.64
7.84054	212.00	0	3.64
7.84504	209.00	0	3.64
7.85053	210.00	0	3.64
7.85605	209.00	0	3.64
7.86047	206.00	0	3.64
7.86595	206.00	0	3.64
7.87043	206.00	0	3.64
7.87592	209.00	0	3.64
7.88038	215.00	0	3.64
7.88586	225.00	0	3.64
7.89032	246.00	1	3.64
7.89583	283.00	0	3.64
7.90025	312.00	0	3.64
7.90576	339.00	0	3.64
7.91023	352.00	0	3.64
7.91578	364.00	0	3.64
7.92020	373.00	0	3.64
7.92571	379.00	0	3.64
7.93016	383.00	0	3.64
7.93571	384.00	0	3.64
7.94013	382.00	0	3.64
7.94566	376.00	0	3.64
7.95016	365.00	0	3.64
7.95578	326.00	1	3.64
7.96023	283.00	0	3.63
7.96571	241.00	0	3.63
7.97018	223.00	0	3.63
7.97568	213.00	0	3.63
7.98013	208.00	0	3.63
7.98561	205.00	0	3.63
7.99004	203.00	0	3.63
7.99556	200.00	0	3.63
8.00104	199.00	0	3.63
8.00549	198.00	0	3.63
8.01098	197.00	0	3.63
8.01543	196.00	0	3.63
8.02091	199.00	0	3.63
8.02536	209.00	0	3.63
8.03085	250.00	1	3.63
8.03528	293.00	0	3.63
8.04079	335.00	0	3.63
8.04521	356.00	0	3.63
8.05072	376.00	0	3.63
8.05516	386.00	0	3.63
8.06083	396.00	0	3.63
8.06536	399.00	0	3.63
8.07099	403.00	0	3.63
8.07546	401.00	0	3.63
8.08098	395.00	0	3.63
8.08541	388.00	0	3.63
8.09094	361.00	1	3.63
8.09536	304.00	0	3.63
8.10084	249.00	0	3.63
8.10529	227.00	0	3.62
8.11077	214.00	0	3.62
8.11522	211.00	0	3.62
8.12074	209.00	0	3.62
8.12519	207.00	0	3.62
8.13071	206.00	0	3.62
8.13533	205.00	0	3.62
8.14087	204.00	0	3.62
8.14532	205.00	0	3.62
8.15098	207.00	0	3.62
8.15554	211.00	0	3.62
8.16018	221.00	0	3.62
8.16571	248.00	1	3.62
8.17015	277.00	0	3.62
8.17564	313.00	0	3.62
8.18011	334.00	0	3.63
8.18558	349.00	0	3.63
8.19005	361.00	0	3.63
8.19554	371.00	0	3.63
8.20004	377.00	0	3.63
8.20551	381.00	0	3.63
8.21103	385.00	0	3.63
8.21545	382.00	0	3.63
8.22097	375.00	0	3.63
8.22542	367.00	0	3.63
8.23091	340.00	1	3.63
8.23536	296.00	0	3.63
8.24083	251.00	0	3.63
8.24527	228.00	0	3.63
8.25075	214.00	0	3.63
8.25516	208.00	0	3.63
8.26067	206.00	0	3.63
8.26508	203.00	0	3.63
8.27059	201.00	0	3.63
8.27502	199.00	0	3.63
8.28055	197.00	0	3.63
8.28603	196.00	0	3.63
8.29054	195.00	0	3.63
8.29603	198.00	0	3.63
8.30044	204.00	0	3.63
8.30596	235.00	1	3.63
8.31038	275.00	0	3.63
8.31590	322.00	0	3.63
8.32032	349.00	0	3.63
8.32584	371.00	0	3.63
8.33029	381.00	0	3.63
8.33582	392.00	0	3.63
8.34023	397.00	0	3.63
8.34570	400.00	0	3.63
8.35016	400.00	0	3.63
8.35565	400.00	0	3.63
8.36010	393.00	0	3.63
8.36558	378.00	0	3.63
8.37003	339.00	1	3.63
8.37554	268.00	0	3.63
8.38003	236.00	0	3.58
8.38551	219.00	0	3.58
8.39103	211.00	0	3.58
8.39550	210.00	0	3.58
8.40106	208.00	0	3.58
8.40560	206.00	0	3.58
8.41015	205.00	0	3.58
8.41574	204.00	0	3.58
8.42021	204.00	0	3.58
8.42572	206.00	0	3.58
8.43014	209.00	0	3.58
8.43569	220.00	0	3.58
8.44015	239.00	1	3.58
8.44566	273.00	0	3.64
8.45008	301.00	0	3.64
8.45560	331.00	0	3.64
8.46002	346.00	0	3.64
8.46552	362.00	0	3.64
8.47106	371.00	0	3.64
8.47547	375.00	0	3.64
8.48100	382.00	0	3.64
8.48547	384.00	0	3.64
8.49099	385.00	0	3.64
8.49541	381.00	0	3.64
8.50093	372.00	0	3.64
8.50539	358.00	0	3.64
8.51096	308.00	1	3.64
8.51542	264.00	0	3.64
8.52090	231.00	0	3.64
8.52534	218.00	0	3.57
8.53085	210.00	0	3.57
8.53531	208.00	0	3.57
8.54079	205.00	0	3.57
8.54524	203.00	0	3.57
8.55072	201.00	0	3.57
8.55513	198.00	0	3.57
8.56069	197.00	0	3.57
8.56511	197.00	0	3.57
8.57062	198.00	0	3.57
8.57503	202.00	0	3.57
8.58055	226.00	1	3.57
8.58602	275.00	0	3.57
8.59048	313.00	0	3.64
8.59602	349.00	0	3.64
8.60043	367.00	0	3.64
8.60593	382.00	0	3.64
8.61035	391.00	0	3.64
8.61587	398.00	0	3.64
8.62028	401.00	0	3.64
8.62578	403.00	0	3.64
8.63020	400.00	0	3.64
8.63572	396.00	0	3.64
8.64017	386.00	0	3.64
8.64593	342.00	1	3.64
8.65052	278.00	0	3.64
8.65541	240.00	0	3.64
8.66095	221.00	0	3.62
8.66538	214.00	0	3.62
8.67095	211.00	0	3.62
8.67536	209.00	0	3.62
8.68093	205.00	0	3.62
8.68534	206.00	0	3.62
8.69092	206.00	0	3.62
8.69533	206.00	0	3.62
8.70080	207.00	0	3.62
8.70525	209.00	0	3.62
8.71073	218.00	0	3.62
8.71523	234.00	0	3.62
8.72076	265.00	1	3.62
8.72520	298.00	0	3.56
8.73070	327.00	0	3.56
8.73513	342.00	0	3.56
8.74064	357.00	0	3.56
8.74505	364.00	0	3.56
8.75057	375.00	0	3.56
8.75501	379.00	0	3.56
8.76052	385.00	0	3.56
8.76600	385.00	0	3.56
8.77048	382.00	0	3.56
8.77602	373.00	0	3.56
8.78052	364.00	0	3.56
8.78600	318.00	1	3.56
8.79045	273.00	0	3.56
8.79596	236.00	0	3.64
8.80037	221.00	0	3.64
8.80588	211.00	0	3.64
8.81036	209.00	0	3.64
8.81588	206.00	0	3.64
8.82029	205.00	0	3.64
8.82585	200.00	0	3.64
8.83031	199.00	0	3.64
8.83580	197.00	0	3.64
8.84029	197.00	0	3.64
8.84576	201.00	0	3.64
8.85022	202.00	0	3.64
8.85571	224.00	0	3.64
8.86016	263.00	1	3.64
8.86563	313.00	0	3.64
8.87010	342.00	0	3.64
8.87564	364.00	0	3.58
8.88010	378.00	0	3.58
8.88561	390.00	0	3.58
8.89007	396.00	0	3.58
8.89564	402.00	0	3.58
8.90005	404.00	0	3.58
8.90556	403.00	0	3.58
8.91003	397.00	0	3.58
8.91557	385.00	0	3.58
8.92104	346.00	1	3.58
8.92549	283.00	0	3.63
8.93105	238.00	0	3.63
8.93551	222.00	0	3.63
8.94099	213.00	0	3.63
8.94540	211.00	0	3.63
8.95092	210.00	0	3.63
8.95533	208.00	0	3.63
8.96089	206.00	0	3.63
8.96529	205.00	0	3.63
8.97080	206.00	0	3.63
8.97521	207.00	0	3.63
8.98078	211.00	0	3.63
8.98519	217.00	0	3.63
8.99067	236.00	1	3.63
8.99510	261.00	0	3.70
9.00058	298.00	0	3.70
9.00510	322.00	0	3.70
9.01064	344.00	0	3.70
9.01509	355.00	0	3.70
9.02061	365.00	0	3.70
9.02510	372.00	0	3.70
9.03064	380.00	0	3.70
9.03508	383.00	0	3.70
9.04060	384.00	0	3.70
9.04501	382.00	0	3.70
9.05057	374.00	0	3.70
9.05501	366.00	0	3.70
9.06063	321.00	1	3.70
9.06511	277.00	0	3.70
9.07063	237.00	0	3.64
9.07504	221.00	0	3.64
9.08055	211.00	0	3.64
9.08603	208.00	0	3.64
9.09051	205.00	0	3.64
9.09601	203.00	0	3.64
9.10042	200.00	0	3.64
9.10593	199.00	0	3.64
9.11036	197.00	0	3.64
9.11593	197.00	0	3.64
9.12034	197.00	0	3.64
9.12587	201.00	0	3.64
9.13041	215.00	0	3.64
9.13504	251.00	1	3.64
9.14058	301.00	0	3.64
9.14509	334.00	0	3.64
9.15057	360.00	0	3.64
9.15610	377.00	0	3.64
9.16051	386.00	0	3.64
9.16603	395.00	0	3.64
9.17049	399.00	0	3.64
9.17516	403.00	0	3.64
9.18077	402.00	0	3.64
9.18520	398.00	0	3.64
9.19071	386.00	0	3.64
9.19513	361.00	1	3.64
9.20063	289.00	0	3.65
9.20504	247.00	0	3.65
9.21056	223.00	0	3.65
9.21508	215.00	0	3.65
9.22056	211.00	0	3.65
9.22501	209.00	0	3.65
9.23048	208.00	0	3.65
9.23606	206.00	0	3.65
9.24047	205.00	0	3.65
9.24597	205.00	0	3.65
9.25045	206.00	0	3.65
9.25593	209.00	0	3.65
9.26037	214.00	0	3.65
9.26587	228.00	0	3.65
9.27033	252.00	1	3.65
9.27582	287.00	0	3.65
9.28026	314.00	0	3.58
9.28573	339.00	0	3.58
9.29016	353.00	0	3.58
9.29568	363.00	0	3.58
9.30009	371.00	0	3.58
9.30559	379.00	0	3.58
9.31001	383.00	0	3.58
9.31552	385.00	0	3.58
9.32104	382.00	0	3.58
9.32548	377.00	0	3.58
9.33099	364.00	0	3.58
9.33544	334.00	1	3.58
9.34096	274.00	0	3.64
9.34542	242.00	0	3.64
9.35094	220.00	0	3.64
9.35534	214.00	0	3.64
9.36085	208.00	0	3.64
9.36525	206.00	0	3.64
9.37080	204.00	0	3.64
9.37521	200.00	0	3.64
9.38068	198.00	0	3.64
9.38526	198.00	0	3.64
9.39097	197.00	0	3.64
9.39541	197.00	0	3.64
9.40089	200.00	0	3.64
9.40538	208.00	0	3.64
9.41087	249.00	1	3.64
9.41536	292.00	0	3.63
9.42089	333.00	0	3.63
9.42533	356.00	0	3.63
9.43099	375.00	0	3.63
9.43541	387.00	0	3.63
9.44091	395.00	0	3.63
9.44533	399.00	0	3.63
9.45083	402.00	0	3.63
9.45524	402.00	0	3.63
9.46077	397.00	0	3.63
9.46520	390.00	0	3.63
9.47072	363.00	1	3.63
9.47515	302.00	0	3.63
9.48067	247.00	0	3.63
9.48516	226.00	0	3.63
9.49064	214.00	0	3.63
9.49507	211.00	0	3.63
9.50059	210.00	0	3.63
9.50503	208.00	0	3.63
9.51050	207.00	0	3.63
9.51603	205.00	0	3.63
9.52044	204.00	0	3.63
9.52591	205.00	0	3.63
9.53044	209.00	0	3.63
9.53596	213.00	0	3.63
9.54043	224.00	0	3.63
9.54595	250.00	1	3.63
9.55045	281.00	0	3.63
9.55595	316.00	0	3.63
9.56039	335.00	0	3.63
9.56593	351.00	0	3.63
9.57034	362.00	0	3.63
9.57586	372.00	0	3.63
9.58032	379.00	0	3.63
9.58583	383.00	0	3.63
9.59025	385.00	0	3.63
9.59576	383.00	0	3.63
9.60017	377.00	0	3.63
9.60576	364.00	0	3.63
9.61020	335.00	1	3.63
9.61573	277.00	0	3.64
9.62013	244.00	0	3.64
9.62560	222.00	0	3.64
9.63005	213.00	0	3.64
9.63554	208.00	0	3.64
9.64104	205.00	0	3.64
9.64550	204.00	0	3.64
9.65103	201.00	0	3.64
9.65546	199.00	0	3.64
9.66101	198.00	0	3.64
9.66542	197.00	0	3.64
9.67091	197.00	0	3.64
9.67536	199.00	0	3.64
9.68083	209.00	0	3.64
9.68527	240.00	1	3.64
9.69080	292.00	0	3.64
9.69529	328.00	0	3.64
9.70076	357.00	0	3.64
9.70519	373.00	0	3.64
9.71067	386.00	0	3.64
9.71536	393.00	0	3.64
9.72105	402.00	0	3.64
9.72574	404.00	0	3.64
9.73044	401.00	0	3.64
9.73586	396.00	0	3.64
9.74004	388.00	0	3.64
9.74608	354.00	1	3.64
9.75216	274.00	0	3.64
9.75587	244.00	0	3.64
9.76058	223.00	0	3.63
9.76542	215.00	0	3.63
9.77010	211.00	0	3.63
9.77578	220.00	0	3.63
9.78036	207.00	0	3.63
9.78597	207.00	0	3.63
9.79052	205.00	0	3.63
9.79512	205.00	0	3.63
9.80070	206.00	0	3.63
9.80520	201.00	0	3.63
9.81082	218.00	0	3.63
9.81525	232.00	0	3.63
9.82085	266.00	1	3.63
9.82593	305.00	0	3.63
9.83042	327.00	0	3.63
9.83600	348.00	0	3.64
9.84047	357.00	0	3.64
9.84596	369.00	0	3.64
9.85038	377.00	0	3.64
9.85591	382.00	0	3.64
9.86039	383.00	0	3.64
9.86599	382.00	0	3.64
9.87048	377.00	0	3.64
9.87601	367.00	0	3.64
9.88042	341.00	1	3.64
9.88592	286.00	0	3.70
9.89034	248.00	0	3.70
9.89585	224.00	0	3.70
9.90026	214.00	0	3.70
9.90573	208.00	0	3.70
9.91024	206.00	0	3.70
9.91576	203.00	0	3.70
9.92021	201.00	0	3.70
9.92569	199.00	0	3.70
9.93016	197.00	0	3.70
9.93568	196.00	0	3.70
9.94018	196.00	0	3.70
9.94566	198.00	0	3.70
9.95012	205.00	0	3.70
9.95563	241.00	1	3.70
9.96004	284.00	0	3.70
9.96554	329.00	0	3.70
9.97106	357.00	0	3.70
9.97555	373.00	0	3.70
9.98102	386.00	0	3.70
9.98551	393.00	0	3.70
9.99104	400.00	0	3.70
9.99549	400.00	0	3.70
10.00097	399.00	0	3.70
