2.00241	402.00	0	0.00
2.00373	382.00	0	0.00
2.00506	353.00	0	0.00
2.00633	330.00	0	0.00
2.00760	312.00	0	0.00
2.00886	297.00	0	0.00
2.01016	286.00	0	0.00
2.01150	276.00	0	0.00
2.01284	270.00	0	0.00
2.01411	265.00	0	0.00
2.01541	260.00	0	0.00
2.01674	257.00	0	0.00
2.01808	254.00	0	0.00
2.01935	253.00	0	0.00
2.02066	251.00	0	0.00
2.02202	250.00	0	0.00
2.02339	247.00	0	0.00
2.02466	246.00	0	0.00
2.02595	245.00	0	0.00
2.02758	243.00	0	0.00
2.02896	244.00	0	0.00
2.03023	242.00	0	0.00
2.03152	242.00	0	0.00
2.03282	243.00	0	0.00
2.03415	240.00	0	0.00
2.03550	242.00	0	0.00
2.03677	242.00	0	0.00
2.03806	244.00	0	0.00
2.03940	243.00	0	0.00
2.04073	244.00	0	0.00
2.04200	245.00	0	0.00
2.04329	251.00	0	0.00
2.04462	256.00	0	0.00
2.04595	258.00	0	0.00
2.04722	266.00	0	0.00
2.04851	275.00	0	0.00
2.04984	300.00	1	0.00
2.05117	321.00	0	0.00
2.05244	345.00	0	0.00
2.05374	363.00	0	0.00
2.05509	379.00	0	0.00
2.05661	398.00	0	0.00
2.05797	408.00	0	0.00
2.05927	417.00	0	0.00
2.06062	429.00	0	0.00
2.06196	430.00	0	0.00
2.06325	440.00	0	0.00
2.06459	446.00	0	0.00
2.06592	449.00	0	0.00
2.06725	453.00	0	0.00
2.06858	457.00	0	0.00
2.07016	457.00	0	0.00
2.07154	463.00	0	0.00
2.07287	463.00	0	0.00
2.07413	462.00	0	0.00
2.07545	467.00	0	0.00
2.07687	466.00	0	0.00
2.07825	233.00	0	0.00
2.07961	462.00	0	0.00
2.08091	461.00	0	0.00
2.08292	456.00	0	0.00
2.08433	453.00	0	0.00
2.08566	449.00	0	0.00
2.08713	442.00	0	0.00
2.08855	436.00	0	0.00
2.08998	424.00	0	0.00
2.09134	405.00	1	0.00
2.09264	373.00	0	0.00
2.09400	342.00	0	0.00
2.09540	316.00	0	0.00
2.09675	299.00	0	0.00
2.09805	286.00	0	0.00
2.09945	278.00	0	0.00
2.10083	271.00	0	0.00
2.10216	267.00	0	0.00
2.10368	263.00	0	0.00
2.10511	260.00	0	0.00
2.10650	261.00	0	0.00
2.10791	257.00	0	0.00
2.10949	257.00	0	0.00
2.11105	255.00	0	0.00
2.11237	254.00	0	0.00
2.11381	253.00	0	0.00
2.11563	252.00	0	0.00
2.11719	250.00	0	0.00
2.11868	251.00	0	0.00
2.12058	250.00	0	0.00
2.12242	252.00	0	0.00
2.12395	253.00	0	0.00
2.12532	253.00	0	0.00
2.12684	254.00	0	0.00
2.12848	257.00	0	0.00
2.13026	257.00	0	0.00
2.13174	448.00	0	0.00
2.13346	264.00	0	0.00
2.13535	277.00	0	0.00
2.13686	290.00	0	0.00
2.13824	307.00	1	0.00
2.13982	327.00	0	0.00
2.14123	344.00	0	0.00
2.14273	361.00	0	0.00
2.14414	373.00	0	0.00
2.14675	390.00	0	0.00
2.14954	407.00	0	0.00
2.15324	423.00	0	0.00
2.15644	432.00	0	0.00
2.15923	439.00	0	0.00
2.16240	443.00	0	0.00
2.16517	443.00	0	0.00
2.16819	444.00	0	0.00
2.17065	439.00	0	0.00
2.17363	431.00	0	0.00
2.17643	424.00	1	0.00
2.18016	393.00	0	0.00
2.18297	334.00	0	0.00
2.18689	288.00	0	0.00
2.18939	272.00	0	0.00
2.19241	261.00	0	0.00
2.19516	254.00	0	0.00
2.19851	250.00	0	0.00
2.20101	248.00	0	0.00
2.20361	246.00	0	0.00
2.20612	244.00	0	0.00
2.20868	244.00	0	0.00
2.21122	242.00	0	0.00
2.21372	242.00	0	0.00
2.21618	245.00	0	0.00
2.21866	248.00	0	0.00
2.22116	253.00	0	0.00
2.22370	263.00	0	0.00
2.22657	290.00	1	0.00
2.22920	336.00	0	0.00
2.23174	376.00	0	0.00
2.23415	401.00	0	0.00
2.23670	424.00	0	0.00
2.23920	435.00	0	0.00
2.24161	446.00	0	0.00
2.24412	458.00	0	0.00
2.24662	461.00	0	0.00
2.24904	465.00	0	0.00
2.25153	468.00	0	0.00
2.25391	464.00	0	0.00
2.25643	469.00	0	0.00
2.25902	463.00	0	0.00
2.26187	459.00	0	0.00
2.26459	448.00	0	0.00
2.26741	427.00	1	0.00
2.27013	366.00	0	0.00
2.27299	310.00	0	0.00
2.27570	284.00	0	0.00
2.27838	271.00	0	0.00
2.28117	265.00	0	0.00
2.28404	262.00	0	0.00
2.28690	253.00	0	0.00
2.28961	257.00	0	0.00
2.29240	256.00	0	0.00
2.29525	255.00	0	0.00
2.29789	256.00	0	0.00
2.30097	255.00	0	0.00
2.30376	257.00	0	0.00
2.30651	260.00	0	0.00
2.30962	264.00	0	5.68
2.31248	280.00	0	5.68
2.31547	314.00	1	5.68
2.31843	351.00	0	5.68
2.32158	381.00	0	5.68
2.32458	402.00	0	5.68
2.32802	417.00	0	5.68
2.33092	427.00	0	5.68
2.33361	436.00	0	5.68
2.33628	443.00	0	5.68
2.33952	445.00	0	5.68
2.34286	453.00	0	5.68
2.34606	444.00	0	5.68
2.34912	438.00	0	5.68
2.35218	434.00	0	5.68
2.35508	419.00	0	5.68
2.35872	364.00	1	5.68
2.36201	305.00	0	5.68
2.36512	278.00	0	5.68
2.36806	264.00	0	5.68
2.37146	255.00	0	5.68
2.37457	253.00	0	5.68
2.37764	248.00	0	5.68
2.38052	246.00	0	5.68
2.38317	244.00	0	5.68
2.38574	244.00	0	5.68
2.38818	244.00	0	5.68
2.39088	243.00	0	5.68
2.39329	245.00	0	5.68
2.39586	248.00	0	5.68
2.39844	252.00	0	5.68
2.40088	262.00	0	5.68
2.40348	280.00	1	5.68
2.40599	325.00	0	5.68
2.40900	371.00	0	5.68
2.41162	403.00	0	5.65
2.41419	422.00	0	5.65
2.41706	439.00	0	5.65
2.41975	451.00	0	5.65
2.42228	458.00	0	5.65
2.42477	463.00	0	5.65
2.42720	466.00	0	5.65
2.42974	467.00	0	5.65
2.43222	467.00	0	5.65
2.43471	465.00	0	5.65
2.43731	457.00	0	5.65
2.43984	455.00	0	5.65
2.44237	446.00	0	5.65
2.44488	426.00	1	5.65
2.44743	373.00	0	5.65
2.44988	316.00	0	5.65
2.45243	289.00	0	5.65
2.45501	275.00	0	5.65
2.45757	268.00	0	5.65
2.46013	262.00	0	5.65
2.46268	259.00	0	5.65
2.46517	259.00	0	5.65
2.46775	256.00	0	5.65
2.47025	256.00	0	5.65
2.47271	254.00	0	5.65
2.47524	256.00	0	5.65
2.47780	255.00	0	5.65
2.48031	256.00	0	5.65
2.48286	258.00	0	5.65
2.48536	261.00	0	5.65
2.48778	265.00	0	5.65
2.49030	276.00	0	5.65
2.49281	305.00	1	5.65
2.49533	338.00	0	5.65
2.49785	366.00	0	5.65
2.50038	389.00	0	5.65
2.50294	404.00	0	5.65
2.50545	416.00	0	5.65
2.50797	425.00	0	5.65
2.51052	433.00	0	5.65
2.51307	438.00	0	5.64
2.51560	441.00	0	5.64
2.51811	446.00	0	5.64
2.52063	445.00	0	5.64
2.52316	446.00	0	5.64
2.52562	446.00	0	5.64
2.52805	438.00	0	5.64
2.53064	430.00	0	5.64
2.53314	415.00	1	5.64
2.53565	378.00	0	5.64
2.53817	500.00	0	5.64
2.53956	307.00	0	5.64
2.54091	291.00	0	5.64
2.54343	273.00	0	5.64
2.54595	265.00	0	5.64
2.54844	259.00	0	5.64
2.55100	255.00	0	5.64
2.55348	252.00	0	5.64
2.55590	249.00	0	5.64
2.55836	246.00	0	5.64
2.56088	245.00	0	5.64
2.56340	244.00	0	5.64
2.56587	242.00	0	5.64
2.56831	243.00	0	5.64
2.57082	245.00	0	5.64
2.57336	248.00	0	5.64
2.57587	253.00	0	5.64
2.57834	261.00	0	5.64
2.58087	277.00	1	5.64
2.58341	320.00	0	5.64
2.58589	363.00	0	5.64
2.58833	396.00	0	5.64
2.59088	418.00	0	5.64
2.59338	433.00	0	5.64
2.59588	447.00	0	5.64
2.59834	455.00	0	5.64
2.60089	462.00	0	5.64
2.60343	465.00	0	5.64
2.60592	468.00	0	5.64
2.60837	471.00	0	5.64
2.61089	467.00	0	5.64
2.61357	465.00	0	5.64
2.61605	460.00	0	5.64
2.61851	452.00	0	5.64
2.62100	440.00	0	5.64
2.62364	406.00	1	5.64
2.62612	342.00	0	5.64
2.62861	302.00	0	5.64
2.63122	281.00	0	5.64
2.63380	270.00	0	5.64
2.63634	266.00	0	5.64
2.63889	262.00	0	5.64
2.64137	260.00	0	5.64
2.64382	258.00	0	5.64
2.64635	256.00	0	5.64
2.64882	254.00	0	5.64
2.65133	255.00	0	5.64
2.65384	254.00	0	5.64
2.65634	254.00	0	5.64
2.65884	254.00	0	5.64
2.66130	258.00	0	5.64
2.66386	262.00	0	5.64
2.66635	264.00	0	5.64
2.66886	280.00	0	5.64
2.67143	311.00	1	5.64
2.67391	343.00	0	5.64
2.67637	369.00	0	5.64
2.67890	391.00	0	5.64
2.68153	407.00	0	5.64
2.68409	418.00	0	5.64
2.68665	429.00	0	5.64
2.68922	434.00	0	5.64
2.69182	436.00	0	5.64
2.69428	444.00	0	5.64
2.69682	445.00	0	5.64
2.70006	446.00	0	5.64
2.70265	444.00	0	5.64
2.70520	439.00	0	5.64
2.70772	431.00	0	5.64
2.71023	417.00	1	5.64
2.71277	387.00	0	5.64
2.71536	333.00	0	5.65
2.71785	298.00	0	5.65
2.72040	278.00	0	5.65
2.72294	267.00	0	5.65
2.72549	260.00	0	5.65
2.72800	255.00	0	5.65
2.73046	251.00	0	5.65
2.73298	248.00	0	5.65
2.73556	246.00	0	5.65
2.73806	244.00	0	5.65
2.74060	241.00	0	5.65
2.74311	242.00	0	5.65
2.74559	241.00	0	5.65
2.74809	242.00	0	5.65
2.75068	245.00	0	5.65
2.75317	249.00	0	5.65
2.75567	257.00	0	5.65
2.75819	272.00	1	5.65
2.76071	310.00	0	5.65
2.76321	358.00	0	5.65
2.76571	394.00	0	5.65
2.76823	417.00	0	5.65
2.77082	435.00	0	5.65
2.77332	447.00	0	5.65
2.77581	457.00	0	5.65
2.77831	460.00	0	5.65
2.78081	465.00	0	5.65
2.78333	466.00	0	5.65
2.78573	469.00	0	5.65
2.78814	465.00	0	5.65
2.79073	461.00	0	5.65
2.79325	456.00	0	5.65
2.79578	446.00	0	5.65
2.79828	434.00	1	5.65
2.80071	398.00	0	5.65
2.80318	334.00	0	5.65
2.80569	300.00	0	5.65
2.80812	282.00	0	5.65
2.81076	270.00	0	5.65
2.81338	264.00	0	5.65
2.81596	261.00	0	5.73
2.81882	259.00	0	5.73
2.82148	256.00	0	5.73
2.82421	254.00	0	5.73
2.82689	575.00	0	5.73
2.82830	253.00	0	5.73
2.82971	253.00	0	5.73
2.83241	254.00	0	5.73
2.83510	255.00	0	5.73
2.83791	257.00	0	5.73
2.84045	260.00	0	5.73
2.84343	265.00	0	5.73
2.84613	288.00	1	5.73
2.84888	321.00	0	5.73
2.85148	355.00	0	5.73
2.85432	385.00	0	5.73
2.85699	401.00	0	5.73
2.85970	414.00	0	5.73
2.86236	424.00	0	5.73
2.86513	433.00	0	5.73
2.86764	438.00	0	5.73
2.87024	443.00	0	5.73
2.87284	444.00	0	5.73
2.87560	446.00	0	5.73
2.87832	442.00	0	5.73
2.88082	438.00	0	5.73
2.88371	431.00	0	5.73
2.88634	418.00	0	5.73
2.88902	389.00	1	5.73
2.89171	337.00	0	5.73
2.89443	295.00	0	5.73
2.89690	276.00	0	5.73
2.89970	265.00	0	5.73
2.90240	258.00	0	5.73
2.90497	254.00	0	5.73
2.90757	251.00	0	5.73
2.91007	30.00	0	5.73
2.91150	246.00	0	5.73
2.91287	244.00	0	5.73
2.91534	243.00	0	5.73
2.91786	242.00	0	5.59
2.92035	241.00	0	5.59
2.92281	242.00	0	5.59
2.92538	245.00	0	5.59
2.92790	248.00	0	5.59
2.93037	254.00	0	5.59
2.93292	266.00	0	5.59
2.93547	293.00	1	5.59
2.93801	341.00	0	5.59
2.94052	383.00	0	5.59
2.94309	409.00	0	5.59
2.94564	425.00	0	5.59
2.94812	442.00	0	5.59
2.95057	452.00	0	5.59
2.95306	462.00	0	5.59
2.95563	466.00	0	5.59
2.95812	469.00	0	5.59
2.96061	467.00	0	5.59
2.96313	467.00	0	5.59
2.96566	466.00	0	5.59
2.96816	459.00	0	5.59
2.97076	452.00	0	5.59
2.97324	445.00	0	5.59
2.97576	426.00	1	5.59
2.97829	371.00	0	5.59
2.98082	319.00	0	5.59
2.98333	289.00	0	5.59
2.98586	276.00	0	5.59
2.98838	268.00	0	5.59
2.99097	264.00	0	5.59
2.99350	260.00	0	5.59
2.99602	258.00	0	5.59
2.99853	257.00	0	5.59
3.00104	255.00	0	5.59
3.00357	255.00	0	5.59
3.00605	255.00	0	5.59
3.00852	257.00	0	5.59
3.01109	256.00	0	5.59
3.01360	258.00	0	5.59
3.01610	263.00	0	5.59
3.01868	264.00	0	5.63
3.02116	278.00	0	5.63
3.02371	310.00	1	5.63
3.02626	344.00	0	5.63
3.02876	370.00	0	5.63
3.03129	392.00	0	5.63
3.03380	407.00	0	5.63
3.03627	419.00	0	5.63
3.03886	429.00	0	5.63
3.04134	436.00	0	5.63
3.04380	439.00	0	5.63
3.04634	441.00	0	5.63
3.04882	447.00	0	5.63
3.05132	447.00	0	5.63
3.05385	445.00	0	5.63
3.05636	441.00	0	5.63
3.05888	432.00	0	5.63
3.06135	427.00	0	5.63
3.06390	413.00	1	5.63
3.06641	373.00	0	5.63
3.06895	325.00	0	5.63
3.07148	293.00	0	5.63
3.07400	276.00	0	5.63
3.07655	264.00	0	5.63
3.07911	257.00	0	5.63
3.08167	254.00	0	5.63
3.08417	251.00	0	5.63
3.08666	247.00	0	5.63
3.08916	245.00	0	5.63
3.09173	243.00	0	5.63
3.09421	243.00	0	5.63
3.09663	242.00	0	5.63
3.09919	242.00	0	5.63
3.10166	246.00	0	5.63
3.10409	248.00	0	5.63
3.10661	254.00	0	5.63
3.10909	267.00	0	5.63
3.11209	302.00	1	5.63
3.11469	352.00	0	5.63
3.11722	390.00	0	5.63
3.11984	416.00	0	5.66
3.12235	430.00	0	5.66
3.12478	444.00	0	5.66
3.12736	451.00	0	5.66
3.12986	461.00	0	5.66
3.13241	466.00	0	5.66
3.13492	466.00	0	5.66
3.13741	470.00	0	5.66
3.13996	468.00	0	5.66
3.14251	466.00	0	5.66
3.14522	462.00	0	5.66
3.14813	451.00	0	5.66
3.15085	441.00	0	5.66
3.15372	404.00	1	5.66
3.15642	334.00	0	5.66
3.15926	296.00	0	5.66
3.16200	278.00	0	5.66
3.16489	269.00	0	5.66
3.16770	265.00	0	5.66
3.17048	260.00	0	5.66
3.17325	258.00	0	5.66
3.17610	256.00	0	5.66
3.17882	255.00	0	5.66
3.18153	256.00	0	5.66
3.18425	256.00	0	5.66
3.18714	256.00	0	5.66
3.18983	259.00	0	5.66
3.19293	261.00	0	5.66
3.19563	266.00	0	5.66
3.19822	285.00	0	5.66
3.20111	322.00	1	5.66
3.20407	360.00	0	5.66
3.20677	386.00	0	5.66
3.20945	406.00	0	5.66
3.21233	415.00	0	5.66
3.21502	426.00	0	5.66
3.21800	435.00	0	5.66
3.22072	441.00	0	5.64
3.22345	443.00	0	5.64
3.22619	447.00	0	5.64
3.22904	448.00	0	5.64
3.23184	446.00	0	5.64
3.23506	440.00	0	5.64
3.23756	437.00	0	5.64
3.24004	423.00	0	5.64
3.24296	393.00	1	5.64
3.24600	331.00	0	5.64
3.24876	295.00	0	5.64
3.25162	275.00	0	5.64
3.25418	264.00	0	5.64
3.25683	258.00	0	5.64
3.25951	254.00	0	5.64
3.26214	249.00	0	5.64
3.26466	246.00	0	5.64
3.26715	245.00	0	5.64
3.26968	243.00	0	5.64
3.27228	242.00	0	5.64
3.27488	241.00	0	5.64
3.27772	243.00	0	5.64
3.28040	246.00	0	5.64
3.28298	251.00	0	5.64
3.28557	260.00	0	5.64
3.28820	280.00	1	5.64
3.29075	327.00	0	5.64
3.29339	372.00	0	5.64
3.29600	404.00	0	5.64
3.29852	422.00	0	5.64
3.30116	438.00	0	5.64
3.30494	452.00	0	5.64
3.30758	460.00	0	5.64
3.31080	468.00	0	5.64
3.31343	468.00	0	5.64
3.31614	471.00	0	5.64
3.31869	467.00	0	5.64
3.32146	465.00	0	5.68
3.32433	457.00	0	5.68
3.32746	448.00	0	5.68
3.33050	426.00	1	5.68
3.33309	366.00	0	5.68
3.33607	306.00	0	5.68
3.33862	284.00	0	5.68
3.34115	273.00	0	5.68
3.34371	265.00	0	5.68
3.34630	262.00	0	5.68
3.34890	260.00	0	5.68
3.35147	257.00	0	5.68
3.35403	255.00	0	5.68
3.35663	255.00	0	5.68
3.35929	255.00	0	5.68
3.36190	254.00	0	5.68
3.36442	255.00	0	5.68
3.36699	256.00	0	5.68
3.36950	258.00	0	5.68
3.37202	261.00	0	5.68
3.37453	270.00	0	5.68
3.37709	295.00	1	5.68
3.37964	329.00	0	5.68
3.38212	356.00	0	5.68
3.38458	381.00	0	5.68
3.38717	398.00	0	5.68
3.38970	413.00	0	5.68
3.39223	421.00	0	5.68
3.39485	429.00	0	5.68
3.39739	435.00	0	5.68
3.39997	439.00	0	5.68
3.40249	431.00	0	5.68
3.40492	444.00	0	5.68
3.40747	446.00	0	5.68
3.40996	443.00	0	5.68
3.41247	438.00	0	5.68
3.41498	434.00	0	5.68
3.41747	423.00	0	5.68
3.42005	401.00	1	5.68
3.42271	349.00	0	5.65
3.42524	305.00	0	5.65
3.42780	280.00	0	5.65
3.43033	268.00	0	5.65
3.43284	255.00	0	5.65
3.43542	254.00	0	5.65
3.43789	251.00	0	5.65
3.44035	248.00	0	5.65
3.44285	242.00	0	5.65
3.44534	242.00	0	5.65
3.44790	241.00	0	5.65
3.45042	240.00	0	5.65
3.45295	241.00	0	5.65
3.45554	243.00	0	5.65
3.45804	245.00	0	5.65
3.46058	250.00	0	5.65
3.46310	260.00	0	5.65
3.46564	274.00	1	5.65
3.46816	315.00	0	5.65
3.47071	360.00	0	5.65
3.47321	393.00	0	5.65
3.47576	416.00	0	5.65
3.47829	430.00	0	5.65
3.48070	444.00	0	5.65
3.48329	453.00	0	5.65
3.48580	461.00	0	5.65
3.48826	464.00	0	5.65
3.49077	466.00	0	5.65
3.49324	469.00	0	5.65
3.49587	468.00	0	5.65
3.49844	465.00	0	5.65
3.50095	459.00	0	5.65
3.50356	454.00	0	5.65
3.50605	441.00	0	5.65
3.50846	423.00	1	5.65
3.51100	365.00	0	5.65
3.51354	313.00	0	5.65
3.51604	286.00	0	5.65
3.51856	273.00	0	5.65
3.52097	266.00	0	5.65
3.52358	263.00	0	5.62
3.52607	259.00	0	5.62
3.52854	257.00	0	5.62
3.53111	255.00	0	5.62
3.53364	253.00	0	5.62
3.53614	254.00	0	5.62
3.53874	255.00	0	5.62
3.54122	253.00	0	5.62
3.54371	255.00	0	5.62
3.54623	64.00	0	5.62
3.54762	257.00	0	5.62
3.54889	259.00	0	5.62
3.55165	263.00	0	5.62
3.55416	277.00	0	5.62
3.55660	307.00	1	5.62
3.55923	341.00	0	5.62
3.56177	369.00	0	5.62
3.56442	390.00	0	5.62
3.56718	404.00	0	5.62
3.56983	416.00	0	5.62
3.57244	426.00	0	5.62
3.57498	434.00	0	5.62
3.57749	438.00	0	5.62
3.58003	440.00	0	5.62
3.58255	442.00	0	5.62
3.58494	445.00	0	5.62
3.58751	443.00	0	5.62
3.59000	439.00	0	5.62
3.59247	433.00	0	5.62
3.59497	427.00	0	5.62
3.59744	407.00	1	5.62
3.60001	362.00	0	5.62
3.60258	315.00	0	5.62
3.60506	286.00	0	5.62
3.60762	270.00	0	5.62
3.61015	260.00	0	5.62
3.61266	254.00	0	5.62
3.61519	250.00	0	5.62
3.61776	248.00	0	5.62
3.62028	246.00	0	5.62
3.62362	243.00	0	5.62
3.62623	242.00	0	5.64
3.62884	240.00	0	5.64
3.63137	240.00	0	5.64
3.63381	242.00	0	5.64
3.63635	244.00	0	5.64
3.63889	249.00	0	5.64
3.64143	256.00	0	5.64
3.64394	271.00	1	5.64
3.64646	308.00	0	5.64
3.64896	600.00	0	5.64
3.65041	374.00	0	5.64
3.65179	390.00	0	5.64
3.65416	410.00	0	5.64
3.65670	428.00	0	5.64
3.65924	442.00	0	5.64
3.66173	443.00	0	5.64
3.66423	459.00	0	5.64
3.66676	465.00	0	5.64
3.66921	465.00	0	5.64
3.67178	468.00	0	5.64
3.67424	467.00	0	5.64
3.67672	465.00	0	5.64
3.67922	460.00	0	5.64
3.68162	454.00	0	5.64
3.68414	442.00	0	5.64
3.68665	423.00	1	5.64
3.68908	362.00	0	5.64
3.69166	309.00	0	5.64
3.69414	285.00	0	5.64
3.69660	271.00	0	5.64
3.69912	266.00	0	5.64
3.70155	261.00	0	5.64
3.70405	258.00	0	5.64
3.70655	255.00	0	5.64
3.70905	253.00	0	5.64
3.71162	252.00	0	5.64
3.71409	251.00	0	5.64
3.71657	252.00	0	5.64
3.71923	253.00	0	5.64
3.72293	254.00	0	5.64
3.72649	259.00	0	5.64
3.73014	263.00	0	5.61
3.73370	292.00	1	5.61
3.73728	338.00	0	5.61
3.74085	374.00	0	5.61
3.74443	399.00	0	5.61
3.74798	416.00	0	5.61
3.75162	426.00	0	5.61
3.75518	435.00	0	5.61
3.75879	443.00	0	5.61
3.76234	442.00	0	5.61
3.76591	441.00	0	5.61
3.76944	434.00	0	5.61
3.77305	423.00	0	5.61
3.77661	391.00	1	5.61
3.78023	318.00	0	5.61
3.78378	279.00	0	5.61
3.78738	262.00	0	5.61
3.79095	253.00	0	5.61
3.79474	249.00	0	5.61
3.79908	243.00	0	5.61
3.80301	241.00	0	5.61
3.80759	239.00	0	5.61
3.81150	241.00	0	5.61
3.81601	245.00	0	5.61
3.81970	254.00	0	5.61
3.82227	269.00	1	5.61
3.82484	302.00	0	5.61
3.82734	349.00	0	5.61
3.82990	386.00	0	5.61
3.83244	411.00	0	5.61
3.83490	506.00	0	5.61
3.83630	434.00	1	5.61
3.83883	448.00	0	5.61
3.84133	455.00	0	5.61
3.84402	461.00	1	5.61
3.84654	465.00	0	5.61
3.84898	464.00	0	5.61
3.85157	466.00	0	5.61
3.85405	462.00	0	5.61
3.85672	460.00	0	5.61
3.85923	450.00	0	5.61
3.86177	441.00	0	5.61
3.86430	421.00	1	5.61
3.86697	362.00	0	5.61
3.86949	309.00	0	5.61
3.87199	283.00	0	5.61
3.87459	270.00	0	5.61
3.87714	265.00	0	5.61
3.87982	260.00	0	5.61
3.88233	257.00	0	5.61
3.88478	255.00	0	5.61
3.88734	253.00	0	5.61
3.88981	252.00	0	5.61
3.89229	251.00	0	5.61
3.89485	251.00	0	5.61
3.89728	252.00	0	5.61
3.89986	253.00	0	5.61
3.90236	254.00	0	5.61
3.90489	255.00	0	5.61
3.90746	259.00	0	5.61
3.90996	268.00	0	5.61
3.91248	292.00	1	5.61
3.91500	327.00	0	5.61
3.91754	358.00	0	5.61
3.92008	380.00	0	5.61
3.92260	397.00	0	5.61
3.92508	404.00	0	5.61
3.92759	418.00	0	5.61
3.93012	423.00	0	5.61
3.93267	432.00	0	5.61
3.93523	438.00	0	5.61
3.93770	439.00	0	5.61
3.94026	441.00	0	5.61
3.94281	439.00	0	5.61
3.94532	436.00	0	5.61
3.94789	432.00	0	5.61
3.95040	423.00	0	5.61
3.95288	409.00	1	5.61
3.95532	372.00	0	5.61
3.95785	322.00	0	5.61
3.96033	290.00	0	5.61
3.96278	272.00	0	5.61
3.96541	261.00	0	5.61
3.97008	251.00	0	5.61
3.97584	245.00	0	5.61
3.98055	239.00	0	5.61
3.98527	238.00	0	5.61
3.99101	240.00	0	5.61
3.99577	246.00	0	5.61
4.00041	266.00	1	5.61
4.00508	343.00	0	5.61
4.01086	415.00	0	5.61
4.01557	440.00	0	5.61
4.02022	456.00	0	5.61
4.02601	462.00	0	5.61
4.03078	463.00	0	6.39
4.03547	455.00	0	6.39
4.04010	438.00	0	6.39
4.04588	343.00	0	6.39
4.05050	281.00	1	6.39
4.05514	264.00	0	6.39
4.06092	256.00	0	6.39
4.06564	251.00	0	6.39
4.07030	251.00	0	6.39
4.07604	250.00	0	6.39
4.08066	255.00	0	6.39
4.08529	258.00	0	6.39
4.09103	301.00	1	6.39
4.09577	359.00	0	6.39
4.10045	394.00	0	6.39
4.10515	415.00	0	6.39
4.11093	433.00	0	6.39
4.11560	439.00	0	6.39
4.12029	438.00	0	6.39
4.12601	431.00	0	6.39
4.13068	413.00	0	5.60
4.13537	340.00	1	5.60
4.14000	280.00	0	5.60
4.14573	255.00	0	5.60
4.15036	247.00	0	5.60
4.15606	241.00	0	5.60
4.16066	238.00	0	5.60
4.16525	237.00	0	5.60
4.17097	241.00	0	5.60
4.17571	251.00	0	5.60
4.18035	294.00	1	5.60
4.18607	387.00	0	5.60
4.19072	425.00	0	5.60
4.19540	447.00	0	5.60
4.20004	457.00	0	5.60
4.20576	462.00	0	5.60
4.21043	460.00	0	5.60
4.21507	450.00	0	5.60
4.22076	420.00	1	5.60
4.22548	315.00	0	5.60
4.23010	273.00	0	5.60
4.23582	259.00	0	5.87
4.24052	254.00	0	5.87
4.24525	251.00	0	5.87
4.25005	250.00	0	5.87
4.25590	250.00	0	5.87
4.26060	255.00	0	5.87
4.26532	264.00	0	5.87
4.27004	319.00	1	5.87
4.27571	377.00	0	5.87
4.28034	406.00	0	5.87
4.28505	430.00	0	5.87
4.29080	437.00	0	5.87
4.29544	440.00	0	5.87
4.30014	438.00	0	5.87
4.30586	424.00	0	5.87
4.31062	379.00	1	5.87
4.31521	298.00	0	5.87
4.32068	262.00	0	5.87
4.32555	251.00	0	5.87
4.33088	243.00	0	5.87
4.33574	240.00	0	5.71
4.34093	236.00	0	5.71
4.34583	239.00	0	5.71
4.35003	244.00	0	5.71
4.35599	271.00	1	5.71
4.36088	359.00	0	5.71
4.36581	411.00	0	5.71
4.37051	438.00	0	5.71
4.37526	454.00	0	5.71
4.38101	463.00	0	5.71
4.38592	464.00	0	5.71
4.39080	458.00	0	5.71
4.39570	444.00	0	5.71
4.40042	392.00	1	5.71
4.40548	293.00	0	5.71
4.41016	266.00	0	5.71
4.41606	257.00	0	5.71
4.42072	253.00	0	5.71
4.42592	250.00	0	5.71
4.43066	251.00	0	5.71
4.43556	252.00	0	5.57
4.44041	258.00	0	5.57
4.44502	273.00	0	5.57
4.45029	344.00	1	5.57
4.45517	390.00	0	5.57
4.46093	416.00	0	5.57
4.46566	430.00	0	5.57
4.47037	438.00	0	5.57
4.47506	440.00	0	5.57
4.48087	435.00	0	5.57
4.48561	425.00	0	5.57
4.49024	382.00	1	5.57
4.49604	287.00	0	5.57
4.50067	261.00	0	5.57
4.50550	249.00	0	5.57
4.51018	244.00	0	5.57
4.51595	238.00	0	5.57
4.52061	237.00	0	5.57
4.52523	238.00	0	5.57
4.53104	249.00	0	5.57
4.53582	279.00	1	5.57
4.54058	361.00	0	5.57
4.54529	410.00	0	5.57
4.55103	442.00	0	5.57
4.55582	456.00	0	5.57
4.56049	464.00	0	5.57
4.56515	462.00	0	5.57
4.57092	456.00	0	5.57
4.57559	443.00	0	5.57
4.58025	396.00	1	5.57
4.58597	288.00	0	5.57
4.59068	264.00	0	5.57
4.59540	257.00	0	5.57
4.60005	253.00	0	5.57
4.60581	251.00	0	5.57
4.61049	251.00	0	5.57
4.61513	252.00	0	5.57
4.62084	257.00	0	5.57
4.62559	281.00	0	5.57
4.63036	345.00	1	5.57
4.63576	388.00	0	5.55
4.64062	413.00	0	5.55
4.64603	430.00	0	5.55
4.65088	438.00	0	5.55
4.65504	440.00	0	5.55
4.66099	435.00	0	5.55
4.66598	421.00	0	5.55
4.67022	385.00	1	5.55
4.67515	293.00	0	5.55
4.68064	261.00	0	5.55
4.68560	250.00	0	5.55
4.69093	244.00	0	5.55
4.69582	239.00	0	5.55
4.70012	237.00	0	5.55
4.70502	239.00	0	5.55
4.71026	246.00	0	5.55
4.71517	267.00	0	5.55
4.72030	471.00	0	5.55
4.72523	407.00	0	5.55
4.73034	439.00	0	5.55
4.73541	456.00	0	5.55
4.74082	464.00	1	5.56
4.74567	463.00	0	5.56
4.75105	458.00	0	5.56
4.75591	444.00	0	5.56
4.76022	406.00	1	5.56
4.76515	301.00	0	5.56
4.77115	267.00	0	5.56
4.77502	258.00	0	5.56
4.78029	253.00	0	5.56
4.78526	252.00	0	5.56
4.79022	250.00	0	5.56
4.79582	253.00	0	5.56
4.80092	257.00	0	5.56
4.80600	283.00	0	5.56
4.81036	332.00	1	5.56
4.81555	385.00	0	5.56
4.82076	412.00	0	5.56
4.82549	424.00	0	5.56
4.83048	438.00	0	5.56
4.83599	440.00	0	5.56
4.84096	437.00	0	5.56
4.84518	428.00	0	5.56
4.85015	399.00	1	5.56
4.85605	297.00	0	5.56
4.86084	262.00	0	5.56
4.86566	250.00	0	5.56
4.87039	244.00	0	5.56
4.87515	241.00	0	5.56
4.88092	239.00	0	5.56
4.88592	239.00	0	5.56
4.89055	244.00	0	5.56
4.89563	262.00	0	5.56
4.90088	334.00	1	5.56
4.90586	400.00	0	5.56
4.91045	432.00	0	5.56
4.91553	451.00	0	5.56
4.92065	462.00	0	5.56
4.92540	465.00	0	5.56
4.93012	460.00	0	5.56
4.93503	449.00	0	5.56
4.94082	409.00	1	6.25
4.94559	303.00	0	6.25
4.95027	269.00	0	6.25
4.95604	259.00	0	6.25
4.96073	253.00	0	6.25
4.96546	251.00	0	6.25
4.97017	250.00	0	6.25
4.97596	253.00	0	6.25
4.98062	254.00	0	6.25
4.98530	260.00	0	6.25
4.99106	321.00	1	6.25
4.99578	372.00	0	6.25
5.00046	401.00	0	6.25
5.00512	420.00	0	6.25
5.01088	435.00	0	6.25
5.01551	440.00	0	6.25
5.02013	441.00	0	6.25
5.02599	428.00	0	6.25
5.03029	413.00	0	6.25
5.03500	335.00	1	6.25
5.04077	271.00	0	5.41
5.04545	256.00	0	5.41
5.05016	247.00	0	5.41
5.05590	241.00	0	5.41
5.06053	238.00	0	5.41
5.06526	237.00	0	5.41
5.07106	241.00	0	5.41
5.07578	248.00	0	5.41
5.08044	276.00	1	5.41
5.08595	373.00	0	5.41
5.09065	419.00	0	5.41
5.09533	442.00	0	5.41
5.10017	456.00	0	5.41
5.10521	462.00	0	5.41
5.11018	464.00	0	5.41
5.11602	454.00	0	5.41
5.12107	435.00	0	5.41
5.12578	348.00	1	5.41
5.13062	282.00	0	5.41
5.13525	263.00	0	5.41
5.14008	257.00	0	5.41
5.14574	250.00	0	5.41
5.15058	249.00	0	5.41
5.15525	250.00	0	5.41
5.16016	251.00	0	5.41
5.16594	256.00	0	5.41
5.17100	277.00	0	5.41
5.17503	327.00	1	5.41
5.18094	385.00	0	5.41
5.18562	411.00	0	5.41
5.19065	426.00	0	5.41
5.19566	435.00	0	5.41
5.20052	439.00	0	5.41
5.20545	438.00	0	5.41
5.21020	426.00	0	5.41
5.21508	397.00	1	5.41
5.22104	294.00	0	5.41
5.22569	265.00	0	5.41
5.23054	251.00	0	5.41
5.23535	245.00	0	5.41
5.24021	240.00	0	5.55
5.24531	238.00	0	5.55
5.25000	235.00	0	5.55
5.25593	241.00	0	5.55
5.26057	253.00	0	5.55
5.26542	301.00	1	5.55
5.27022	380.00	0	5.55
5.27602	427.00	0	5.55
5.28081	447.00	0	5.55
5.28548	460.00	0	5.55
5.29043	463.00	0	5.55
5.29510	462.00	0	5.55
5.30006	451.00	0	5.55
5.30590	421.00	1	5.55
5.31084	313.00	0	5.55
5.31559	274.00	0	5.55
5.32041	259.00	0	5.55
5.32521	256.00	0	5.55
5.33006	251.00	0	5.55
5.33593	248.00	0	5.55
5.34071	251.00	0	5.55
5.34564	253.00	0	5.55
5.35026	257.00	0	5.55
5.35516	290.00	1	5.55
5.36085	362.00	0	5.55
5.36557	397.00	0	5.55
5.37033	416.00	0	5.55
5.37519	432.00	0	5.55
5.38102	437.00	0	5.55
5.38598	438.00	0	5.55
5.39103	427.00	0	5.55
5.39600	418.00	0	5.55
5.40004	364.00	1	5.55
5.40607	277.00	0	5.55
5.41083	256.00	0	5.55
5.41556	248.00	0	5.55
5.42027	242.00	0	5.55
5.42506	238.00	0	5.55
5.43088	236.00	0	5.55
5.43557	237.00	0	5.55
5.44026	243.00	0	5.55
5.44607	271.00	1	5.41
5.45079	354.00	0	5.41
5.45560	409.00	0	5.41
5.46029	440.00	0	5.41
5.46502	452.00	0	5.41
5.47085	462.00	0	5.41
5.47554	462.00	0	5.41
5.48025	457.00	0	5.41
5.48605	442.00	0	5.41
5.49074	396.00	1	5.41
5.49553	295.00	0	5.41
5.50038	266.00	0	5.41
5.50566	256.00	0	5.41
5.51053	252.00	0	5.41
5.51580	249.00	0	5.41
5.52061	249.00	0	5.41
5.52583	251.00	0	5.41
5.53075	255.00	0	5.41
5.53553	266.00	0	5.41
5.54026	321.00	1	5.41
5.54504	372.00	0	5.40
5.55103	410.00	0	5.40
5.55575	424.00	0	5.40
5.56044	433.00	0	5.40
5.56512	439.00	0	5.40
5.57090	437.00	0	5.40
5.57563	426.00	0	5.40
5.58027	407.00	0	5.40
5.58503	331.00	1	5.40
5.59084	268.00	0	5.40
5.59590	250.00	0	5.40
5.60082	246.00	0	5.40
5.60554	240.00	0	5.40
5.61021	237.00	0	5.40
5.61594	236.00	0	5.40
5.62083	242.00	0	5.40
5.62577	254.00	0	5.40
5.63057	300.00	1	5.40
5.63534	379.00	0	5.40
5.64008	420.00	0	5.40
5.64594	446.00	0	5.42
5.65064	458.00	0	5.42
5.65536	462.00	0	5.42
5.66006	455.00	0	5.42
5.66590	453.00	0	5.42
5.67055	436.00	0	5.42
5.67514	364.00	1	5.42
5.68089	279.00	0	5.42
5.68568	263.00	0	5.42
5.69043	254.00	0	5.42
5.69515	251.00	0	5.42
5.70092	249.00	0	5.42
5.70565	250.00	0	5.42
5.71038	252.00	0	5.42
5.71508	256.00	0	5.42
5.72096	298.00	1	5.42
5.72577	358.00	0	5.42
5.73048	395.00	0	5.42
5.73522	415.00	0	5.42
5.74096	429.00	0	5.42
5.74577	435.00	0	5.53
5.75047	438.00	0	5.53
5.75516	435.00	0	5.53
5.76091	419.00	0	5.53
5.76569	361.00	1	5.53
5.77034	287.00	0	5.53
5.77508	259.00	0	5.53
5.78084	247.00	0	5.53
5.78554	242.00	0	5.53
5.79013	238.00	0	5.53
5.79593	237.00	0	5.53
5.80063	239.00	0	5.53
5.80530	246.00	0	5.53
5.81106	279.00	1	5.53
5.81579	363.00	0	5.53
5.82050	416.00	0	5.53
5.82588	440.00	0	5.53
5.83074	456.00	0	5.53
5.83501	462.00	0	5.53
5.84091	462.00	0	5.53
5.84582	455.00	0	5.54
5.85009	444.00	0	5.54
5.85602	374.00	1	5.54
5.86101	282.00	0	5.54
5.86602	264.00	0	5.54
5.87086	256.00	0	5.54
5.87596	252.00	0	5.54
5.88009	250.00	0	5.54
5.88511	250.00	0	5.54
5.89065	251.00	0	5.54
5.89534	256.00	0	5.54
5.90046	278.00	0	5.54
5.90563	340.00	1	5.54
5.91041	386.00	0	5.54
5.91553	410.00	0	5.54
5.92023	424.00	0	5.54
5.92528	438.00	0	5.54
5.93106	439.00	0	5.54
5.93585	441.00	0	5.54
5.94045	425.00	0	5.54
5.94531	397.00	1	5.42
5.95099	295.00	0	5.42
5.95563	263.00	0	5.42
5.96028	250.00	0	5.42
5.96518	244.00	0	5.42
5.97104	240.00	0	5.42
5.97577	237.00	0	5.42
5.98063	237.00	0	5.42
5.98583	244.00	0	5.42
5.99069	262.00	0	5.42
5.99546	333.00	1	5.42
6.00012	397.00	0	5.42
6.00595	431.00	0	5.42
6.01064	451.00	0	5.42
6.01534	459.00	0	5.42
6.02106	463.00	0	5.42
6.02574	461.00	0	5.42
6.03047	448.00	0	5.42
6.03511	422.00	1	5.42
6.04082	304.00	0	5.42
6.04544	270.00	0	5.58
6.05009	259.00	0	5.58
6.05580	252.00	0	5.58
6.06053	250.00	0	5.58
6.06523	249.00	0	5.58
6.07097	251.00	0	5.58
6.07579	254.00	0	5.58
6.08043	263.00	0	5.58
6.08509	312.00	1	5.58
6.09091	376.00	0	5.58
6.09562	202.00	0	5.58
6.10028	421.00	0	5.58
6.10601	433.00	0	5.58
6.11082	439.00	0	5.58
6.11554	438.00	0	5.58
6.12018	430.00	0	5.58
6.12599	405.00	0	5.58
6.13071	322.00	1	5.58
6.13537	271.00	0	5.58
6.14001	253.00	0	5.58
6.14573	245.00	0	5.39
6.15039	240.00	0	5.39
6.15505	236.00	0	5.39
6.16079	236.00	0	5.39
6.16555	240.00	0	5.39
6.17026	251.00	0	5.39
6.17602	306.00	1	5.39
6.18100	384.00	0	5.39
6.18579	420.00	0	5.39
6.19044	443.00	0	5.39
6.19509	458.00	0	5.39
6.20084	461.00	0	5.39
6.20555	461.00	0	5.39
6.21026	454.00	0	5.39
6.21602	427.00	0	5.39
6.22100	324.00	0	5.39
6.22565	273.00	1	5.39
6.23030	260.00	0	5.39
6.23504	254.00	0	5.39
6.24081	249.00	0	5.39
6.24553	249.00	0	5.39
6.25021	249.00	0	5.25
6.25591	252.00	0	5.25
6.26057	257.00	0	5.25
6.26532	288.00	1	5.25
6.27105	354.00	0	5.25
6.27569	393.00	0	5.25
6.28035	412.00	0	5.25
6.28502	425.00	0	5.25
6.29078	436.00	0	5.25
6.29543	440.00	0	5.25
6.30007	434.00	0	5.25
6.30585	420.00	0	5.25
6.31064	361.00	1	5.25
6.31576	280.00	0	5.25
6.32045	259.00	0	5.25
6.32543	249.00	0	5.25
6.33059	241.00	0	5.25
6.33566	238.00	0	5.25
6.34060	235.00	0	5.25
6.34547	237.00	0	5.25
6.35049	244.00	0	5.56
6.35522	263.00	0	5.56
6.36020	341.00	1	5.56
6.36509	403.00	0	5.56
6.37107	439.00	0	5.56
6.37596	453.00	0	5.56
6.38092	462.00	0	5.56
6.38568	461.00	0	5.56
6.39064	454.00	0	5.56
6.39537	440.00	0	5.56
6.40040	362.00	1	5.56
6.40511	285.00	0	5.56
6.41086	260.00	0	5.56
6.41576	255.00	0	5.56
6.42021	250.00	0	5.56
6.42523	249.00	0	5.56
6.43011	250.00	0	5.56
6.43603	251.00	0	5.56
6.44103	256.00	0	5.56
6.44603	287.00	1	5.56
6.45107	351.00	0	5.53
6.45585	390.00	0	5.53
6.46049	414.00	0	5.53
6.46553	428.00	0	5.53
6.47022	435.00	0	5.53
6.47518	437.00	0	5.53
6.48110	427.00	0	5.53
6.48586	415.00	0	5.53
6.49072	349.00	1	5.53
6.49557	280.00	0	5.53
6.50038	258.00	0	5.53
6.50532	247.00	0	5.53
6.51025	241.00	0	5.53
6.51505	237.00	0	5.53
6.52079	235.00	0	5.53
6.52589	238.00	0	5.53
6.53082	243.00	0	5.53
6.53573	265.00	0	5.53
6.54061	347.00	1	5.53
6.54558	404.00	0	5.53
6.55055	437.00	0	5.54
6.55545	455.00	0	5.54
6.56035	459.00	0	5.54
6.56544	465.00	0	5.54
6.57026	508.00	0	5.54
6.57518	219.00	0	5.54
6.58097	355.00	0	5.54
6.58566	283.00	1	5.54
6.59040	262.00	0	5.54
6.59513	256.00	0	5.54
6.60085	251.00	0	5.54
6.60555	245.00	0	5.54
6.61023	249.00	0	5.54
6.61591	250.00	0	5.54
6.62055	253.00	0	5.54
6.62522	268.00	0	5.54
6.63006	327.00	1	5.54
6.63587	387.00	0	5.54
6.64051	407.00	0	5.54
6.64517	425.00	0	5.54
6.65108	433.00	0	5.43
6.65593	438.00	0	5.43
6.66018	434.00	0	5.43
6.66527	420.00	0	5.43
6.67012	385.00	1	5.43
6.67607	288.00	0	5.43
6.68076	259.00	0	5.43
6.68575	247.00	0	5.43
6.69041	242.00	0	5.43
6.69504	238.00	0	5.43
6.70003	235.00	0	5.43
6.70578	236.00	0	5.43
6.71068	241.00	0	5.43
6.71535	257.00	0	5.43
6.72014	318.00	1	5.43
6.72593	403.00	0	5.43
6.73087	432.00	0	5.43
6.73557	450.00	0	5.43
6.74035	458.00	0	5.43
6.74515	461.00	0	5.43
6.75097	454.00	0	5.43
6.75580	443.00	0	5.57
6.76010	419.00	1	5.57
6.76593	302.00	0	5.57
6.77060	268.00	0	5.57
6.77534	257.00	0	5.57
6.78003	252.00	0	5.57
6.78587	247.00	0	5.57
6.79050	248.00	0	5.57
6.79513	252.00	0	5.57
6.80088	252.00	0	5.57
6.80562	261.00	0	5.57
6.81031	313.00	1	5.57
6.81603	375.00	0	5.57
6.82071	403.00	0	5.57
6.82545	419.00	0	5.57
6.83010	430.00	0	5.57
6.83585	437.00	0	5.57
6.84049	435.00	0	5.57
6.84518	431.00	0	5.57
6.85093	402.00	0	5.57
6.85562	323.00	1	5.55
6.86032	270.00	0	5.55
6.86606	252.00	0	5.55
6.87073	244.00	0	5.55
6.87540	240.00	0	5.55
6.88004	237.00	0	5.55
6.88576	235.00	0	5.55
6.89039	239.00	0	5.55
6.89502	248.00	0	5.55
6.90076	308.00	1	5.55
6.90549	387.00	0	5.55
6.91016	421.00	0	5.55
6.91587	448.00	0	5.55
6.92054	459.00	0	5.55
6.92522	460.00	0	5.55
6.93099	457.00	0	5.55
6.93568	451.00	0	5.55
6.94033	430.00	0	5.55
6.94500	344.00	1	5.55
6.95076	272.00	0	5.55
6.95542	259.00	0	5.41
6.96107	252.00	0	5.41
6.96578	249.00	0	5.41
6.97045	248.00	0	5.41
6.97507	249.00	0	5.41
6.98074	251.00	0	5.41
6.98548	258.00	0	5.41
6.99013	300.00	1	5.41
6.99587	369.00	0	5.41
7.00061	399.00	0	5.41
7.00544	417.00	0	5.41
7.01017	431.00	0	5.41
7.01592	434.00	0	5.41
7.02063	437.00	0	5.41
7.02598	431.00	0	5.41
7.03025	414.00	0	5.41
7.03516	347.00	1	5.41
7.04029	275.00	0	5.41
7.04538	254.00	0	5.41
7.05072	245.00	0	5.41
7.05561	239.00	0	5.57
7.06088	236.00	0	5.57
7.06575	235.00	0	5.57
7.07094	239.00	0	5.57
7.07580	251.00	0	5.57
7.08002	285.00	1	5.57
7.08501	373.00	0	5.57
7.09031	418.00	0	5.57
7.09521	443.00	0	5.57
7.10037	455.00	0	5.57
7.10524	461.00	0	5.57
7.11041	461.00	0	5.57
7.11532	452.00	0	5.57
7.12061	435.00	0	5.57
7.12548	344.00	0	5.57
7.13051	278.00	1	5.57
7.13540	261.00	0	5.57
7.14071	254.00	0	5.57
7.14560	249.00	0	5.57
7.15084	248.00	0	5.57
7.15572	250.00	0	5.39
7.16096	252.00	0	5.39
7.16584	259.00	0	5.39
7.17005	292.00	1	5.39
7.17603	364.00	0	5.39
7.18091	397.00	0	5.39
7.18513	414.00	0	5.39
7.19003	428.00	0	5.39
7.19524	435.00	0	5.39
7.20022	437.00	0	5.39
7.20514	432.00	0	5.39
7.21095	414.00	0	5.39
7.21567	348.00	1	5.39
7.22036	279.00	0	5.39
7.22510	256.00	0	5.39
7.23083	254.00	0	5.39
7.23553	240.00	0	5.39
7.24020	237.00	0	5.39
7.24599	235.00	0	5.39
7.25070	239.00	0	5.39
7.25545	247.00	0	5.39
7.26017	276.00	1	5.54
7.26601	376.00	0	5.54
7.27064	416.00	0	5.54
7.27527	439.00	0	5.54
7.28102	453.00	0	5.54
7.28570	460.00	0	5.54
7.29040	459.00	0	5.54
7.29504	453.00	0	5.54
7.30077	434.00	0	5.54
7.30547	358.00	1	5.54
7.31012	282.00	0	5.54
7.31585	259.00	0	5.54
7.32052	254.00	0	5.54
7.32523	249.00	0	5.54
7.33098	248.00	0	5.54
7.33568	248.00	0	5.54
7.34034	252.00	0	5.54
7.34501	255.00	0	5.54
7.35079	293.00	1	5.54
7.35545	349.00	0	5.54
7.36011	389.00	0	5.53
7.36584	413.00	0	5.53
7.37064	426.00	0	5.53
7.37538	434.00	0	5.53
7.38017	435.00	0	5.53
7.38600	431.00	0	5.53
7.39099	416.00	0	5.53
7.39564	355.00	1	5.53
7.40075	277.00	0	5.53
7.40555	255.00	0	5.53
7.41076	246.00	0	5.53
7.41545	239.00	0	5.53
7.42060	236.00	0	5.53
7.42533	235.00	0	5.53
7.43049	238.00	0	5.53
7.43525	242.00	0	5.53
7.44026	268.00	0	5.53
7.44669	372.00	0	5.53
7.45054	409.00	1	5.53
7.45528	433.00	0	5.53
7.46000	454.00	0	5.25
7.46603	460.00	0	5.25
7.47057	459.00	0	5.25
7.47560	451.00	0	5.25
7.48071	434.00	0	5.25
7.48541	364.00	1	5.25
7.49036	282.00	0	5.25
7.49507	262.00	0	5.25
7.50040	253.00	0	5.25
7.50528	249.00	0	5.25
7.51043	247.00	0	5.25
7.51526	249.00	0	5.25
7.52102	250.00	0	5.25
7.52583	255.00	0	5.25
7.53075	285.00	1	5.25
7.53547	344.00	0	5.25
7.54030	386.00	0	5.25
7.54526	409.00	0	5.25
7.55008	423.00	0	5.25
7.55592	434.00	0	5.25
7.56099	437.00	0	5.56
7.56603	431.00	0	5.56
7.57095	418.00	0	5.56
7.57555	370.00	1	5.56
7.58042	285.00	0	5.56
7.58540	258.00	0	5.56
7.59025	247.00	0	5.56
7.59505	242.00	0	5.56
7.60008	237.00	0	5.56
7.60589	235.00	0	5.56
7.61080	236.00	0	5.56
7.61550	241.00	0	5.56
7.62036	261.00	0	5.56
7.62500	326.00	1	5.56
7.63094	405.00	0	5.56
7.63571	429.00	0	5.56
7.64044	450.00	0	5.56
7.64515	458.00	0	5.56
7.65089	459.00	0	5.56
7.65559	454.00	0	5.56
7.66031	443.00	0	5.73
7.66502	400.00	1	5.73
7.67093	285.00	0	5.73
7.67561	262.00	0	5.73
7.68045	256.00	0	5.73
7.68530	251.00	0	5.73
7.69020	248.00	0	5.73
7.69510	248.00	0	5.73
7.70091	250.00	0	5.73
7.70566	253.00	0	5.73
7.71040	263.00	0	5.73
7.71516	318.00	1	5.73
7.72095	376.00	0	5.73
7.72572	405.00	0	5.73
7.73043	420.00	0	5.73
7.73512	430.00	0	5.73
7.74087	437.00	0	5.73
7.74561	433.00	0	5.73
7.75026	424.00	0	5.73
7.75601	385.00	1	5.73
7.76084	297.00	0	5.54
7.76555	262.00	0	5.54
7.77019	249.00	0	5.54
7.77595	243.00	0	5.54
7.78069	237.00	0	5.54
7.78547	234.00	0	5.54
7.79017	233.00	0	5.54
7.79599	239.00	0	5.54
7.80065	250.00	0	5.54
7.80541	297.00	1	5.54
7.81011	377.00	0	5.54
7.81582	422.00	0	5.54
7.82053	445.00	0	5.54
7.82519	457.00	0	5.54
7.83099	460.00	0	5.54
7.83569	458.00	0	5.54
7.84039	444.00	0	5.54
7.84514	422.00	1	5.54
7.85091	307.00	0	5.54
7.85566	268.00	0	5.54
7.86047	257.00	0	5.54
7.86540	251.00	0	5.55
7.87035	248.00	0	5.55
7.87540	246.00	0	5.55
7.88038	247.00	0	5.55
7.88558	249.00	0	5.55
7.89036	253.00	0	5.55
7.89559	292.00	1	5.55
7.90039	354.00	0	5.55
7.90543	393.00	0	5.55
7.91020	409.00	0	5.55
7.91504	424.00	0	5.55
7.92081	432.00	0	5.55
7.92586	435.00	0	5.55
7.93095	426.00	0	5.55
7.93577	410.00	0	5.55
7.94059	340.00	1	5.55
7.94543	276.00	0	5.55
7.95012	255.00	0	5.55
7.95612	243.00	0	5.55
7.96100	239.00	0	5.55
7.96589	235.00	0	5.42
7.97073	233.00	0	5.42
7.97562	236.00	0	5.42
7.98022	240.00	0	5.42
7.98523	261.00	0	5.42
7.99002	336.00	1	5.42
7.99505	401.00	0	5.42
8.00077	434.00	0	5.42
8.00560	450.00	0	5.42
8.01068	457.00	0	5.42
8.01557	457.00	0	5.42
8.02024	450.00	0	5.42
8.02539	438.00	0	5.42
8.03039	400.00	1	5.42
8.03522	298.00	0	5.42
8.04094	261.00	0	5.42
8.04583	252.00	0	5.42
8.05048	248.00	0	5.42
8.05539	245.00	0	5.42
8.06027	245.00	0	5.42
8.06531	245.00	0	5.40
8.07019	250.00	0	5.40
8.07517	255.00	0	5.40
8.08007	304.00	1	5.40
8.08504	361.00	0	5.40
8.09105	398.00	0	5.40
8.09570	415.00	0	5.40
8.10044	426.00	0	5.40
8.10520	431.00	0	5.40
8.11102	428.00	0	5.40
8.11598	422.00	0	5.40
8.12100	400.00	0	5.40
8.12510	338.00	1	5.40
8.13104	266.00	0	5.40
8.13591	248.00	0	5.40
8.14067	240.00	0	5.40
8.14577	229.00	0	5.40
8.15047	230.00	0	5.40
8.15568	114.00	0	5.40
8.16038	232.00	0	5.40
8.16504	239.00	0	5.42
8.17082	277.00	1	5.42
8.17572	362.00	0	5.42
8.18062	406.00	0	5.42
8.18576	433.00	0	5.42
8.19054	447.00	0	5.42
8.19544	450.00	0	5.42
8.20030	452.00	0	5.42
8.20522	443.00	0	5.42
8.21037	429.00	0	5.42
8.21542	364.00	1	5.42
8.22048	276.00	0	5.42
8.22517	255.00	0	5.42
8.23092	247.00	0	5.42
8.23560	244.00	0	5.42
8.24029	241.00	0	5.42
8.24502	242.00	0	5.42
8.25082	244.00	0	5.42
8.25545	248.00	0	5.42
8.26004	265.00	0	5.42
8.26582	335.00	1	5.40
8.27052	379.00	0	5.40
8.27520	400.00	0	5.40
8.28002	416.00	0	5.40
8.28545	424.00	0	5.40
8.29034	426.00	0	5.40
8.29560	425.00	0	5.40
8.30049	412.00	0	5.40
8.30587	377.00	1	5.40
8.31077	288.00	0	5.40
8.31605	253.00	0	5.40
8.32095	241.00	0	5.40
8.32528	236.00	0	5.40
8.33019	232.00	0	5.40
8.33514	228.00	0	5.40
8.34031	229.00	0	5.40
8.34583	236.00	0	5.40
8.35017	250.00	0	5.40
8.35609	328.00	1	5.40
8.36004	382.00	0	5.40
8.36553	417.00	0	5.40
8.37028	438.00	0	5.40
8.37510	447.00	0	5.40
8.38080	450.00	0	5.40
8.38550	449.00	0	5.40
8.39021	437.00	0	5.40
8.39590	414.00	1	5.40
8.40052	314.00	0	5.40
8.40517	266.00	0	5.40
8.41091	249.00	0	5.40
8.41560	245.00	0	5.40
8.42024	242.00	0	5.40
8.42596	241.00	0	5.40
8.43063	243.00	0	5.40
8.43526	244.00	0	5.40
8.44093	250.00	0	5.40
8.44561	290.00	1	5.40
8.45100	355.00	0	5.40
8.45503	380.00	0	5.40
8.46108	407.00	0	5.40
8.46605	418.00	0	5.40
8.47081	423.00	0	5.56
8.47561	425.00	0	5.56
8.48023	419.00	0	5.56
8.48509	409.00	0	5.56
8.49094	346.00	1	5.56
8.49580	275.00	0	5.56
8.50051	249.00	0	5.56
8.50526	239.00	0	5.56
8.51002	234.00	0	5.56
8.51591	229.00	0	5.56
8.52064	227.00	0	5.56
8.52566	229.00	0	5.56
8.53033	235.00	0	5.56
8.53510	255.00	0	5.56
8.54003	327.00	1	5.56
8.54612	400.00	0	5.56
8.55085	424.00	0	5.56
8.55559	441.00	0	5.56
8.56049	449.00	0	5.56
8.56533	452.00	0	5.56
8.57016	443.00	0	5.44
8.57509	434.00	0	5.44
8.58077	393.00	1	5.44
8.58570	289.00	0	5.44
8.59033	257.00	0	5.44
8.59522	248.00	0	5.44
8.60094	248.00	0	5.44
8.60566	241.00	0	5.44
8.61037	239.00	0	5.44
8.61539	243.00	0	5.44
8.62026	245.00	0	5.44
8.62528	254.00	0	5.44
8.63019	304.00	1	5.44
8.63509	356.00	0	5.44
8.64094	392.00	0	5.44
8.64570	408.00	0	5.44
8.65054	422.00	0	5.44
8.65542	425.00	0	5.44
8.66006	425.00	0	5.44
8.66603	416.00	0	5.44
8.67077	397.00	0	5.42
8.67579	313.00	1	5.42
8.68066	260.00	0	5.42
8.68550	243.00	0	5.42
8.69030	237.00	0	5.42
8.69596	230.00	0	5.42
8.70097	227.00	0	5.42
8.70568	227.00	0	5.42
8.71055	231.00	0	5.42
8.71542	239.00	0	5.42
8.72025	265.00	1	5.42
8.72611	361.00	0	5.42
8.73076	405.00	0	5.42
8.73547	427.00	0	5.42
8.74025	443.00	0	5.42
8.74513	449.00	0	5.42
8.75009	447.00	0	5.42
8.75585	439.00	0	5.42
8.76052	427.00	0	5.42
8.76536	371.00	1	5.42
8.77019	278.00	0	5.42
8.77590	252.00	0	5.42
8.78084	244.00	0	5.42
8.78561	241.00	0	5.42
8.79060	239.00	0	5.42
8.79547	239.00	0	5.42
8.80043	242.00	0	5.42
8.80531	245.00	0	5.42
8.81018	256.00	0	5.42
8.81607	322.00	1	5.42
8.82098	369.00	0	5.42
8.82559	395.00	0	5.42
8.83010	409.00	0	5.42
8.83547	417.00	0	5.42
8.84083	425.00	0	5.42
8.84603	423.00	0	5.42
8.85020	414.00	0	5.42
8.85557	385.00	1	5.42
8.86072	291.00	0	5.42
8.86587	253.00	0	5.42
8.87012	242.00	0	5.42
8.87522	236.00	0	5.56
8.88082	230.00	0	5.56
8.88531	227.00	0	5.56
8.89056	226.00	0	5.56
8.89542	230.00	0	5.56
8.90038	240.00	0	5.56
8.90504	274.00	1	5.56
8.91068	365.00	0	5.56
8.91566	407.00	0	5.56
8.92075	432.00	0	5.56
8.92509	443.00	0	5.56
8.93088	449.00	0	5.56
8.93556	446.00	0	5.56
8.94026	439.00	0	5.56
8.94600	414.00	0	5.56
8.95069	323.00	0	5.56
8.95529	268.00	1	5.56
8.96100	249.00	0	5.56
8.96571	244.00	0	5.56
8.97045	242.00	0	5.56
8.97513	239.00	0	5.27
8.98087	240.00	0	5.27
8.98556	242.00	0	5.27
8.99021	243.00	0	5.27
8.99595	270.00	0	5.27
9.00060	328.00	1	5.27
9.00534	370.00	0	5.27
9.01000	395.00	0	5.27
9.01574	413.00	0	5.27
9.02039	419.00	0	5.27
9.02608	424.00	0	5.27
9.03079	421.00	0	5.27
9.03552	410.00	0	5.27
9.04015	381.00	1	5.27
9.04583	281.00	0	5.27
9.05044	253.00	0	5.27
9.05507	240.00	0	5.27
9.06083	234.00	0	5.27
9.06559	229.00	0	5.27
9.07026	227.00	0	5.27
9.07602	226.00	0	5.42
9.08069	229.00	0	5.42
9.08542	121.00	0	5.42
9.09006	284.00	0	5.42
9.09573	376.00	0	5.42
9.10030	411.00	0	5.42
9.10605	437.00	1	5.42
9.11076	444.00	0	5.42
9.11546	448.00	0	5.42
9.12011	447.00	0	5.42
9.12585	438.00	0	5.42
9.13065	412.00	1	5.42
9.13534	319.00	0	5.42
9.14104	262.00	0	5.42
9.14580	250.00	0	5.42
9.15050	244.00	0	5.42
9.15520	240.00	0	5.42
9.16092	239.00	0	5.42
9.16564	239.00	0	5.42
9.17030	242.00	0	5.42
9.17604	246.00	0	5.70
9.18072	267.00	0	5.70
9.18541	328.00	1	5.70
9.19007	369.00	0	5.70
9.19578	397.00	0	5.70
9.20041	412.00	0	5.70
9.20509	422.00	0	5.70
9.21087	424.00	0	5.70
9.21553	421.00	0	5.70
9.22022	411.00	0	5.70
9.22595	371.00	1	5.70
9.23062	288.00	0	5.70
9.23528	254.00	0	5.70
9.24099	240.00	0	5.70
9.24571	234.00	0	5.70
9.25049	229.00	0	5.70
9.25515	227.00	0	5.70
9.26088	226.00	0	5.70
9.26557	231.00	0	5.70
9.27018	241.00	0	5.70
9.27598	299.00	1	5.38
9.28068	374.00	0	5.38
9.28539	412.00	0	5.38
9.29009	433.00	0	5.38
9.29581	445.00	0	5.38
9.30054	447.00	0	5.38
9.30527	446.00	0	5.38
9.31106	436.00	0	5.38
9.31575	417.00	0	5.38
9.32041	337.00	1	5.38
9.32512	271.00	0	5.38
9.33093	251.00	0	5.38
9.33558	245.00	0	5.38
9.34031	241.00	0	5.38
9.34501	240.00	0	5.38
9.35074	240.00	0	5.38
9.35540	241.00	0	5.38
9.36004	245.00	0	5.38
9.36607	271.00	0	5.38
9.37082	330.00	1	5.38
9.37559	374.00	0	5.39
9.38028	397.00	0	5.39
9.38603	415.00	0	5.39
9.39075	421.00	0	5.39
9.39545	426.00	0	5.39
9.40012	423.00	0	5.39
9.40590	411.00	0	5.39
9.41058	385.00	1	5.39
9.41526	304.00	0	5.39
9.42098	255.00	0	5.39
9.42567	241.00	0	5.39
9.43039	234.00	0	5.39
9.43504	230.00	0	5.39
9.44075	227.00	0	5.39
9.44543	226.00	0	5.39
9.45009	230.00	0	5.39
9.45580	241.00	0	5.39
9.46048	283.00	1	5.39
9.46519	362.00	0	5.39
9.47091	412.00	0	5.39
9.47563	434.00	0	5.42
9.48040	445.00	0	5.42
9.48517	448.00	0	5.42
9.49047	447.00	0	5.42
9.49530	441.00	0	5.42
9.50007	428.00	0	5.42
9.50590	354.00	1	5.42
9.51062	275.00	0	5.42
9.51540	254.00	0	5.42
9.52029	246.00	0	5.42
9.52519	242.00	0	5.42
9.53103	239.00	0	5.42
9.53578	240.00	0	5.42
9.54061	242.00	0	5.42
9.54534	245.00	0	5.42
9.55007	256.00	0	5.42
9.55588	325.00	1	5.42
9.56053	369.00	0	5.42
9.56527	394.00	0	5.42
9.57106	412.00	0	5.42
9.57575	419.00	0	5.40
9.58047	424.00	0	5.40
9.58516	424.00	0	5.40
9.59091	413.00	0	5.40
9.59555	395.00	0	5.40
9.60015	325.00	1	5.40
9.60593	260.00	0	5.40
9.61065	243.00	0	5.40
9.61536	236.00	0	5.40
9.62003	231.00	0	5.40
9.62576	228.00	0	5.40
9.63047	227.00	0	5.40
9.63514	229.00	0	5.40
9.64085	240.00	0	5.40
9.64555	267.00	1	5.40
9.65021	348.00	0	5.40
9.65592	404.00	0	5.40
9.66058	426.00	0	5.40
9.66526	441.00	0	5.40
9.67101	449.00	0	5.40
9.67512	449.00	0	5.40
9.68087	443.00	0	5.40
9.68555	431.00	0	5.40
9.69068	396.00	1	5.40
9.69539	295.00	0	5.40
9.70001	259.00	0	5.40
9.70583	246.00	0	5.40
9.71055	242.00	0	5.40
9.71549	239.00	0	5.40
9.72016	241.00	0	5.40
9.72513	240.00	0	5.40
9.73056	243.00	0	5.40
9.73566	250.00	0	5.40
9.74083	300.00	1	5.40
9.74580	355.00	0	5.40
9.75051	384.00	0	5.40
9.75538	403.00	0	5.40
9.76038	416.00	0	5.40
9.76552	419.00	0	5.40
9.77078	423.00	0	5.40
9.77579	418.00	0	5.40
9.78065	406.00	0	5.41
9.78582	355.00	1	5.41
9.79053	277.00	0	5.41
9.79537	250.00	0	5.41
9.80036	239.00	0	5.41
9.80524	233.00	0	5.41
9.81009	228.00	0	5.41
9.81593	225.00	0	5.41
9.82065	227.00	0	5.41
9.82543	232.00	0	5.41
9.83018	248.00	0	5.41
9.83601	323.00	1	5.41
9.84086	385.00	0	5.41
9.84583	418.00	0	5.41
9.85064	435.00	0	5.41
9.85545	446.00	0	5.41
9.86024	448.00	0	5.41
9.86512	445.00	0	5.41
9.87100	437.00	0	5.41
9.87576	419.00	0	5.41
9.88050	345.00	1	5.25
9.88522	272.00	0	5.25
9.89002	252.00	0	5.25
9.89576	245.00	0	5.25
9.90046	240.00	0	5.25
9.90518	238.00	0	5.25
9.91100	239.00	0	5.25
9.91571	241.00	0	5.25
9.92041	246.00	0	5.25
9.92507	259.00	0	5.25
9.93008	315.00	1	5.25
9.93584	371.00	0	5.25
9.94066	394.00	0	5.25
9.94542	410.00	0	5.25
9.95012	418.00	0	5.25
9.95582	424.00	0	5.25
9.96049	420.00	0	5.25
9.96565	412.00	0	5.25
9.97037	393.00	0	5.25
9.97547	307.00	1	5.25
9.98018	259.00	0	5.27
9.98589	241.00	0	5.27
9.99060	235.00	0	5.27
9.99569	228.00	0	5.27
10.00042	227.00	0	5.27
