2.00238	380.00	0	0.00
2.00370	375.00	0	0.00
2.00502	368.00	0	0.00
2.00629	365.00	0	0.00
2.00755	362.00	0	0.00
2.00882	356.00	0	0.00
2.01009	352.00	0	0.00
2.01142	350.00	0	0.00
2.01276	346.00	0	0.00
2.01407	343.00	0	0.00
2.01533	343.00	0	0.00
2.01662	342.00	0	0.00
2.01800	342.00	0	0.00
2.01926	341.00	0	0.00
2.02052	341.00	0	0.00
2.02180	342.00	0	0.00
2.02313	343.00	0	0.00
2.02445	343.00	0	0.00
2.02571	345.00	0	0.00
2.02702	346.00	0	0.00
2.02885	344.00	0	0.00
2.03021	341.00	0	0.00
2.03148	338.00	0	0.00
2.03331	333.00	0	0.00
2.03468	328.00	0	0.00
2.03596	325.00	0	0.00
2.03724	321.00	0	0.00
2.03861	322.00	0	0.00
2.03997	325.00	0	0.00
2.04124	331.00	0	0.00
2.04250	346.00	0	0.00
2.04434	364.00	1	0.00
2.04571	381.00	0	0.00
2.04699	401.00	0	0.00
2.04832	419.00	0	0.00
2.04995	439.00	0	0.00
2.05134	450.00	0	0.00
2.05260	465.00	0	0.00
2.05393	479.00	0	0.00
2.05531	491.00	0	0.00
2.05672	496.00	0	0.00
2.05811	504.00	0	0.00
2.05987	516.00	0	0.00
2.06156	521.00	0	0.00
2.06292	524.00	0	0.00
2.06421	528.00	0	0.00
2.06558	531.00	0	0.00
2.06698	536.00	0	0.00
2.06836	539.00	0	0.00
2.06969	544.00	0	0.00
2.07141	544.00	0	0.00
2.07302	547.00	0	0.00
2.07432	548.00	0	0.00
2.07559	552.00	0	0.00
2.07697	552.00	0	0.00
2.07849	553.00	0	0.00
2.07988	553.00	0	0.00
2.08115	554.00	0	0.00
2.08284	553.00	0	0.00
2.08424	547.00	0	0.00
2.08563	546.00	0	0.00
2.08699	538.00	0	0.00
2.08844	527.00	0	0.00
2.08981	516.00	0	0.00
2.09286	478.00	1	0.00
2.09429	459.00	0	0.00
2.09569	442.00	0	0.00
2.09699	424.00	0	0.00
2.09827	409.00	0	0.00
2.09956	399.00	0	0.00
2.10092	392.00	0	0.00
2.10234	384.00	0	0.00
2.10367	374.00	0	0.00
2.10506	363.00	0	0.00
2.10646	354.00	0	0.00
2.10787	348.00	0	0.00
2.10927	342.00	0	0.00
2.11057	339.00	0	0.00
2.11187	335.00	0	0.00
2.11322	334.00	0	0.00
2.11462	334.00	0	0.00
2.11599	336.00	0	0.00
2.11734	338.00	0	0.00
2.11871	339.00	0	0.00
2.12015	338.00	0	0.00
2.12149	348.00	0	0.00
2.12285	351.00	0	0.00
2.12419	355.00	0	0.00
2.12553	360.00	0	0.00
2.12681	366.00	0	0.00
2.12810	371.00	0	0.00
2.12944	376.00	0	0.00
2.13079	383.00	0	0.00
2.13219	388.00	0	0.00
2.13357	396.00	0	0.00
2.13492	404.00	0	0.00
2.13626	414.00	0	0.00
2.13753	420.00	0	0.00
2.13882	431.00	0	0.00
2.14016	445.00	1	0.00
2.14155	457.00	0	0.00
2.14292	468.00	0	0.00
2.14532	488.00	0	0.00
2.14782	500.00	0	0.00
2.15035	510.00	0	0.00
2.15284	517.00	0	0.00
2.15534	522.00	0	0.00
2.15781	524.00	0	0.00
2.16024	523.00	0	0.00
2.16274	526.00	0	0.00
2.16525	529.00	0	0.00
2.16773	535.00	0	0.00
2.17026	537.00	0	0.00
2.17282	541.00	0	0.00
2.17530	543.00	0	0.00
2.17780	549.00	0	0.00
2.18027	544.00	0	0.00
2.18272	534.00	0	0.00
2.18522	515.00	1	0.00
2.18771	480.00	0	0.00
2.19025	440.00	0	0.00
2.19278	406.00	0	0.00
2.19528	382.00	0	0.00
2.19769	371.00	0	0.00
2.20018	361.00	0	0.00
2.20269	354.00	0	0.00
2.20519	346.00	0	0.00
2.20774	342.00	0	0.00
2.21023	340.00	0	0.00
2.21274	339.00	0	0.00
2.21515	341.00	0	0.00
2.21768	341.00	0	0.00
2.22019	344.00	0	0.00
2.22268	339.00	0	0.00
2.22523	335.00	0	0.00
2.22772	328.00	0	0.00
2.23026	320.00	0	0.00
2.23278	320.00	0	0.00
2.23527	331.00	0	0.00
2.23780	357.00	1	0.00
2.24030	390.00	0	0.00
2.24282	422.00	0	0.00
2.24536	452.00	0	0.00
2.24792	475.00	0	0.00
2.25043	491.00	0	0.00
2.25285	505.00	0	0.00
2.25531	519.00	0	0.00
2.25781	523.00	0	0.00
2.26026	528.00	0	0.00
2.26272	535.00	0	0.00
2.26520	540.00	0	0.00
2.26770	544.00	0	0.00
2.27018	550.00	0	0.00
2.27271	549.00	0	0.00
2.27545	550.00	0	0.00
2.27827	546.00	0	0.00
2.28097	538.00	0	0.00
2.28364	518.00	1	0.00
2.28632	487.00	0	0.00
2.28920	452.00	0	0.00
2.29184	417.00	0	0.00
2.29457	393.00	0	0.00
2.29730	375.00	0	0.00
2.30017	356.00	0	0.00
2.30288	340.00	0	0.00
2.30563	334.00	0	0.00
2.30842	332.00	0	5.24
2.31130	335.00	0	5.24
2.31384	339.00	0	5.24
2.31630	345.00	0	5.24
2.31884	354.00	0	5.24
2.32132	364.00	1	5.24
2.32386	373.00	0	5.24
2.32629	384.00	0	5.24
2.32883	399.00	0	5.24
2.33242	424.00	0	5.24
2.33545	449.00	0	5.24
2.33808	469.00	0	5.24
2.34097	489.00	0	5.24
2.34355	499.00	0	5.24
2.34648	511.00	0	5.24
2.34918	519.00	0	5.24
2.35201	520.00	0	5.24
2.35474	512.00	0	5.24
2.35732	522.00	0	5.24
2.35994	524.00	0	5.24
2.36255	531.00	0	5.24
2.36517	537.00	0	5.24
2.36770	539.00	0	5.24
2.37036	542.00	0	5.24
2.37282	547.00	0	5.24
2.37535	543.00	0	5.24
2.37810	533.00	0	5.24
2.38082	510.00	1	5.24
2.38359	469.00	0	5.24
2.38610	430.00	0	5.24
2.38854	399.00	0	5.24
2.39104	381.00	0	5.24
2.39370	366.00	0	5.24
2.39639	358.00	0	5.24
2.39889	407.00	1	5.24
2.40160	342.00	1	5.24
2.40422	339.00	0	5.24
2.40705	337.00	0	5.24
2.40950	340.00	0	8.48
2.41199	340.00	0	8.48
2.41460	342.00	0	8.48
2.41715	341.00	0	8.48
2.41972	337.00	0	8.48
2.42225	328.00	0	8.48
2.42479	320.00	0	8.48
2.42731	318.00	0	8.48
2.42977	324.00	0	8.48
2.43232	346.00	1	8.48
2.43486	376.00	0	8.48
2.43733	405.00	0	8.48
2.43977	434.00	0	8.48
2.44227	457.00	0	8.48
2.44473	477.00	0	8.48
2.44723	493.00	0	8.48
2.44965	503.00	0	8.48
2.45213	513.00	0	8.48
2.45460	519.00	0	8.48
2.45707	529.00	0	8.48
2.45957	533.00	0	8.48
2.46205	538.00	0	8.48
2.46454	540.00	0	8.48
2.46706	546.00	0	8.48
2.46948	545.00	0	8.48
2.47200	549.00	0	8.48
2.47441	551.00	0	8.48
2.47688	549.00	0	8.48
2.47936	547.00	0	8.48
2.48179	541.00	0	8.48
2.48427	529.00	0	8.48
2.48674	507.00	1	8.48
2.48924	484.00	0	8.48
2.49195	449.00	0	8.48
2.49457	421.00	0	8.48
2.49704	399.00	0	8.48
2.49951	385.00	0	8.48
2.50200	371.00	0	8.48
2.50450	357.00	0	8.48
2.50708	346.00	0	8.48
2.50962	337.00	0	9.44
2.51219	334.00	0	9.44
2.51476	327.00	0	9.44
2.51726	328.00	0	9.44
2.51981	329.00	0	9.44
2.52235	332.00	0	9.44
2.52485	336.00	0	9.44
2.52738	341.00	0	9.44
2.52991	347.00	0	9.44
2.53239	353.00	0	9.44
2.53487	359.00	0	9.44
2.53742	367.00	0	9.44
2.53995	375.00	1	9.44
2.54244	384.00	0	9.44
2.54492	394.00	0	9.44
2.54743	404.00	0	9.44
2.55004	418.00	0	9.44
2.55252	432.00	0	9.44
2.55501	450.00	0	9.44
2.55752	467.00	0	9.44
2.56006	482.00	0	9.44
2.56257	494.00	0	9.44
2.56498	503.00	0	9.44
2.56762	512.00	0	9.44
2.57014	259.00	0	9.44
2.57149	520.00	0	9.44
2.57285	523.00	0	9.44
2.57543	526.00	0	9.44
2.57797	527.00	0	9.44
2.58049	525.00	0	9.44
2.58312	528.00	0	9.44
2.58563	527.00	0	9.44
2.58815	527.00	0	9.44
2.59067	531.00	0	9.44
2.59308	534.00	0	9.44
2.59558	538.00	0	9.44
2.59809	539.00	0	9.44
2.60059	542.00	0	9.44
2.60310	545.00	0	9.44
2.60554	544.00	0	9.44
2.60805	544.00	0	9.44
2.61066	545.00	0	7.09
2.61323	541.00	0	7.09
2.61574	537.00	0	7.09
2.61827	527.00	0	7.09
2.62073	510.00	1	7.09
2.62318	484.00	0	7.09
2.62581	457.00	0	7.09
2.62825	428.00	0	7.09
2.63082	403.00	0	7.09
2.63332	383.00	0	7.09
2.63580	371.00	0	7.09
2.63840	361.00	0	7.09
2.64092	356.00	0	7.09
2.64340	349.00	0	7.09
2.64620	343.00	0	7.09
2.64887	338.00	0	7.09
2.65137	336.00	0	7.09
2.65417	333.00	0	7.09
2.65673	334.00	0	7.09
2.65962	335.00	0	7.09
2.66242	336.00	0	7.09
2.66513	338.00	0	7.09
2.66788	337.00	0	7.09
2.67070	335.00	0	7.09
2.67352	330.00	0	7.09
2.67611	322.00	0	7.09
2.67866	317.00	0	7.09
2.68131	316.00	0	7.09
2.68409	322.00	0	7.09
2.68689	343.00	1	7.09
2.68952	371.00	0	7.09
2.69201	399.00	0	7.09
2.69457	430.00	0	7.09
2.69716	456.00	0	7.09
2.69976	474.00	0	7.09
2.70231	492.00	0	7.09
2.70491	507.00	0	7.09
2.70736	516.00	0	7.09
2.70994	522.00	0	7.09
2.71255	529.00	0	3.93
2.71504	532.00	0	3.93
2.71768	537.00	0	3.93
2.72019	545.00	0	3.93
2.72276	544.00	0	3.93
2.72533	550.00	0	3.93
2.72790	550.00	0	3.93
2.73053	548.00	0	3.93
2.73317	545.00	0	3.93
2.73575	537.00	0	3.93
2.73844	514.00	1	3.93
2.74106	480.00	0	3.93
2.74363	446.00	0	3.93
2.74625	417.00	0	3.93
2.74881	391.00	0	3.93
2.75128	376.00	0	3.93
2.75384	358.00	0	3.93
2.75628	344.00	0	3.93
2.75890	334.00	0	3.93
2.76152	330.00	0	3.93
2.76416	330.00	0	3.93
2.76675	333.00	0	3.93
2.76929	338.00	0	3.93
2.77208	344.00	0	3.93
2.77482	358.00	1	3.93
2.77768	367.00	0	3.93
2.78036	606.00	0	3.93
2.78197	387.00	0	3.93
2.78352	393.00	0	3.93
2.78609	408.00	0	3.93
2.78905	430.00	0	3.93
2.79181	454.00	0	3.93
2.79467	477.00	0	3.93
2.79746	495.00	0	3.93
2.80034	505.00	0	3.93
2.80321	516.00	0	3.93
2.80618	519.00	0	3.93
2.80885	516.00	0	3.93
2.81167	522.00	0	3.93
2.81448	524.00	0	4.26
2.81726	533.00	0	4.26
2.81983	533.00	0	4.26
2.82242	538.00	0	4.26
2.82492	538.00	0	4.26
2.82740	542.00	0	4.26
2.82999	539.00	0	4.26
2.83246	531.00	0	4.26
2.83497	512.00	1	4.26
2.83745	476.00	0	4.26
2.83993	432.00	0	4.26
2.84250	396.00	0	4.26
2.84511	376.00	0	4.26
2.84770	363.00	0	4.26
2.85038	354.00	0	4.26
2.85297	346.00	0	4.26
2.85541	337.00	0	4.26
2.85800	336.00	0	4.26
2.86049	335.00	0	4.26
2.86307	336.00	0	4.26
2.86556	336.00	0	4.26
2.86807	338.00	0	4.26
2.87064	340.00	0	4.26
2.87316	336.00	0	4.26
2.87571	330.00	0	4.26
2.87826	323.00	0	4.26
2.88081	316.00	0	4.26
2.88329	159.00	0	4.26
2.88467	324.00	0	4.26
2.88604	336.00	0	4.26
2.88849	361.00	1	4.26
2.89097	391.00	0	4.26
2.89350	423.00	0	4.26
2.89595	452.00	0	4.26
2.89861	475.00	0	4.26
2.90114	491.00	0	4.26
2.90368	506.00	0	4.26
2.90623	518.00	0	4.26
2.90875	523.00	0	4.26
2.91131	529.00	0	4.26
2.91395	534.00	0	4.26
2.91653	541.00	0	4.96
2.91911	543.00	0	4.96
2.92160	548.00	0	4.96
2.92407	547.00	0	4.96
2.92663	545.00	0	4.96
2.92920	537.00	0	4.96
2.93173	526.00	0	4.96
2.93429	497.00	1	4.96
2.93682	462.00	0	4.96
2.93930	431.00	0	4.96
2.94181	401.00	0	4.96
2.94438	382.00	0	4.96
2.94687	475.00	0	4.96
2.94828	357.00	0	4.96
2.94966	348.00	0	4.96
2.95216	335.00	0	4.96
2.95468	330.00	0	4.96
2.95720	326.00	0	4.96
2.95971	328.00	0	4.96
2.96217	332.00	0	4.96
2.96466	338.00	0	4.96
2.96748	346.00	0	4.96
2.97006	356.00	1	4.96
2.97259	364.00	0	4.96
2.97512	375.00	0	4.96
2.97769	388.00	0	4.96
2.98018	405.00	0	4.96
2.98267	419.00	0	4.96
2.98515	442.00	0	4.96
2.98761	465.00	0	4.96
2.99020	485.00	0	4.96
2.99270	497.00	0	4.96
2.99522	508.00	0	4.96
2.99778	516.00	0	4.96
3.00027	516.00	0	4.96
3.00278	517.00	0	4.96
3.00530	519.00	0	4.96
3.00784	521.00	0	4.96
3.01036	525.00	0	4.96
3.01284	531.00	0	4.96
3.01534	515.00	0	4.96
3.01802	538.00	0	5.12
3.02058	539.00	0	5.12
3.02366	537.00	0	5.12
3.02637	525.00	0	5.12
3.02921	493.00	1	5.12
3.03209	446.00	0	5.12
3.03491	404.00	0	5.12
3.03763	377.00	0	5.12
3.04041	366.00	0	5.12
3.04308	354.00	0	5.12
3.04619	344.00	0	5.12
3.04919	337.00	0	5.12
3.05181	335.00	0	5.12
3.05460	333.00	0	5.12
3.05732	335.00	0	5.12
3.06021	338.00	0	5.12
3.06297	339.00	0	5.12
3.06567	337.00	0	5.12
3.06839	332.00	0	5.12
3.07138	322.00	0	5.12
3.07412	316.00	0	5.12
3.07685	318.00	0	5.12
3.07957	338.00	0	5.12
3.08249	370.00	1	5.12
3.08523	406.00	0	5.12
3.08809	441.00	0	5.12
3.09080	469.00	0	5.12
3.09365	486.00	0	5.12
3.09646	505.00	0	5.12
3.09937	516.00	0	5.12
3.10210	524.00	0	5.12
3.10489	528.00	0	5.12
3.10760	540.00	0	5.12
3.11044	541.00	0	5.12
3.11314	546.00	0	5.12
3.11629	547.00	0	5.12
3.11914	544.00	0	5.15
3.12181	540.00	0	5.15
3.12468	520.00	1	5.15
3.12740	494.00	0	5.15
3.13038	454.00	0	5.15
3.13316	421.00	0	5.15
3.13587	393.00	0	5.15
3.13866	375.00	0	5.15
3.14154	356.00	0	5.15
3.14417	340.00	0	5.15
3.14725	334.00	0	5.15
3.15008	326.00	0	5.15
3.15270	327.00	0	5.15
3.15555	331.00	0	5.15
3.15828	337.00	0	5.15
3.16117	346.00	0	5.15
3.16385	356.00	1	5.15
3.16672	368.00	0	5.15
3.16948	379.00	0	5.15
3.17236	395.00	0	5.15
3.17511	414.00	0	5.15
3.17800	442.00	0	5.15
3.18116	465.00	0	5.15
3.18378	486.00	0	5.15
3.18647	501.00	0	5.15
3.18936	509.00	0	5.15
3.19197	515.00	0	5.15
3.19451	517.00	0	5.15
3.19839	521.00	0	5.15
3.20118	522.00	0	5.15
3.20408	528.00	0	5.15
3.20678	533.00	0	5.15
3.20971	535.00	0	5.15
3.21276	537.00	0	5.15
3.21531	538.00	0	5.15
3.21781	533.00	0	5.15
3.22116	510.00	1	5.16
3.22369	473.00	0	5.16
3.22618	432.00	0	5.16
3.22882	398.00	0	5.16
3.23136	375.00	0	5.16
3.23396	363.00	0	5.16
3.23650	353.00	0	5.16
3.23902	347.00	0	5.16
3.24154	340.00	0	5.16
3.24411	335.00	0	5.16
3.24669	333.00	0	5.16
3.24929	332.00	0	5.16
3.25180	333.00	0	5.16
3.25427	334.00	0	5.16
3.25679	336.00	0	5.16
3.25933	336.00	0	5.16
3.26238	328.00	0	5.16
3.26494	321.00	0	5.16
3.26757	313.00	0	5.16
3.27015	317.00	0	5.16
3.27268	331.00	0	5.16
3.27520	358.00	1	5.16
3.27768	391.00	0	5.16
3.28025	423.00	0	5.16
3.28284	454.00	0	5.16
3.28536	476.00	0	5.16
3.28801	494.00	0	5.16
3.29053	506.00	0	5.16
3.29302	516.00	0	5.16
3.29561	524.00	0	5.16
3.29817	529.00	0	5.16
3.30073	535.00	0	5.16
3.30327	538.00	0	5.16
3.30586	542.00	0	5.16
3.30839	545.00	0	5.16
3.31094	547.00	0	5.16
3.31345	541.00	0	5.16
3.31596	532.00	0	5.16
3.31848	516.00	1	5.16
3.32093	491.00	0	5.16
3.32350	456.00	0	5.16
3.32612	423.00	0	5.16
3.32865	398.00	0	5.16
3.33125	379.00	0	5.16
3.33369	361.00	0	5.16
3.33617	347.00	0	5.16
3.33874	335.00	0	5.16
3.34126	330.00	0	5.16
3.34381	326.00	0	5.16
3.34636	327.00	0	5.16
3.34886	331.00	0	5.16
3.35138	337.00	0	5.16
3.35397	345.00	0	5.16
3.35651	354.00	1	5.16
3.35909	364.00	0	5.16
3.36160	373.00	0	5.16
3.36405	385.00	0	5.16
3.36651	401.00	0	5.16
3.36904	417.00	0	5.16
3.37159	440.00	0	5.16
3.37415	462.00	0	5.16
3.37664	482.00	0	5.16
3.37911	500.00	0	5.16
3.38233	511.00	0	5.16
3.38486	514.00	0	5.16
3.38829	519.00	0	5.16
3.39084	517.00	0	5.16
3.39425	522.00	0	5.16
3.39678	526.00	0	5.16
3.40032	533.00	0	5.16
3.40286	536.00	0	5.16
3.40621	535.00	0	5.16
3.40885	537.00	0	5.16
3.41149	531.00	0	5.16
3.41411	518.00	0	5.16
3.41677	485.00	1	5.16
3.41941	446.00	0	5.16
3.42196	410.00	0	5.11
3.42446	382.00	0	5.11
3.42704	366.00	0	5.11
3.42961	356.00	0	5.11
3.43221	348.00	0	5.11
3.43477	342.00	0	5.11
3.43725	336.00	0	5.11
3.43987	333.00	0	5.11
3.44259	334.00	0	5.11
3.44516	334.00	0	5.11
3.44779	335.00	0	5.11
3.45037	333.00	0	5.11
3.45296	336.00	0	5.11
3.45557	330.00	0	5.11
3.45822	321.00	0	5.11
3.46077	316.00	0	5.11
3.46339	316.00	0	5.11
3.46596	332.00	0	5.11
3.46865	362.00	1	5.11
3.47137	397.00	0	5.11
3.47404	433.00	0	5.11
3.47707	461.00	0	5.11
3.47964	482.00	0	5.11
3.48268	497.00	0	5.11
3.48526	510.00	0	5.11
3.48815	521.00	0	5.11
3.49092	528.00	0	5.11
3.49381	533.00	0	5.11
3.49641	537.00	0	5.11
3.49900	539.00	0	5.11
3.50156	544.00	0	5.11
3.50415	543.00	0	5.11
3.50672	541.00	0	5.11
3.50938	535.00	0	5.11
3.51194	521.00	0	5.11
3.51444	503.00	1	5.11
3.51701	468.00	0	5.11
3.51964	434.00	0	5.11
3.52236	402.00	0	5.10
3.52490	382.00	0	5.10
3.52737	367.00	0	5.10
3.52998	349.00	0	5.10
3.53259	335.00	0	5.10
3.53534	329.00	0	5.10
3.53791	327.00	0	5.10
3.54040	329.00	0	5.10
3.54305	332.00	0	5.10
3.54559	339.00	0	5.10
3.54805	346.00	0	5.10
3.55079	358.00	1	5.10
3.55330	368.00	0	5.10
3.55585	372.00	0	5.10
3.55838	393.00	0	5.10
3.56093	409.00	0	5.10
3.56355	431.00	0	5.10
3.56618	453.00	0	5.10
3.56879	474.00	0	5.10
3.57146	489.00	0	5.10
3.57403	503.00	0	5.10
3.57654	511.00	0	5.10
3.57912	514.00	0	5.10
3.58174	516.00	0	5.10
3.58435	520.00	0	5.10
3.58691	521.00	0	5.10
3.58939	525.00	0	5.10
3.59209	530.00	0	5.10
3.59470	532.00	0	5.10
3.59732	536.00	0	5.10
3.60038	538.00	0	5.10
3.60313	536.00	0	5.10
3.60571	524.00	0	5.10
3.60831	509.00	1	5.10
3.61096	473.00	0	5.10
3.61361	429.00	0	5.10
3.61619	393.00	0	5.10
3.61875	374.00	0	5.10
3.62139	362.00	0	5.10
3.62413	353.00	0	5.22
3.62673	345.00	0	5.22
3.62932	334.00	0	5.22
3.63187	333.00	0	5.22
3.63449	332.00	0	5.22
3.63707	333.00	0	5.22
3.63966	335.00	0	5.22
3.64224	336.00	0	5.22
3.64478	337.00	0	5.22
3.64740	335.00	0	5.22
3.64997	325.00	0	5.22
3.65246	318.00	0	5.22
3.65502	313.00	0	5.22
3.65755	320.00	0	5.22
3.66007	341.00	1	5.22
3.66265	373.00	0	5.22
3.66524	408.00	0	5.22
3.66779	440.00	0	5.22
3.67041	463.00	0	5.22
3.67301	482.00	0	5.22
3.67554	497.00	0	5.22
3.67809	511.00	0	5.22
3.68066	518.00	0	5.22
3.68329	525.00	0	5.22
3.68593	530.00	0	5.22
3.68853	536.00	0	5.22
3.69111	539.00	0	5.22
3.69365	542.00	0	5.22
3.69621	543.00	0	5.22
3.69879	543.00	0	5.22
3.70135	539.00	0	5.22
3.70389	530.00	0	5.22
3.70636	514.00	1	5.22
3.70900	482.00	0	5.22
3.71156	447.00	0	5.22
3.71418	415.00	0	5.22
3.71770	381.00	0	5.22
3.72124	359.00	0	5.22
3.72473	338.00	0	5.22
3.72829	327.00	0	5.21
3.73172	326.00	0	5.21
3.73535	330.00	0	5.21
3.73879	338.00	0	5.21
3.74231	352.00	1	5.21
3.74575	364.00	0	5.21
3.74933	379.00	0	5.21
3.75291	403.00	0	5.21
3.75666	432.00	0	5.21
3.76087	468.00	0	5.21
3.76431	491.00	0	5.21
3.76770	504.00	0	5.21
3.77117	512.00	0	5.21
3.77457	515.00	0	5.21
3.77805	518.00	0	5.21
3.78140	520.00	0	5.21
3.78473	526.00	0	5.21
3.78830	533.00	0	5.21
3.79174	535.00	0	5.21
3.79517	537.00	0	5.21
3.79858	533.00	0	5.21
3.80199	512.00	1	5.21
3.80532	462.00	0	5.21
3.80883	409.00	0	5.21
3.81219	376.00	0	5.21
3.81572	356.00	0	5.21
3.81836	349.00	0	5.21
3.82095	340.00	0	5.21
3.82355	335.00	0	5.21
3.82612	331.00	0	5.21
3.82865	329.00	0	5.16
3.83120	331.00	0	5.16
3.83372	334.00	0	5.16
3.83621	333.00	0	5.16
3.83873	335.00	0	5.16
3.84148	329.00	0	5.16
3.84434	318.00	0	5.16
3.84713	312.00	0	5.16
3.85024	317.00	0	5.16
3.85300	339.00	0	5.16
3.85569	371.00	1	5.16
3.85845	407.00	0	5.16
3.86129	440.00	0	5.16
3.86403	466.00	0	5.16
3.86676	483.00	0	5.16
3.86950	497.00	0	5.16
3.87239	512.00	0	5.16
3.87511	519.00	0	5.16
3.87781	525.00	0	5.16
3.88058	531.00	0	5.16
3.88341	536.00	0	5.16
3.88614	538.00	0	5.16
3.88898	541.00	0	5.16
3.89168	543.00	0	5.16
3.89449	539.00	0	5.16
3.89717	528.00	0	5.16
3.90029	506.00	1	5.16
3.90337	468.00	0	5.16
3.90620	430.00	0	5.16
3.90900	398.00	0	5.16
3.91169	376.00	0	5.16
3.91459	359.00	0	5.16
3.91731	341.00	0	5.16
3.92014	330.00	0	5.16
3.92298	329.00	0	5.16
3.92578	325.00	0	5.16
3.92853	327.00	0	5.16
3.93142	336.00	0	5.16
3.93413	345.00	0	5.16
3.93687	354.00	1	5.16
3.93961	368.00	0	5.16
3.94245	379.00	0	5.16
3.94521	395.00	0	5.16
3.94837	417.00	0	5.16
3.95114	439.00	0	5.16
3.95375	463.00	0	5.16
3.95656	483.00	0	5.16
3.95930	498.00	0	5.16
3.96289	509.00	0	5.16
3.96552	510.00	0	5.16
3.96815	514.00	0	5.16
3.97074	514.00	0	5.16
3.97335	518.00	0	5.16
3.97593	521.00	0	5.16
3.97852	526.00	0	5.16
3.98107	530.00	0	5.16
3.98358	533.00	0	5.16
3.98623	536.00	0	5.16
3.98873	536.00	0	5.16
3.99128	532.00	0	5.16
3.99597	496.00	1	5.16
4.00082	422.00	0	5.16
4.00551	371.00	0	5.16
4.01018	352.00	0	5.16
4.01593	335.00	0	5.16
4.02064	330.00	0	5.16
4.02533	333.00	0	5.16
4.03006	334.00	0	5.16
4.03578	325.00	0	5.16
4.04049	313.00	0	5.16
4.04514	328.00	0	5.16
4.05091	395.00	1	5.16
4.05571	451.00	0	5.16
4.06042	484.00	0	5.16
4.06511	509.00	0	5.16
4.07084	526.00	0	5.16
4.07548	535.00	0	5.16
4.08016	542.00	0	5.16
4.08592	539.00	0	5.16
4.09068	524.00	0	5.16
4.09532	477.00	1	5.16
4.10103	403.00	0	5.16
4.10584	365.00	0	5.16
4.11053	335.00	0	5.16
4.11517	325.00	0	5.16
4.12092	328.00	0	5.16
4.12557	338.00	0	5.16
4.13023	355.00	0	5.13
4.13593	414.00	1	5.13
4.14077	385.00	0	5.13
4.14551	450.00	0	5.13
4.15017	483.00	0	5.13
4.15593	506.00	0	5.13
4.16062	512.00	0	5.13
4.16531	515.00	0	5.13
4.17102	525.00	0	5.13
4.17578	533.00	0	5.13
4.18050	533.00	0	5.13
4.18516	522.00	0	5.13
4.19088	441.00	1	5.13
4.19557	379.00	0	5.13
4.20026	353.00	0	5.13
4.20605	336.00	0	5.13
4.21085	329.00	0	5.13
4.21551	331.00	0	5.13
4.22017	332.00	0	5.13
4.22592	326.00	0	5.13
4.23058	313.00	0	5.13
4.23527	316.00	0	5.13
4.24001	364.00	1	5.13
4.24590	436.00	0	5.13
4.25056	478.00	0	5.13
4.25519	503.00	0	5.13
4.26088	520.00	0	5.13
4.26564	531.00	0	5.13
4.27032	538.00	0	5.13
4.27607	542.00	0	5.13
4.28093	526.00	0	5.13
4.28561	482.00	1	5.13
4.29024	419.00	0	5.13
4.29593	369.00	0	5.13
4.30060	339.00	0	5.13
4.30538	323.00	0	5.13
4.31004	322.00	0	5.13
4.31578	335.00	0	5.13
4.32045	350.00	0	5.13
4.32506	369.00	1	5.13
4.33075	400.00	0	5.29
4.33546	440.00	0	5.29
4.34020	482.00	0	5.29
4.34602	505.00	0	5.29
4.35071	511.00	0	5.29
4.35550	518.00	0	5.29
4.36022	525.00	0	5.29
4.36605	532.00	0	5.29
4.37080	531.00	0	5.29
4.37550	517.00	0	5.29
4.38026	446.00	1	5.29
4.38516	380.00	0	5.29
4.39103	351.00	0	5.29
4.39572	336.00	0	5.29
4.40061	329.00	0	5.29
4.40546	329.00	0	5.29
4.41015	333.00	0	5.29
4.41500	330.00	0	5.29
4.42075	315.00	0	5.29
4.42566	323.00	0	5.29
4.43057	378.00	1	5.29
4.43552	444.00	0	5.25
4.44039	485.00	0	5.25
4.44549	508.00	0	5.25
4.45020	524.00	0	5.25
4.45599	536.00	0	5.25
4.46065	542.00	0	5.25
4.46573	541.00	0	5.25
4.47067	520.00	0	5.25
4.47557	463.00	1	5.25
4.48059	400.00	0	5.25
4.48563	366.00	0	5.25
4.49040	338.00	0	5.25
4.49507	325.00	0	5.25
4.50003	329.00	0	5.25
4.50505	337.00	0	5.25
4.51086	358.00	0	5.25
4.51562	382.00	1	5.25
4.52034	414.00	0	5.25
4.52517	456.00	0	5.25
4.53090	493.00	0	5.25
4.53579	509.00	0	5.25
4.54045	511.00	0	5.25
4.54538	518.00	0	5.25
4.55107	528.00	0	5.25
4.55581	533.00	0	5.25
4.56063	529.00	0	5.25
4.56556	492.00	1	5.25
4.57026	417.00	0	5.25
4.57533	366.00	0	5.25
4.58052	344.00	0	5.25
4.58558	334.00	0	5.25
4.59083	330.00	0	5.25
4.59567	331.00	0	5.25
4.60041	333.00	0	5.25
4.60537	322.00	0	5.25
4.61012	310.00	0	5.25
4.61600	346.00	0	5.25
4.62086	410.00	1	5.25
4.62585	465.00	0	5.25
4.63074	497.00	0	5.25
4.63553	517.00	0	5.26
4.64040	529.00	0	5.26
4.64523	536.00	0	5.26
4.65010	541.00	0	5.26
4.65588	530.00	0	5.26
4.66060	489.00	1	5.26
4.66573	423.00	0	5.26
4.67052	376.00	0	5.26
4.67520	348.00	0	5.26
4.68101	325.00	0	5.26
4.68567	324.00	0	5.26
4.69057	335.00	0	5.26
4.69535	351.00	0	5.26
4.70015	370.00	1	5.26
4.70508	401.00	0	5.26
4.71099	454.00	0	5.26
4.71578	488.00	0	5.26
4.72071	508.00	0	5.26
4.72543	513.00	0	5.26
4.73014	515.00	0	5.26
4.73600	528.00	0	5.42
4.74067	534.00	0	5.42
4.74558	532.00	0	5.42
4.75013	508.00	0	5.42
4.75601	417.00	0	5.42
4.76071	368.00	1	5.42
4.76552	349.00	0	5.42
4.77021	335.00	0	5.42
4.77597	330.00	0	5.42
4.78069	332.00	0	5.42
4.78546	334.00	0	5.42
4.79014	325.00	0	5.42
4.79592	312.00	0	5.42
4.80073	349.00	0	5.42
4.80567	415.00	1	5.42
4.81057	471.00	0	5.42
4.81517	497.00	0	5.42
4.82092	518.00	0	5.42
4.82557	528.00	0	5.42
4.83043	537.00	0	5.42
4.83565	542.00	0	5.41
4.84016	533.00	0	5.41
4.84533	489.00	1	5.41
4.85082	419.00	0	5.41
4.85583	376.00	0	5.41
4.86001	349.00	0	5.41
4.86514	329.00	0	5.41
4.87108	328.00	0	5.41
4.87573	339.00	0	5.41
4.88035	356.00	0	5.41
4.88518	375.00	1	5.41
4.89086	416.00	0	5.41
4.89570	458.00	0	5.41
4.90044	492.00	0	5.41
4.90514	510.00	0	5.41
4.91099	513.00	0	5.41
4.91583	518.00	0	5.41
4.92068	528.00	0	5.41
4.92550	536.00	0	5.41
4.93012	536.00	0	5.41
4.93507	521.00	0	5.41
4.94008	455.00	1	5.40
4.94599	381.00	0	5.40
4.95099	357.00	0	5.40
4.95585	343.00	0	5.40
4.96065	337.00	0	5.40
4.96603	339.00	0	5.40
4.97084	343.00	0	5.40
4.97572	332.00	0	5.40
4.98071	318.00	0	5.40
4.98547	342.00	0	5.40
4.99033	405.00	1	5.40
4.99523	462.00	0	5.40
5.00020	497.00	0	5.40
5.00605	522.00	0	5.40
5.01090	534.00	0	5.40
5.01556	544.00	0	5.40
5.02023	550.00	0	5.40
5.02597	548.00	0	5.40
5.03073	521.00	0	5.40
5.03561	466.00	1	5.40
5.04053	406.00	0	5.26
5.04537	379.00	0	5.26
5.05011	352.00	0	5.26
5.05582	350.00	0	5.26
5.06063	361.00	0	5.26
5.06554	384.00	0	5.26
5.07047	412.00	1	5.26
5.07527	446.00	0	5.26
5.08037	481.00	0	5.26
5.08510	508.00	0	5.26
5.09103	515.00	0	5.26
5.09562	524.00	0	5.26
5.10061	531.00	0	5.26
5.10567	543.00	0	5.26
5.11036	550.00	0	5.26
5.11510	552.00	0	5.26
5.12011	541.00	0	5.26
5.12605	467.00	1	5.26
5.13076	410.00	0	5.26
5.13554	384.00	0	5.26
5.14028	368.00	0	5.38
5.14504	358.00	0	5.38
5.15088	360.00	0	5.38
5.15555	364.00	0	5.38
5.16034	356.00	0	5.38
5.16501	335.00	0	5.38
5.17078	350.00	0	5.38
5.17544	409.00	1	5.38
5.18010	464.00	0	5.38
5.18583	507.00	0	5.38
5.19048	528.00	0	5.38
5.19513	545.00	0	5.38
5.20093	558.00	0	5.38
5.20566	568.00	0	5.38
5.21035	565.00	0	5.38
5.21504	546.00	0	5.38
5.22085	482.00	1	5.38
5.22551	430.00	0	5.38
5.23012	398.00	0	5.38
5.23591	362.00	0	5.38
5.24062	362.00	0	5.40
5.24540	369.00	0	5.40
5.25005	387.00	0	5.40
5.25584	420.00	1	5.40
5.26063	449.00	0	5.40
5.26530	481.00	0	5.40
5.27102	512.00	0	5.40
5.27574	523.00	0	5.40
5.28040	533.00	0	5.40
5.28506	538.00	0	5.40
5.29083	547.00	0	5.40
5.29556	555.00	0	5.40
5.30036	561.00	0	5.40
5.30504	561.00	0	5.40
5.31071	523.00	0	5.40
5.31537	454.00	1	5.40
5.32010	408.00	0	5.40
5.32593	384.00	0	5.40
5.33057	369.00	0	5.40
5.33527	366.00	0	5.40
5.34105	370.00	0	5.28
5.34578	369.00	0	5.28
5.35052	353.00	0	5.28
5.35520	339.00	0	5.28
5.36106	379.00	0	5.28
5.36575	435.00	1	5.28
5.37042	486.00	0	5.28
5.37514	516.00	0	5.28
5.38088	537.00	0	5.28
5.38558	553.00	0	5.28
5.39018	566.00	0	5.28
5.39589	572.00	0	5.28
5.40064	570.00	0	5.28
5.40536	543.00	0	5.28
5.41003	489.00	1	5.28
5.41583	427.00	0	5.28
5.42059	391.00	0	5.28
5.42542	365.00	0	5.28
5.43006	360.00	0	5.28
5.43585	375.00	0	5.28
5.44053	395.00	0	5.29
5.44511	418.00	1	5.29
5.45090	454.00	0	5.29
5.45555	485.00	0	5.29
5.46034	511.00	0	5.29
5.46501	529.00	0	5.29
5.47080	536.00	0	5.29
5.47554	539.00	0	5.29
5.48030	547.00	0	5.29
5.48607	557.00	0	5.29
5.49080	564.00	0	5.29
5.49553	557.00	0	5.29
5.50024	519.00	1	5.29
5.50604	433.00	0	5.29
5.51076	398.00	0	5.29
5.51547	383.00	0	5.29
5.52019	369.00	0	5.29
5.52597	367.00	0	5.29
5.53066	370.00	0	5.29
5.53536	366.00	0	5.29
5.54009	352.00	0	5.29
5.54589	343.00	0	5.41
5.55057	380.00	0	5.41
5.55526	440.00	1	5.41
5.56104	495.00	0	5.41
5.56569	526.00	0	5.41
5.57039	540.00	0	5.41
5.57504	554.00	0	5.41
5.58083	568.00	0	5.41
5.58552	572.00	0	5.41
5.59018	565.00	0	5.41
5.59616	515.00	1	5.41
5.60089	459.00	0	5.41
5.60565	414.00	0	5.41
5.61027	383.00	0	5.41
5.61606	360.00	0	5.41
5.62070	357.00	0	5.41
5.62535	372.00	0	5.41
5.63002	394.00	1	5.41
5.63578	421.00	0	5.41
5.64045	451.00	0	5.41
5.64510	481.00	0	5.41
5.65074	514.00	0	5.41
5.65561	529.00	0	5.41
5.66066	532.00	0	5.41
5.66546	539.00	0	5.41
5.67028	548.00	0	5.41
5.67511	559.00	0	5.41
5.68099	565.00	0	5.41
5.68584	554.00	0	5.41
5.69045	511.00	1	5.41
5.69531	437.00	0	5.41
5.70026	403.00	0	5.41
5.70509	384.00	0	5.41
5.71078	368.00	0	5.41
5.71560	365.00	0	5.41
5.72023	368.00	0	5.41
5.72508	368.00	0	5.41
5.73815	352.00	0	5.41
5.74086	376.00	0	5.41
5.74361	410.00	1	5.26
5.74632	444.00	0	5.26
5.75008	483.00	0	5.26
5.75508	518.00	0	5.26
5.76008	536.00	0	5.26
5.76504	552.00	0	5.26
5.77004	566.00	0	5.26
5.77505	572.00	0	5.26
5.78109	564.00	0	5.26
5.78598	529.00	1	5.26
5.79084	471.00	0	5.26
5.79576	422.00	0	5.26
5.80076	390.00	0	5.26
5.80566	364.00	0	5.26
5.81051	359.00	0	5.26
5.81546	367.00	0	5.26
5.82042	387.00	0	5.26
5.82535	413.00	1	5.26
5.83031	442.00	0	5.26
5.83518	472.00	0	5.26
5.84026	508.00	0	5.26
5.84535	524.00	0	5.12
5.85035	532.00	0	5.12
5.85527	537.00	0	5.12
5.86023	545.00	0	5.12
5.86513	553.00	0	5.12
5.87012	563.00	0	5.12
5.87504	560.00	0	5.12
5.88097	518.00	1	5.12
5.88586	449.00	0	5.12
5.89088	395.00	0	5.12
5.89503	389.00	0	5.12
5.90026	373.00	0	5.12
5.90534	363.00	0	5.12
5.91024	364.00	0	5.12
5.91546	368.00	0	5.12
5.92070	356.00	0	5.12
5.92601	338.00	0	5.12
5.93016	353.00	0	5.12
5.93503	410.00	1	5.12
5.94013	475.00	0	5.12
5.94606	516.00	0	5.22
5.95019	533.00	0	5.22
5.95506	549.00	0	5.22
5.96096	563.00	0	5.22
5.96587	571.00	0	5.22
5.97088	566.00	0	5.22
5.97596	544.00	0	5.22
5.98113	486.00	1	5.22
5.98500	443.00	0	5.22
5.99001	410.00	0	5.22
5.99578	369.00	0	5.22
6.00056	359.00	0	5.22
6.00525	363.00	0	5.22
6.01103	380.00	0	5.22
6.01568	407.00	1	5.22
6.02063	434.00	0	5.22
6.02547	462.00	0	5.22
6.03014	494.00	0	5.22
6.03593	522.00	0	5.22
6.04062	532.00	0	5.22
6.04557	534.00	0	5.25
6.05036	535.00	0	5.25
6.05506	551.00	0	5.25
6.06105	565.00	0	5.25
6.06590	560.00	0	5.25
6.07056	550.00	0	5.25
6.07529	498.00	1	5.25
6.08104	426.00	0	5.25
6.08595	397.00	0	5.25
6.09082	379.00	0	5.25
6.09566	367.00	0	5.25
6.10045	361.00	0	5.25
6.10536	364.00	0	5.25
6.11101	365.00	0	5.25
6.11585	345.00	0	5.25
6.12051	341.00	0	5.25
6.12539	385.00	0	5.25
6.13003	443.00	1	5.25
6.13580	496.00	0	5.25
6.14052	525.00	0	5.25
6.14546	543.00	0	5.25
6.15031	553.00	0	5.13
6.15504	565.00	0	5.13
6.16071	573.00	0	5.13
6.16535	566.00	0	5.13
6.17026	540.00	0	5.13
6.17508	486.00	1	5.13
6.18091	426.00	0	5.13
6.18584	391.00	0	5.13
6.19068	369.00	0	5.13
6.19556	357.00	0	5.13
6.20047	368.00	0	5.13
6.20537	386.00	0	5.13
6.21017	413.00	1	5.13
6.21501	439.00	0	5.13
6.22104	477.00	0	5.13
6.22588	508.00	0	5.13
6.23047	524.00	0	5.13
6.23524	532.00	0	5.13
6.24097	538.00	0	5.13
6.24564	544.00	0	5.13
6.25070	557.00	0	5.14
6.25563	562.00	0	5.14
6.26043	560.00	0	5.14
6.26534	535.00	0	5.14
6.27099	453.00	1	5.14
6.27589	408.00	0	5.14
6.28072	388.00	0	5.14
6.28557	372.00	0	5.14
6.29021	366.00	0	5.14
6.29502	366.00	0	5.14
6.30076	369.00	0	5.14
6.30572	352.00	0	5.14
6.31073	338.00	0	5.14
6.31557	369.00	0	5.14
6.32026	428.00	1	5.14
6.32505	482.00	0	5.14
6.33080	520.00	0	5.14
6.33572	537.00	0	5.14
6.34004	552.00	0	5.14
6.34597	565.00	0	5.14
6.35019	571.00	0	5.26
6.35556	568.00	0	5.26
6.36054	546.00	0	5.26
6.36529	496.00	1	5.26
6.37005	438.00	0	5.26
6.37581	396.00	0	5.26
6.38054	367.00	0	5.26
6.38520	360.00	0	5.26
6.39092	372.00	0	5.26
6.39556	390.00	0	5.26
6.40036	417.00	1	5.26
6.40506	446.00	0	5.26
6.41083	485.00	0	5.26
6.41555	510.00	0	5.26
6.42031	527.00	0	5.26
6.42604	532.00	0	5.26
6.43077	539.00	0	5.26
6.43552	544.00	0	5.26
6.44019	557.00	0	5.26
6.44600	561.00	0	5.26
6.45074	560.00	0	5.26
6.45542	531.00	0	5.26
6.46016	461.00	1	5.26
6.46594	406.00	0	5.26
6.47055	387.00	0	5.26
6.47512	371.00	0	5.26
6.48087	365.00	0	5.26
6.48554	369.00	0	5.26
6.49022	372.00	0	5.26
6.49605	351.00	0	5.26
6.50075	338.00	0	5.26
6.50546	370.00	0	5.26
6.51013	427.00	1	5.26
6.51586	489.00	0	5.26
6.52052	515.00	0	5.26
6.52523	535.00	0	5.26
6.53095	552.00	0	5.26
6.53560	562.00	0	5.26
6.54032	569.00	0	5.26
6.54501	571.00	0	5.26
6.55076	544.00	0	5.27
6.55542	490.00	1	5.27
6.56011	435.00	0	5.27
6.56602	391.00	0	5.27
6.57070	365.00	0	5.27
6.57580	360.00	0	5.27
6.58097	371.00	0	5.27
6.58598	395.00	0	5.27
6.59092	422.00	1	5.27
6.59502	447.00	0	5.27
6.60112	485.00	0	5.27
6.60608	513.00	0	5.27
6.61020	527.00	0	5.27
6.61563	534.00	0	5.27
6.62085	537.00	0	5.27
6.62606	545.00	0	5.27
6.63111	555.00	0	5.27
6.63510	560.00	0	5.27
6.64025	562.00	0	5.27
6.64580	537.00	0	5.27
6.65109	231.00	0	5.25
6.65597	413.00	0	5.25
6.66107	390.00	0	5.25
6.66609	375.00	1	5.25
6.67011	367.00	0	5.25
6.67503	367.00	0	5.25
6.68111	370.00	0	5.25
6.68598	356.00	0	5.25
6.69095	340.00	0	5.25
6.69526	355.00	0	5.25
6.70022	412.00	1	5.25
6.70528	472.00	0	5.25
6.71020	506.00	0	5.25
6.71574	532.00	0	5.25
6.72100	550.00	0	5.25
6.72546	561.00	0	5.25
6.73115	571.00	0	5.25
6.73544	571.00	0	5.25
6.74086	554.00	0	5.25
6.74507	511.00	1	5.25
6.75046	449.00	0	5.27
6.75557	407.00	0	5.27
6.76086	372.00	0	5.27
6.76610	361.00	0	5.27
6.77105	367.00	0	5.27
6.77604	380.00	0	5.27
6.78103	407.00	1	5.27
6.78578	437.00	0	5.27
6.79042	462.00	0	5.27
6.79542	496.00	0	5.27
6.80055	518.00	0	5.27
6.80538	531.00	0	5.27
6.81005	536.00	0	5.27
6.81589	541.00	0	5.27
6.82058	551.00	0	5.27
6.82527	561.00	0	5.27
6.83100	564.00	0	5.27
6.83567	551.00	0	5.27
6.84039	497.00	1	5.27
6.84503	430.00	0	5.27
6.85078	396.00	0	5.74
6.85546	380.00	0	5.74
6.86014	367.00	0	5.74
6.86588	368.00	0	5.74
6.87061	371.00	0	5.74
6.87535	364.00	0	5.74
6.88106	261.00	0	5.74
6.88570	345.00	1	5.74
6.89037	389.00	0	5.74
6.89505	446.00	0	5.74
6.90073	499.00	0	5.74
6.90543	525.00	0	5.74
6.91105	544.00	0	5.74
6.91571	557.00	0	5.74
6.92042	567.00	0	5.74
6.92518	575.00	0	5.74
6.93096	565.00	0	5.74
6.93560	532.00	0	5.74
6.94027	479.00	1	5.74
6.94605	422.00	0	5.74
6.95068	387.00	0	5.74
6.95534	365.00	0	5.12
6.96104	361.00	0	5.12
6.96573	371.00	0	5.12
6.97040	392.00	0	5.12
6.97505	414.00	1	5.12
6.98085	449.00	0	5.12
6.98568	479.00	0	5.12
6.99032	508.00	0	5.12
6.99516	524.00	0	5.12
7.00088	537.00	0	5.12
7.00568	538.00	0	5.12
7.01061	547.00	0	5.12
7.01545	557.00	0	5.12
7.02012	563.00	0	5.12
7.02590	560.00	0	5.12
7.03058	528.00	0	5.12
7.03552	456.00	1	5.12
7.04021	414.00	0	5.12
7.04609	387.00	0	5.12
7.05099	372.00	0	5.12
7.05597	365.00	0	5.12
7.06085	369.00	0	5.12
7.06558	371.00	0	5.12
7.07053	360.00	0	5.12
7.07541	343.00	0	5.12
7.08007	354.00	0	5.12
7.08579	416.00	1	5.12
7.09066	473.00	0	5.12
7.09551	512.00	0	5.12
7.10016	531.00	0	5.12
7.10594	550.00	0	5.12
7.11065	562.00	0	5.12
7.11542	571.00	0	5.12
7.12013	575.00	0	5.12
7.12606	553.00	0	5.12
7.13074	126.00	0	5.12
7.13532	452.00	0	5.12
7.14108	408.00	1	5.12
7.14577	376.00	0	5.12
7.15066	359.00	0	5.12
7.15557	363.00	0	4.98
7.16033	376.00	0	4.98
7.16505	398.00	1	4.98
7.17001	424.00	0	4.98
7.17501	454.00	0	4.98
7.18015	486.00	0	4.98
7.18587	517.00	0	4.98
7.19051	533.00	0	4.98
7.19548	537.00	0	4.98
7.20030	541.00	0	4.98
7.20601	554.00	0	4.98
7.21079	562.00	0	4.98
7.21545	566.00	0	4.98
7.22032	561.00	0	4.98
7.22538	521.00	1	4.98
7.23015	451.00	0	4.98
7.23583	404.00	0	4.98
7.24053	387.00	0	4.98
7.24538	372.00	0	4.98
7.25052	367.00	0	4.98
7.25547	369.00	0	5.27
7.26040	371.00	0	5.27
7.26510	360.00	0	5.27
7.27006	342.00	0	5.27
7.27589	369.00	0	5.27
7.28058	427.00	1	5.27
7.28530	482.00	0	5.27
7.29099	519.00	0	5.27
7.29565	540.00	0	5.27
7.30038	553.00	0	5.27
7.30508	564.00	0	5.27
7.31082	574.00	0	5.27
7.31543	570.00	0	5.27
7.32003	552.00	0	5.27
7.32578	493.00	1	5.27
7.33044	441.00	0	5.27
7.33513	409.00	0	5.27
7.34091	372.00	0	5.27
7.34565	360.00	0	5.27
7.35046	367.00	0	5.27
7.35515	380.00	0	5.27
7.36095	409.00	1	5.41
7.36557	491.00	0	5.41
7.37021	460.00	0	5.41
7.37592	498.00	0	5.41
7.38073	521.00	0	5.41
7.38542	534.00	0	5.41
7.39009	537.00	0	5.41
7.39595	544.00	0	5.41
7.40065	556.00	0	5.41
7.40534	563.00	0	5.41
7.41106	565.00	0	5.41
7.41535	560.00	0	5.41
7.42012	522.00	1	5.41
7.42591	441.00	0	5.41
7.43057	406.00	0	5.41
7.43536	388.00	0	5.41
7.44003	375.00	0	5.41
7.44602	368.00	0	5.41
7.45089	368.00	0	5.41
7.45563	372.00	0	5.41
7.46040	358.00	0	5.13
7.46504	343.00	0	5.13
7.47066	367.00	0	5.13
7.47526	423.00	1	5.13
7.48088	486.00	0	5.13
7.48548	517.00	0	5.13
7.49027	538.00	0	5.13
7.49538	552.00	0	5.13
7.50012	565.00	0	5.13
7.50597	572.00	0	5.13
7.51074	571.00	0	5.13
7.51540	556.00	0	5.13
7.52008	513.00	1	5.13
7.52590	445.00	0	5.13
7.53057	413.00	0	5.13
7.53517	378.00	0	5.13
7.54087	361.00	0	5.13
7.54555	366.00	0	5.13
7.55027	380.00	0	5.13
7.55607	408.00	1	5.13
7.56085	435.00	0	5.13
7.56567	465.00	0	5.13
7.57033	495.00	0	5.13
7.57506	521.00	0	5.13
7.58083	513.00	0	5.13
7.58551	538.00	0	5.13
7.59025	544.00	0	5.13
7.59606	552.00	0	5.13
7.60103	563.00	0	5.13
7.60511	566.00	0	5.13
7.61107	556.00	0	5.13
7.61592	507.00	1	5.13
7.62093	440.00	0	5.13
7.62590	409.00	0	5.13
7.63068	387.00	0	5.13
7.63577	373.00	0	5.13
7.64073	369.00	0	5.13
7.64557	372.00	0	5.13
7.65023	370.00	0	5.13
7.65500	359.00	0	5.13
7.66094	341.00	0	5.11
7.66582	375.00	0	5.11
7.67047	433.00	1	5.11
7.67524	487.00	0	5.11
7.68105	522.00	0	5.11
7.68589	538.00	0	5.11
7.69054	555.00	0	5.11
7.69532	563.00	0	5.11
7.70006	571.00	0	5.11
7.70512	574.00	0	5.11
7.71100	555.00	0	5.11
7.71592	506.00	1	5.11
7.72089	448.00	0	5.11
7.72567	414.00	0	5.11
7.73034	378.00	0	5.11
7.73515	362.00	0	5.11
7.74094	367.00	0	5.11
7.74572	381.00	0	5.11
7.75052	405.00	1	5.11
7.75556	434.00	0	5.11
7.76091	467.00	0	5.14
7.76513	494.00	0	5.14
7.77102	523.00	0	5.14
7.77593	533.00	0	5.14
7.78014	537.00	0	5.14
7.78512	542.00	0	5.14
7.79091	554.00	0	5.14
7.79582	559.00	0	5.14
7.80017	565.00	0	5.14
7.80501	560.00	0	5.14
7.81056	511.00	1	5.14
7.81555	443.00	0	5.14
7.82033	407.00	0	5.14
7.82520	389.00	0	5.14
7.83024	372.00	0	5.14
7.83524	370.00	0	5.14
7.84002	371.00	0	5.14
7.84606	368.00	0	5.14
7.85026	351.00	0	5.14
7.85582	344.00	0	5.14
7.86069	390.00	0	5.14
7.86588	453.00	1	5.14
7.87076	498.00	0	5.14
7.87588	527.00	0	5.14
7.88091	540.00	0	5.14
7.88594	559.00	0	5.14
7.89083	567.00	0	5.14
7.89588	573.00	0	5.14
7.90081	571.00	0	5.14
7.90555	548.00	0	5.14
7.91048	496.00	1	5.14
7.91517	443.00	0	5.14
7.92029	406.00	0	5.14
7.92606	369.00	0	5.14
7.93084	362.00	0	5.14
7.93513	370.00	0	5.14
7.94031	390.00	0	5.14
7.94533	416.00	1	5.14
7.95024	446.00	0	5.14
7.95609	478.00	0	5.14
7.96090	507.00	0	5.13
7.96556	529.00	0	5.13
7.97057	538.00	0	5.13
7.97527	540.00	0	5.13
7.98073	547.00	0	5.13
7.98548	558.00	0	5.13
7.99049	563.00	0	5.13
7.99567	566.00	0	5.13
8.00099	554.00	0	5.13
8.00564	493.00	1	5.13
8.01087	426.00	0	5.13
8.01587	399.00	0	5.13
8.02060	386.00	0	5.13
8.02534	370.00	0	5.13
8.03012	371.00	0	5.13
8.03596	372.00	0	5.13
8.04070	364.00	0	5.13
8.04545	349.00	0	5.13
8.05019	343.00	0	5.13
8.05591	394.00	0	5.13
8.06063	450.00	1	5.13
8.06540	495.00	0	5.13
8.07022	261.00	0	5.13
8.07594	543.00	0	5.13
8.08055	556.00	0	5.13
8.08517	568.00	0	5.13
8.09095	576.00	0	5.13
8.09570	572.00	0	5.13
8.10040	555.00	0	5.13
8.10507	503.00	1	5.13
8.11086	439.00	0	5.13
8.11554	404.00	0	5.13
8.12022	372.00	0	5.13
8.12597	362.00	0	5.13
8.13063	369.00	0	5.13
8.13530	386.00	0	5.13
8.14102	414.00	1	5.13
8.14575	440.00	0	5.13
8.15042	465.00	0	5.13
8.15508	497.00	0	5.13
8.16083	525.00	0	5.13
8.16557	534.00	0	5.11
8.17022	538.00	0	5.11
8.17590	535.00	0	5.11
8.18058	552.00	0	5.11
8.18530	564.00	0	5.11
8.19100	566.00	0	5.11
8.19566	558.00	0	5.11
8.20034	505.00	1	5.11
8.20502	440.00	0	5.11
8.21080	400.00	0	5.11
8.21546	384.00	0	5.11
8.22013	372.00	0	5.11
8.22587	370.00	0	5.11
8.23058	377.00	0	5.11
8.23576	370.00	0	5.11
8.24045	353.00	0	5.11
8.24515	343.00	0	5.11
8.25089	383.00	0	5.11
8.25560	440.00	1	5.11
8.26031	491.00	0	5.11
8.26507	521.00	0	5.13
8.27087	541.00	0	5.13
8.27560	556.00	0	5.13
8.28037	568.00	0	5.13
8.28511	573.00	0	5.13
8.29083	573.00	0	5.13
8.29552	552.00	0	5.13
8.30019	251.00	0	5.13
8.30588	437.00	0	5.13
8.31045	407.00	0	5.13
8.31511	373.00	1	5.13
8.32082	361.00	0	5.13
8.32554	367.00	0	5.13
8.33027	384.00	0	5.13
8.33602	413.00	1	5.13
8.34077	442.00	0	5.13
8.34543	468.00	0	5.13
8.35005	499.00	0	5.13
8.35578	525.00	0	5.13
8.36000	535.00	0	5.13
8.36541	539.00	0	5.13
8.37033	542.00	0	5.13
8.37607	555.00	0	5.13
8.38086	564.00	0	5.13
8.38514	569.00	0	5.13
8.39091	560.00	0	5.13
8.39562	509.00	1	5.13
8.40045	438.00	0	5.13
8.40515	409.00	0	5.13
8.41095	385.00	0	5.13
8.41577	371.00	0	5.13
8.42053	369.00	0	5.13
8.42529	372.00	0	5.13
8.43103	373.00	0	5.13
8.43579	356.00	0	5.13
8.44055	344.00	0	5.13
8.44525	363.00	0	5.13
8.45107	429.00	1	5.13
8.45583	483.00	0	5.13
8.46063	516.00	0	5.13
8.46539	536.00	0	5.12
8.47021	552.00	0	5.12
8.47598	563.00	0	5.12
8.48082	575.00	0	5.12
8.48557	575.00	0	5.12
8.49026	562.00	0	5.12
8.49506	521.00	1	5.12
8.50090	450.00	0	5.12
8.50567	500.00	0	5.12
8.51040	380.00	0	5.12
8.51607	360.00	0	5.12
8.52081	362.00	0	5.12
8.52560	374.00	0	5.12
8.53028	395.00	0	5.12
8.53507	210.00	0	5.12
8.54085	455.00	0	5.12
8.54555	485.00	0	5.12
8.55030	513.00	1	5.12
8.55506	531.00	0	5.12
8.56089	540.00	0	5.12
8.56558	543.00	0	4.67
8.57026	550.00	0	4.67
8.57597	563.00	0	4.67
8.58070	567.00	0	4.67
8.58540	567.00	0	4.67
8.59002	544.00	0	4.67
8.59583	465.00	1	4.67
8.60055	419.00	0	4.67
8.60530	396.00	0	4.67
8.61000	381.00	0	4.67
8.61580	369.00	0	4.67
8.62054	368.00	0	4.67
8.62528	369.00	0	4.67
8.63105	366.00	0	4.67
8.63573	348.00	0	4.67
8.64058	346.00	0	4.67
8.64528	384.00	0	4.67
8.65018	446.00	1	4.67
8.65601	501.00	0	4.67
8.66079	529.00	0	4.67
8.66557	544.00	0	5.02
8.67030	561.00	0	5.02
8.67501	569.00	0	5.02
8.68081	576.00	0	5.02
8.68555	571.00	0	5.02
8.69027	544.00	0	5.02
8.69603	478.00	1	5.02
8.70083	429.00	0	5.02
8.70575	397.00	0	5.02
8.71042	370.00	0	5.02
8.71528	360.00	0	5.02
8.72101	370.00	0	5.02
8.72571	387.00	0	5.02
8.73046	409.00	1	5.02
8.73513	435.00	0	5.02
8.74093	469.00	0	5.02
8.74560	501.00	0	5.02
8.75029	515.00	0	5.02
8.75502	536.00	0	5.02
8.76076	539.00	0	5.02
8.76552	544.00	0	5.02
8.77020	554.00	0	5.55
8.77601	563.00	0	5.55
8.78071	568.00	0	5.55
8.78550	561.00	0	5.55
8.79016	524.00	1	5.55
8.79598	442.00	0	5.55
8.80099	407.00	0	5.55
8.80566	389.00	0	5.55
8.81036	371.00	0	5.55
8.81509	368.00	0	5.55
8.82093	371.00	0	5.55
8.82571	373.00	0	5.55
8.83062	360.00	0	5.55
8.83525	343.00	0	5.55
8.84015	357.00	0	5.55
8.84596	426.00	1	5.55
8.85070	480.00	0	5.55
8.85557	513.00	0	5.55
8.86022	538.00	0	5.55
8.86509	550.00	0	5.55
8.87084	563.00	0	5.11
8.87546	573.00	0	5.11
8.88013	574.00	0	5.11
8.88594	565.00	0	5.11
8.89058	528.00	1	5.11
8.89529	474.00	0	5.11
8.90101	420.00	0	5.11
8.90571	388.00	0	5.11
8.91046	365.00	0	5.11
8.91539	361.00	0	5.11
8.92074	373.00	0	5.11
8.92504	389.00	0	5.11
8.93023	415.00	1	5.11
8.93554	445.00	0	5.11
8.94090	479.00	0	5.11
8.94541	509.00	0	5.11
8.95058	530.00	0	5.11
8.95580	536.00	0	5.11
8.96031	541.00	0	5.11
8.96591	548.00	0	5.11
8.97036	558.00	0	5.01
8.97585	564.00	0	5.01
8.98031	567.00	0	5.01
8.98584	554.00	0	5.01
8.99024	501.00	1	5.01
8.99576	432.00	0	5.01
9.00025	404.00	0	5.01
9.00582	383.00	0	5.01
9.01023	372.00	0	5.01
9.01575	369.00	0	5.01
9.02003	372.00	0	5.01
9.02540	369.00	0	5.01
9.03069	352.00	0	5.01
9.03600	342.00	0	5.01
9.04026	376.00	0	5.01
9.04560	442.00	1	5.01
9.05088	495.00	0	5.01
9.05519	521.00	0	5.01
9.06053	542.00	0	5.01
9.06597	558.00	0	5.01
9.07022	565.00	0	5.01
9.07555	571.00	0	5.01
9.08094	572.00	0	5.01
9.08516	561.00	0	5.01
9.09053	512.00	1	5.01
9.09600	451.00	0	5.01
9.10041	417.00	0	5.01
9.10512	382.00	0	5.01
9.11065	360.00	0	5.01
9.11603	364.00	0	5.01
9.12085	377.00	0	5.01
9.12580	401.00	1	5.01
9.13059	425.00	0	5.01
9.13511	454.00	0	5.01
9.14074	493.00	0	5.01
9.14523	516.00	0	5.01
9.15066	537.00	0	5.01
9.15521	537.00	0	5.01
9.16083	543.00	0	5.01
9.16531	547.00	0	5.01
9.17076	560.00	0	5.01
9.17531	567.00	0	5.11
9.18082	565.00	0	5.11
9.18529	546.00	0	5.11
9.19077	470.00	1	5.11
9.19547	419.00	0	5.11
9.20106	393.00	0	5.11
9.20568	376.00	0	5.11
9.21015	369.00	0	5.11
9.21580	368.00	0	5.11
9.22040	371.00	0	5.11
9.22603	362.00	0	5.11
9.23055	343.00	0	5.11
9.23508	345.00	0	5.11
9.24075	405.00	1	5.11
9.24531	457.00	0	5.11
9.25098	506.00	0	5.11
9.25543	528.00	0	5.11
9.26105	546.00	0	5.11
9.26550	557.00	0	5.11
9.27099	568.00	0	5.11
9.27597	575.00	0	5.12
9.28003	571.00	0	5.12
9.28569	539.00	0	5.12
9.29009	490.00	1	5.12
9.29504	434.00	0	5.12
9.30090	392.00	0	5.12
9.30550	366.00	0	5.12
9.31066	359.00	0	5.12
9.31561	370.00	0	5.12
9.32020	388.00	0	5.12
9.32515	412.00	1	5.12
9.33005	443.00	0	5.12
9.33589	478.00	0	5.12
9.34037	511.00	0	5.12
9.34515	529.00	0	5.12
9.35060	537.00	0	5.12
9.35521	542.00	0	5.12
9.36023	544.00	0	5.12
9.36604	557.00	0	5.12
9.37064	567.00	0	5.12
9.37538	568.00	0	5.12
9.38099	550.00	0	5.02
9.38562	485.00	1	5.02
9.39022	426.00	0	5.02
9.39610	394.00	0	5.02
9.40085	377.00	0	5.02
9.40548	368.00	0	5.02
9.41005	369.00	0	5.02
9.41581	371.00	0	5.02
9.42055	365.00	0	5.02
9.42569	346.00	0	5.02
9.43084	348.00	0	5.02
9.43578	394.00	0	5.02
9.44083	458.00	1	5.02
9.44581	501.00	0	5.02
9.45081	528.00	0	5.02
9.45576	544.00	0	5.02
9.46085	557.00	0	5.02
9.46579	567.00	0	5.02
9.47072	573.00	0	5.02
9.47567	573.00	0	5.02
9.48068	545.00	0	5.00
9.48568	486.00	1	5.00
9.49067	434.00	0	5.00
9.49571	396.00	0	5.00
9.50071	367.00	0	5.00
9.50568	360.00	0	5.00
9.51067	367.00	0	5.00
9.51564	386.00	0	5.00
9.52069	412.00	1	5.00
9.52581	439.00	0	5.00
9.53078	471.00	0	5.00
9.53583	507.00	0	5.00
9.54075	527.00	0	5.00
9.54553	537.00	0	5.00
9.55033	537.00	0	5.00
9.55519	546.00	0	5.00
9.56016	556.00	0	5.00
9.56526	563.00	0	5.00
9.57028	567.00	0	5.00
9.58088	488.00	1	5.00
9.58374	448.00	0	5.12
9.58643	420.00	0	5.12
9.59093	396.00	0	5.12
9.59550	377.00	0	5.12
9.60077	370.00	0	5.12
9.60596	369.00	0	5.12
9.61101	372.00	0	5.12
9.61605	366.00	0	5.12
9.62094	347.00	0	5.12
9.62611	345.00	0	5.12
9.63002	378.00	0	5.12
9.63592	451.00	1	5.12
9.64071	496.00	0	5.12
9.64552	524.00	0	5.12
9.65024	542.00	0	5.12
9.65501	556.00	0	5.12
9.66098	566.00	0	5.12
9.66593	574.00	0	5.12
9.67079	571.00	0	5.12
9.67603	540.00	0	5.12
9.68095	481.00	1	5.12
9.68579	431.00	0	5.12
9.69052	396.00	0	5.12
9.69521	367.00	0	5.12
9.70096	358.00	0	5.12
9.70566	365.00	0	5.12
9.71036	382.00	0	5.12
9.71503	405.00	1	5.12
9.72079	437.00	0	5.12
9.72541	466.00	0	5.12
9.73106	505.00	0	5.12
9.73570	525.00	0	5.12
9.74036	535.00	0	5.12
9.74508	538.00	0	5.12
9.75081	549.00	0	5.12
9.75545	556.00	0	5.12
9.76008	565.00	0	5.12
9.76583	565.00	0	5.12
9.77059	540.00	0	5.12
9.77549	469.00	1	5.12
9.78021	417.00	0	5.12
9.78504	396.00	0	5.14
9.79001	376.00	0	5.14
9.79506	366.00	0	5.14
9.80100	369.00	0	5.14
9.80567	370.00	0	5.14
9.81074	362.00	0	5.14
9.81557	342.00	0	5.14
9.82035	348.00	0	5.14
9.82529	397.00	0	5.14
9.83015	458.00	1	5.14
9.83606	507.00	0	5.14
9.84076	531.00	0	5.14
9.84566	546.00	0	5.14
9.85053	561.00	0	5.14
9.85545	571.00	0	5.14
9.86072	575.00	0	5.14
9.86573	562.00	0	5.14
9.87095	258.00	0	5.14
9.87583	229.00	1	5.14
9.88088	415.00	0	5.14
9.88566	607.00	0	5.13
9.89032	361.00	0	5.13
9.89601	355.00	0	5.13
9.90073	372.00	0	5.13
9.90559	392.00	0	5.13
9.91039	419.00	1	5.13
9.91515	450.00	0	5.13
9.92096	488.00	0	5.13
9.92589	519.00	0	5.13
9.93101	535.00	0	5.13
9.93569	537.00	0	5.13
9.94042	542.00	0	5.13
9.94508	553.00	0	5.13
9.95080	563.00	0	5.13
9.95556	564.00	0	5.13
9.96036	561.00	0	5.13
9.96507	521.00	1	5.13
9.97081	438.00	0	5.13
9.97561	404.00	0	5.13
9.98035	385.00	0	5.13
9.98508	372.00	0	5.28
9.99081	367.00	0	5.28
9.99546	370.00	0	5.28
10.00014	364.00	0	5.28
