0.00024	471.00	0	0.00
0.00154	467.00	0	0.00
0.00504	470.00	0	0.00
0.01065	467.00	0	0.00
0.01524	472.00	0	0.00
0.02082	468.00	0	0.00
0.02545	470.00	0	0.00
0.03102	470.00	0	0.00
0.03560	465.00	0	0.00
0.04011	468.00	0	0.00
0.04577	462.00	0	0.00
0.05035	464.00	0	0.00
0.05606	465.00	0	0.00
0.06068	457.00	0	0.00
0.06530	430.00	0	0.00
0.07095	353.00	0	0.00
0.07554	310.00	0	0.00
0.08019	277.00	0	0.00
0.08590	269.00	0	0.00
0.09053	275.00	0	0.00
0.09525	269.00	0	0.00
0.10097	269.00	0	0.00
0.10566	272.00	0	0.00
0.11031	269.00	0	0.00
0.11602	280.00	0	0.00
0.12065	269.00	0	0.00
0.12529	276.00	0	0.00
0.13099	318.00	1	0.00
0.13567	380.00	0	0.00
0.14033	416.00	0	0.00
0.14604	427.00	0	0.00
0.15068	434.00	0	0.00
0.15535	437.00	0	0.00
0.16003	440.00	0	0.00
0.16567	448.00	0	0.00
0.17032	443.00	0	0.00
0.17595	437.00	0	0.00
0.18062	371.00	1	0.00
0.18527	314.00	0	0.00
0.19098	280.00	0	0.00
0.19562	270.00	0	0.00
0.20027	264.00	0	0.00
0.20596	256.00	0	0.00
0.21063	246.00	0	0.00
0.21530	253.00	0	0.00
0.22105	252.00	0	0.00
0.22575	267.00	0	0.00
0.23041	326.00	1	0.00
0.23504	393.00	0	0.00
0.24070	441.00	0	0.00
0.24540	446.00	0	0.00
0.25009	457.00	0	0.00
0.25580	459.00	0	0.00
0.26053	454.00	0	0.00
0.26518	459.00	0	0.00
0.27090	455.00	0	0.00
0.27554	419.00	1	0.00
0.28019	340.00	0	0.00
0.28593	275.00	0	0.00
0.29057	273.00	0	0.00
0.29526	265.00	0	0.00
0.30096	266.00	0	0.00
0.30564	269.00	0	0.00
0.31029	268.00	0	0.00
0.31605	278.00	0	0.00
0.32071	267.00	0	0.00
0.32537	287.00	0	0.00
0.33000	332.00	1	0.00
0.33569	402.00	0	5.02
0.34045	424.00	0	5.02
0.34523	426.00	0	5.02
0.35102	436.00	0	5.02
0.35583	447.00	0	5.02
0.36058	440.00	0	5.02
0.36533	450.00	0	5.02
0.37023	436.00	0	5.02
0.37609	355.00	1	5.02
0.38079	305.00	0	5.02
0.38546	271.00	0	5.02
0.39023	802.00	0	5.12
0.39596	257.00	0	5.12
0.40072	250.00	0	5.12
0.40548	250.00	0	5.12
0.41022	247.00	0	5.12
0.41603	259.00	0	5.12
0.42082	289.00	1	5.12
0.42556	357.00	0	5.12
0.43032	425.00	0	5.25
0.43506	441.00	0	5.25
0.44088	455.00	0	5.25
0.44577	454.00	0	5.25
0.45054	458.00	0	5.25
0.45525	456.00	0	5.25
0.46100	454.00	0	5.25
0.46578	415.00	1	5.25
0.47049	330.00	0	5.25
0.47525	280.00	0	5.26
0.48097	273.00	0	5.26
0.48578	265.00	0	5.26
0.49052	272.00	0	5.26
0.49541	266.00	0	5.26
0.50028	272.00	0	5.26
0.50518	276.00	0	5.26
0.51103	269.00	0	5.26
0.51586	314.00	1	5.26
0.52059	380.00	0	5.26
0.52540	414.00	0	5.38
0.53010	426.00	0	5.38
0.53598	428.00	0	5.38
0.54085	440.00	0	5.38
0.54569	439.00	0	5.38
0.55046	447.00	0	5.38
0.55525	443.00	0	5.38
0.56005	383.00	1	5.38
0.56591	312.00	0	5.38
0.57072	274.00	0	5.44
0.57549	271.00	0	5.44
0.58036	262.00	0	5.44
0.58511	249.00	0	5.44
0.59101	251.00	0	5.44
0.59583	248.00	0	5.44
0.60067	252.00	0	5.44
0.60556	285.00	0	5.44
0.61037	406.00	0	5.44
0.61507	423.00	1	5.44
0.62037	441.00	0	5.44
0.62529	452.00	0	5.15
0.63039	457.00	0	5.15
0.63517	455.00	0	5.15
0.64096	458.00	0	5.15
0.64577	452.00	0	5.15
0.65043	403.00	1	5.15
0.65519	326.00	0	5.15
0.66097	270.00	0	5.42
0.66578	273.00	0	5.42
0.67056	265.00	0	5.42
0.67529	269.00	0	5.42
0.68014	269.00	0	5.42
0.68505	271.00	0	5.42
0.69103	276.00	0	5.42
0.69605	279.00	0	5.42
0.70088	318.00	1	5.42
0.70570	393.00	0	5.42
0.71071	414.00	0	5.42
0.71567	430.00	0	5.41
0.72049	431.00	0	5.41
0.72523	440.00	0	5.41
0.73100	446.00	0	5.41
0.73574	443.00	0	5.41
0.74045	440.00	0	5.41
0.74520	352.00	1	5.41
0.75094	287.00	0	5.41
0.75566	277.00	0	5.40
0.76035	266.00	0	5.40
0.76511	262.00	0	5.40
0.77066	248.00	0	5.40
0.77536	249.00	0	5.40
0.78089	253.00	0	5.40
0.78563	255.00	0	5.40
0.79031	306.00	1	5.40
0.79505	370.00	0	5.40
0.80007	428.00	0	5.40
0.80578	450.00	0	5.71
0.81050	453.00	0	5.71
0.81582	458.00	0	5.71
0.82078	454.00	0	5.71
0.82501	459.00	0	5.71
0.83088	449.00	0	5.71
0.83573	355.00	0	5.71
0.84035	257.00	0	5.71
0.84501	268.00	0	5.71
0.85076	269.00	0	5.71
0.85552	270.00	0	5.71
0.86036	265.00	0	5.71
0.86509	274.00	0	5.71
0.87081	275.00	0	5.71
0.87551	272.00	0	5.71
0.88025	280.00	0	5.71
0.88610	331.00	0	5.71
0.89090	403.00	0	5.71
0.89559	416.00	0	5.71
0.90033	430.00	0	5.71
0.90503	437.00	0	5.71
0.91083	437.00	0	5.71
0.91553	447.00	0	5.71
0.92027	443.00	0	5.71
0.92518	426.00	0	5.71
0.93095	334.00	0	5.71
0.93560	281.00	1	5.71
0.94039	279.00	0	3.51
0.94511	265.00	0	3.51
0.95084	254.00	0	3.51
0.95556	252.00	0	3.51
0.96026	246.00	0	3.51
0.96553	254.00	0	3.51
0.97038	252.00	0	3.51
0.97516	293.00	1	3.51
0.98097	377.00	0	3.51
0.98585	428.00	0	3.65
0.99061	451.00	0	3.65
0.99537	452.00	0	3.65
1.00004	458.00	0	3.65
1.00594	460.00	0	3.65
1.01068	453.00	0	3.65
1.01536	460.00	0	3.65
1.02007	427.00	0	3.65
1.02597	317.00	0	3.65
1.03029	282.00	1	3.65
1.03596	266.00	0	3.51
1.04023	273.00	0	3.51
1.04606	267.00	0	3.51
1.05093	267.00	0	3.51
1.05570	272.00	0	3.51
1.06064	273.00	0	3.51
1.06546	581.00	0	3.51
1.07020	257.00	0	3.51
1.07505	309.00	1	3.51
1.08014	385.00	0	3.51
1.08524	412.00	0	3.51
1.09035	431.00	0	3.51
1.09549	432.00	0	3.51
1.10050	437.00	0	3.51
1.10546	446.00	0	3.51
1.11041	441.00	0	3.51
1.11550	448.00	0	3.51
1.12029	407.00	1	3.51
1.12519	336.00	0	5.41
1.13104	287.00	0	5.41
1.13582	270.00	0	5.41
1.14055	271.00	0	5.41
1.14528	255.00	0	5.41
1.15104	248.00	0	5.41
1.15594	252.00	0	5.41
1.16082	248.00	0	5.41
1.16581	260.00	0	5.41
1.17069	291.00	1	5.41
1.17536	359.00	0	5.41
1.18094	433.00	0	5.11
1.18574	446.00	0	5.11
1.19051	459.00	0	5.11
1.19517	456.00	0	5.11
1.20087	458.00	0	5.11
1.20559	458.00	0	5.11
1.21032	456.00	0	5.11
1.21606	404.00	1	5.11
1.22083	329.00	0	5.38
1.22556	279.00	0	5.38
1.23026	273.00	0	5.38
1.23593	267.00	0	5.38
1.24070	271.00	0	5.38
1.24540	267.00	0	5.38
1.25007	273.00	0	5.38
1.25577	281.00	0	5.38
1.26051	267.00	0	5.38
1.26529	294.00	0	5.38
1.27004	341.00	1	5.38
1.27583	414.00	0	5.13
1.28060	426.00	0	5.13
1.28537	427.00	0	5.13
1.29006	439.00	0	5.13
1.29581	440.00	0	5.13
1.30055	445.00	0	5.13
1.30535	447.00	0	5.13
1.31005	419.00	0	5.13
1.31578	334.00	1	5.13
1.32054	281.00	0	5.13
1.32525	274.00	0	5.13
1.33107	269.00	0	5.12
1.33577	252.00	0	5.12
1.34055	253.00	0	5.12
1.34527	246.00	0	5.12
1.35104	250.00	0	5.12
1.35575	265.00	0	5.12
1.36049	311.00	1	5.12
1.36523	392.00	0	5.12
1.37099	439.00	0	5.27
1.37570	452.00	0	5.27
1.38043	457.00	0	5.27
1.38518	455.00	0	5.27
1.39094	458.00	0	5.27
1.39568	456.00	0	5.27
1.40038	456.00	0	5.27
1.40510	389.00	1	5.27
1.41081	303.00	0	5.27
1.41559	276.00	0	5.29
1.42028	269.00	0	5.29
1.42501	269.00	0	5.29
1.43078	273.00	0	5.29
1.43552	267.00	0	5.29
1.44020	279.00	0	5.29
1.44600	274.00	0	5.29
1.45068	276.00	0	5.29
1.45543	318.00	1	5.29
1.46009	385.00	0	5.29
1.46581	422.00	0	5.39
1.47051	426.00	0	5.39
1.47521	436.00	0	5.39
1.48098	442.00	0	5.39
1.48579	441.00	0	5.39
1.49050	451.00	0	5.39
1.49520	441.00	0	5.39
1.50089	367.00	1	5.39
1.50568	315.00	0	5.39
1.51039	275.00	0	5.40
1.51506	274.00	0	5.40
1.52074	261.00	0	5.40
1.52552	252.00	0	5.40
1.53029	249.00	0	5.40
1.53605	247.00	0	5.40
1.54081	258.00	0	5.40
1.54552	286.00	1	5.40
1.55019	352.00	0	5.40
1.55587	432.00	0	5.40
1.56061	443.00	0	5.40
1.56534	456.00	0	5.40
1.57001	456.00	0	5.40
1.57571	456.00	0	5.40
1.58044	458.00	0	5.40
1.58521	453.00	0	5.40
1.59095	419.00	1	5.40
1.59572	334.00	0	5.38
1.60042	282.00	0	5.38
1.60515	273.00	0	5.38
1.61079	267.00	0	5.38
1.61558	273.00	0	5.38
1.62026	268.00	0	5.38
1.62605	273.00	0	5.38
1.63081	280.00	0	5.38
1.63554	270.00	0	5.38
1.64024	311.00	1	5.38
1.64597	389.00	0	5.38
1.65069	415.00	0	5.41
1.65543	429.00	0	5.41
1.66017	429.00	0	5.41
1.66595	440.00	0	5.41
1.67068	441.00	0	5.41
1.67534	448.00	0	5.41
1.68008	445.00	0	5.41
1.68583	375.00	1	5.41
1.69056	320.00	0	5.41
1.69526	276.00	0	5.41
1.70102	267.00	0	5.41
1.70575	264.00	0	5.41
1.71046	249.00	0	5.41
1.71520	253.00	0	5.41
1.72086	250.00	0	5.41
1.72563	254.00	0	5.41
1.73031	290.00	1	5.41
1.73502	345.00	0	5.41
1.74068	428.00	0	5.41
1.74545	444.00	0	5.41
1.75022	453.00	0	5.41
1.75600	460.00	0	5.41
1.76073	454.00	0	5.41
1.76549	460.00	0	5.41
1.77018	228.00	0	5.41
1.77588	406.00	0	5.41
1.78051	335.00	1	5.41
1.78523	277.00	0	5.41
1.79105	272.00	0	5.28
1.79576	268.00	0	5.28
1.80048	268.00	0	5.28
1.80518	271.00	0	5.28
1.81092	270.00	0	5.28
1.81562	279.00	0	5.28
1.82032	269.00	0	5.28
1.82503	301.00	0	5.28
1.83075	385.00	1	5.28
1.83550	411.00	0	5.28
1.84023	429.00	0	5.25
1.84601	432.00	0	5.25
1.85074	438.00	0	5.25
1.85541	445.00	0	5.25
1.86008	442.00	0	5.25
1.86583	443.00	0	5.25
1.87053	373.00	1	5.25
1.87529	313.00	0	5.41
1.88102	279.00	0	5.41
1.88578	267.00	0	5.41
1.89054	263.00	0	5.41
1.89529	251.00	0	5.41
1.90096	248.00	0	5.41
1.90575	253.00	0	5.41
1.91043	252.00	0	5.41
1.91606	299.00	1	5.41
1.92084	368.00	0	5.41
1.92564	427.00	0	5.38
1.93043	449.00	0	5.38
1.93513	452.00	0	5.38
1.94094	458.00	0	5.38
1.94571	457.00	0	5.38
1.95046	456.00	0	5.38
1.95514	457.00	0	5.38
1.96099	379.00	1	5.38
1.96578	317.00	0	5.38
1.97062	273.00	0	5.54
1.97538	270.00	0	5.54
1.98010	270.00	0	5.54
1.98599	265.00	0	5.54
1.99070	272.00	0	5.54
1.99557	274.00	0	5.54
2.00031	273.00	0	5.54
2.00507	277.00	0	5.54
2.01093	316.00	1	5.54
2.01603	397.00	0	5.55
2.02076	418.00	0	5.55
2.02548	427.00	0	5.55
2.03024	434.00	0	5.55
2.03590	433.00	0	5.55
2.04070	447.00	0	5.55
2.04550	444.00	0	5.55
2.05019	436.00	0	5.55
2.05589	347.00	1	5.55
2.06069	286.00	0	5.39
2.06540	278.00	0	5.39
2.07009	265.00	0	5.39
2.07574	255.00	0	5.39
2.08056	254.00	0	5.39
2.08535	245.00	0	5.39
2.09012	254.00	0	5.39
2.09592	262.00	0	5.39
2.10066	308.00	1	5.39
2.10542	387.00	0	5.42
2.11018	430.00	0	5.42
2.11592	453.00	0	5.42
2.12060	456.00	0	5.42
2.12528	458.00	0	5.42
2.13105	460.00	0	5.42
2.13575	447.00	0	5.42
2.14047	443.00	0	5.42
2.14519	351.00	0	5.42
2.15081	281.00	1	5.42
2.15554	274.00	0	5.27
2.16026	266.00	0	5.27
2.16508	273.00	0	5.27
2.17088	268.00	0	5.27
2.17559	271.00	0	5.27
2.18035	279.00	0	5.27
2.18505	268.00	0	5.27
2.19075	301.00	0	5.27
2.19546	361.00	1	5.27
2.20021	410.00	0	5.42
2.20598	429.00	0	5.42
2.21066	429.00	0	5.42
2.21542	441.00	0	5.42
2.22014	439.00	0	5.42
2.22584	445.00	0	5.42
2.23055	439.00	0	5.42
2.23527	358.00	1	5.42
2.24103	292.00	0	5.57
2.24573	277.00	0	5.57
2.25039	269.00	0	5.57
2.25511	260.00	0	5.57
2.26081	246.00	0	5.57
2.26561	251.00	0	5.57
2.27036	250.00	0	5.57
2.27511	257.00	0	5.57
2.28088	317.00	1	5.57
2.28560	383.00	0	5.55
2.29027	437.00	0	5.55
2.29602	451.00	0	5.55
2.30082	454.00	0	5.55
2.30554	459.00	0	5.55
2.31025	454.00	0	5.55
2.31592	459.00	0	5.55
2.32063	435.00	0	5.55
2.32532	346.00	1	5.55
2.33006	288.00	0	5.73
2.33574	269.00	0	5.73
2.34049	273.00	0	5.73
2.34521	267.00	0	5.73
2.35101	267.00	0	5.73
2.35569	276.00	0	5.73
2.36040	275.00	0	5.73
2.36508	277.00	0	5.73
2.37084	302.00	0	5.73
2.37554	369.00	1	5.73
2.38026	413.00	0	5.55
2.38604	424.00	0	5.55
2.39077	436.00	0	5.55
2.39543	435.00	0	5.55
2.40007	442.00	0	5.55
2.40578	448.00	0	5.55
2.41047	435.00	0	5.55
2.41515	366.00	1	5.55
2.42086	484.00	0	5.55
2.42558	275.00	0	5.56
2.43022	273.00	0	5.56
2.43606	253.00	0	5.56
2.44078	252.00	0	5.56
2.44556	249.00	0	5.56
2.45024	250.00	0	5.56
2.45596	264.00	0	5.56
2.46067	303.00	1	5.56
2.46540	383.00	0	5.56
2.47004	430.00	0	5.56
2.47578	448.00	0	5.56
2.48054	458.00	0	5.56
2.48525	455.00	0	5.56
2.49099	459.00	0	5.56
2.49568	455.00	0	5.56
2.50037	444.00	0	5.56
2.50507	363.00	1	5.56
2.51082	285.00	0	5.56
2.51551	277.00	0	5.56
2.52022	268.00	0	5.56
2.52598	266.00	0	5.56
2.53075	271.00	0	5.56
2.53538	270.00	0	5.56
2.54005	281.00	0	5.56
2.54574	272.00	0	5.56
2.55051	286.00	0	5.56
2.55519	353.00	1	5.56
2.56095	411.00	0	5.57
2.56566	427.00	0	5.57
2.57041	430.00	0	5.57
2.57508	437.00	0	5.57
2.58078	444.00	0	5.57
2.58559	442.00	0	5.57
2.59025	448.00	0	5.57
2.59600	377.00	1	5.57
2.60074	312.00	0	5.57
2.60549	279.00	0	5.53
2.61014	270.00	0	5.53
2.61582	264.00	0	5.53
2.62054	252.00	0	5.53
2.62525	249.00	0	5.53
2.63105	256.00	0	5.53
2.63584	254.00	0	5.53
2.64057	298.00	1	5.53
2.64526	361.00	0	5.53
2.65101	433.00	0	5.56
2.65572	450.00	0	5.56
2.66050	451.00	0	5.56
2.66521	458.00	0	5.56
2.67090	455.00	0	5.56
2.67558	455.00	0	5.56
2.68033	458.00	0	5.56
2.68505	395.00	1	5.56
2.69078	316.00	0	5.56
2.69552	275.00	0	5.56
2.70021	269.00	0	5.56
2.70597	273.00	0	5.56
2.71070	270.00	0	5.56
2.71541	276.00	0	5.56
2.72006	274.00	0	5.56
2.72578	273.00	0	5.56
2.73046	285.00	0	5.56
2.73525	323.00	1	5.56
2.74105	404.00	0	5.56
2.74578	421.00	0	5.55
2.75045	427.00	0	5.55
2.75513	437.00	0	5.55
2.76077	436.00	0	5.55
2.76552	447.00	0	5.55
2.77018	445.00	0	5.55
2.77592	420.00	0	5.55
2.78065	348.00	1	5.55
2.78539	290.00	0	5.42
2.79008	278.00	0	5.42
2.79583	266.00	0	5.42
2.80057	256.00	0	5.42
2.80528	254.00	0	5.42
2.81102	246.00	0	5.42
2.81573	253.00	0	5.42
2.82043	265.00	0	5.42
2.82513	322.00	1	5.42
2.83088	413.00	0	5.42
2.83561	437.00	0	5.42
2.84043	455.00	0	5.42
2.84514	455.00	0	5.42
2.85089	457.00	0	5.42
2.85559	460.00	0	5.42
2.86027	454.00	0	5.42
2.86602	445.00	0	5.42
2.87076	362.00	1	5.42
2.87547	297.00	0	5.42
2.88018	274.00	0	5.42
2.88597	267.00	0	5.38
2.89070	271.00	0	5.38
2.89548	271.00	0	5.38
2.90018	273.00	0	5.38
2.90598	282.00	0	5.38
2.91071	268.00	0	5.38
2.91540	297.00	0	5.38
2.92013	970.00	0	5.38
2.92582	409.00	0	5.38
2.93044	426.00	0	5.38
2.93510	428.00	0	5.38
2.94092	437.00	0	5.38
2.94568	442.00	0	5.38
2.95043	442.00	0	5.38
2.95515	448.00	0	5.38
2.96084	411.00	0	5.38
2.96563	339.00	0	5.38
2.97036	286.00	0	5.38
2.97502	272.00	0	5.38
2.98075	268.00	0	5.38
2.98549	251.00	0	5.38
2.99022	253.00	0	5.38
2.99598	251.00	0	5.38
3.00080	251.00	0	5.38
3.00558	273.00	0	5.38
3.01027	327.00	1	5.38
3.01592	418.00	0	5.38
3.02063	441.00	0	3.64
3.02535	453.00	0	3.64
3.03001	459.00	0	3.64
3.03579	455.00	0	3.64
3.04056	459.00	0	3.64
3.04539	455.00	0	3.64
3.05011	451.00	0	3.64
3.05582	356.00	0	3.64
3.06053	290.00	1	3.64
3.06528	275.00	0	3.57
3.07102	271.00	0	3.57
3.07571	266.00	0	3.57
3.08047	273.00	0	3.57
3.08522	268.00	0	3.57
3.09088	279.00	0	3.57
3.09563	273.00	0	3.57
3.10037	281.00	0	3.57
3.10507	321.00	1	3.57
3.11078	395.00	0	3.57
3.11551	422.00	0	3.57
3.12035	428.00	0	3.57
3.12507	435.00	0	3.57
3.13086	443.00	0	3.57
3.13556	438.00	0	3.57
3.14042	449.00	0	3.57
3.14516	509.00	0	3.57
3.15095	374.00	0	3.57
3.15562	321.00	0	3.57
3.16033	275.00	1	3.57
3.16502	276.00	0	3.57
3.17078	263.00	0	3.45
3.17548	253.00	0	3.45
3.18016	252.00	0	3.45
3.18596	246.00	0	3.45
3.19070	254.00	0	3.45
3.19549	262.00	0	3.45
3.20014	304.00	1	3.45
3.20591	392.00	0	5.27
3.21064	431.00	0	5.27
3.21552	452.00	0	5.27
3.22018	456.00	0	5.27
3.22592	457.00	0	5.27
3.23072	460.00	0	5.27
3.23543	454.00	0	5.27
3.24008	460.00	0	5.27
3.24586	399.00	1	5.27
3.25062	325.00	0	5.27
3.25540	282.00	0	5.27
3.26010	269.00	0	5.40
3.26580	270.00	0	5.40
3.27052	271.00	0	5.40
3.27528	269.00	0	5.40
3.28104	278.00	0	5.40
3.28573	274.00	0	5.40
3.29044	272.00	0	5.40
3.29515	297.00	0	5.40
3.30088	375.00	1	5.40
3.30565	416.00	0	5.40
3.31034	422.00	0	5.11
3.31600	433.00	0	5.11
3.32079	437.00	0	5.11
3.32540	440.00	0	5.11
3.33006	448.00	0	5.11
3.33576	438.00	0	5.11
3.34051	384.00	1	5.11
3.34523	317.00	0	5.55
3.35101	273.00	0	5.55
3.35570	274.00	0	5.55
3.36044	258.00	0	5.55
3.36521	255.00	0	5.55
3.37094	250.00	0	5.55
3.37563	247.00	0	5.55
3.38021	255.00	0	5.55
3.38604	276.00	0	5.55
3.39084	348.00	1	5.55
3.39565	419.00	0	5.24
3.40042	444.00	0	5.24
3.40514	453.00	0	5.24
3.41106	453.00	0	5.24
3.41584	459.00	0	5.24
3.42067	457.00	0	5.24
3.42549	455.00	0	5.24
3.43022	428.00	0	5.24
3.43606	325.00	0	5.24
3.44083	278.00	1	5.24
3.44580	271.00	0	5.24
3.45066	267.00	0	5.13
3.45556	273.00	0	5.13
3.46041	265.00	0	5.13
3.46541	274.00	0	5.13
3.47017	277.00	0	5.13
3.47504	269.00	0	5.13
3.48089	303.00	0	5.13
3.48573	359.00	1	5.13
3.49048	412.00	0	5.13
3.49531	422.00	0	5.41
3.50006	428.00	0	5.41
3.50596	440.00	0	5.41
3.51075	440.00	0	5.41
3.51550	449.00	0	5.41
3.52026	443.00	0	5.41
3.52517	389.00	1	5.41
3.53002	325.00	0	5.42
3.53587	274.00	0	5.42
3.54073	274.00	0	5.42
3.54558	263.00	0	5.42
3.55034	252.00	0	5.42
3.55501	253.00	0	5.42
3.56088	246.00	0	5.42
3.56570	254.00	0	5.42
3.57058	269.00	0	5.42
3.57539	329.00	1	5.42
3.58008	410.00	0	5.42
3.58599	440.00	0	5.42
3.59077	453.00	0	5.42
3.59556	458.00	0	5.42
3.60035	455.00	0	5.42
3.60511	460.00	0	5.42
3.61098	453.00	0	5.42
3.61588	423.00	0	5.42
3.62072	337.00	1	5.42
3.62551	280.00	0	5.42
3.63060	275.00	0	5.56
3.63535	268.00	0	5.56
3.64014	272.00	0	5.56
3.64589	270.00	0	5.56
3.65059	271.00	0	5.56
3.65529	281.00	0	5.56
3.66007	269.00	0	5.56
3.66588	293.00	0	5.56
3.67061	344.00	1	5.56
3.67536	403.00	0	5.56
3.68002	422.00	0	5.56
3.68579	429.00	0	5.41
3.69050	439.00	0	5.41
3.69522	440.00	0	5.41
3.70097	442.00	0	5.41
3.70571	449.00	0	5.41
3.71043	401.00	1	5.41
3.71520	335.00	0	5.40
3.72100	282.00	0	5.40
3.72582	271.00	0	5.40
3.73057	269.00	0	5.40
3.73532	252.00	0	5.40
3.74100	250.00	0	5.40
3.74576	250.00	0	5.40
3.75043	251.00	0	5.40
3.75509	265.00	0	5.40
3.76078	322.00	1	5.40
3.76558	403.00	0	5.40
3.77037	439.00	0	5.39
3.77516	450.00	0	5.39
3.78089	462.00	0	5.39
3.78558	455.00	0	5.39
3.79019	459.00	0	5.39
3.79597	459.00	0	5.39
3.80090	437.00	0	5.39
3.80568	268.00	0	5.39
3.81039	291.00	0	5.39
3.81505	277.00	0	5.39
3.82082	272.00	0	5.39
3.82568	264.00	0	5.39
3.83047	272.00	0	5.39
3.83526	268.00	0	5.39
3.84090	279.00	0	5.39
3.84541	275.00	0	5.39
3.85019	282.00	0	5.39
3.85622	349.00	0	5.39
3.86098	403.00	0	5.39
3.86568	423.00	0	5.39
3.87056	429.00	0	5.39
3.87521	434.00	0	5.39
3.88092	446.00	0	5.39
3.88570	441.00	0	5.39
3.89036	450.00	0	5.39
3.89508	424.00	0	5.39
3.90083	337.00	1	5.39
3.90550	293.00	0	5.39
3.91025	270.00	0	3.57
3.91600	267.00	0	3.57
3.92072	258.00	0	3.57
3.92535	249.00	0	3.57
3.93004	252.00	0	3.57
3.93572	249.00	0	3.57
3.94045	263.00	0	3.57
3.94508	304.00	1	3.57
3.95087	391.00	0	3.64
3.95553	438.00	0	3.64
3.96033	448.00	0	3.64
3.96505	460.00	0	3.64
3.97090	460.00	0	3.64
3.97563	457.00	0	3.64
3.98041	461.00	0	3.64
3.98516	454.00	0	3.64
3.99095	427.00	0	3.64
3.99571	346.00	1	3.64
4.00040	287.00	0	3.64
4.00514	276.00	0	3.51
4.01082	268.00	0	3.51
4.01552	272.00	0	3.51
4.02029	271.00	0	3.51
4.02514	271.00	0	3.51
4.03085	282.00	0	3.51
4.03566	272.00	0	3.51
4.04045	282.00	0	3.51
4.04527	316.00	0	3.51
4.05006	387.00	1	3.51
4.05578	421.00	0	3.51
4.06060	426.00	0	3.46
4.06534	435.00	0	3.46
4.07016	438.00	0	3.46
4.07599	440.00	0	3.46
4.08073	449.00	0	3.46
4.08541	442.00	0	3.46
4.09019	424.00	0	3.46
4.09586	337.00	1	3.46
4.10057	286.00	0	5.13
4.10534	276.00	0	5.13
4.11026	265.00	0	5.13
4.11570	259.00	0	5.13
4.12053	252.00	0	5.13
4.12537	246.00	0	5.13
4.13003	255.00	0	5.13
4.13572	256.00	0	5.13
4.14042	299.00	1	5.13
4.14581	378.00	0	5.12
4.15059	432.00	0	5.12
4.15531	450.00	0	5.12
4.16006	451.00	0	5.12
4.16588	460.00	0	5.12
4.17062	458.00	0	5.12
4.17549	456.00	0	5.12
4.18031	459.00	0	5.12
4.18505	433.00	0	5.12
4.19084	340.00	0	5.12
4.19548	284.00	1	5.12
4.20022	270.00	0	5.01
4.20526	275.00	0	5.01
4.21101	270.00	0	5.01
4.21575	273.00	0	5.01
4.22074	278.00	0	5.01
4.22544	279.00	0	5.01
4.23054	276.00	0	5.01
4.23524	298.00	0	5.01
4.24013	365.00	1	5.01
4.24599	415.00	0	5.26
4.25076	423.00	0	5.26
4.25559	437.00	0	5.26
4.26045	434.00	0	5.26
4.26544	442.00	0	5.26
4.27042	447.00	0	5.26
4.27532	445.00	0	5.26
4.28023	421.00	0	5.26
4.28513	356.00	1	5.26
4.29106	284.00	0	5.28
4.29590	275.00	0	5.28
4.30077	264.00	0	5.28
4.30555	260.00	0	5.28
4.31037	247.00	0	5.28
4.31512	252.00	0	5.28
4.32104	255.00	0	5.28
4.32584	263.00	0	5.28
4.33065	327.00	1	5.28
4.33542	393.00	0	5.26
4.34021	440.00	0	5.26
4.34506	451.00	0	5.26
4.35092	456.00	0	5.26
4.35573	463.00	0	5.26
4.36059	454.00	0	5.26
4.36541	459.00	0	5.26
4.37001	456.00	0	5.26
4.37563	382.00	1	5.26
4.38025	323.00	0	5.26
4.38522	273.00	0	5.26
4.39024	274.00	0	5.55
4.39588	271.00	0	5.55
4.40015	270.00	0	5.55
4.40577	277.00	0	5.55
4.41033	274.00	0	5.55
4.41519	280.00	0	5.55
4.42116	283.00	0	5.55
4.42591	316.00	1	5.55
4.43068	392.00	0	5.55
4.43542	413.00	0	5.38
4.44015	430.00	0	5.38
4.44595	434.00	0	5.38
4.45079	437.00	0	5.38
4.45554	449.00	0	5.38
4.46025	444.00	0	5.38
4.46503	446.00	0	5.38
4.47090	375.00	1	5.38
4.47570	310.00	0	5.38
4.48051	283.00	0	5.38
4.48523	269.00	0	5.38
4.49006	261.00	0	5.38
4.49577	254.00	0	5.38
4.50001	246.00	0	5.38
4.50578	255.00	0	5.38
4.51000	253.00	0	5.38
4.51579	290.00	1	5.38
4.52041	374.00	0	5.40
4.52603	425.00	0	5.40
4.53060	449.00	0	5.40
4.53507	449.00	0	5.40
4.54022	458.00	0	5.40
4.54517	460.00	0	5.40
4.55036	456.00	0	5.40
4.55525	460.00	0	5.40
4.56017	442.00	0	5.40
4.56512	361.00	1	5.40
4.57123	287.00	0	5.28
4.57597	270.00	0	5.28
4.58085	274.00	0	5.28
4.58586	266.00	0	5.28
4.59068	271.00	0	5.28
4.59550	276.00	0	5.28
4.60039	278.00	0	5.28
4.60525	278.00	0	5.28
4.61014	283.00	0	5.28
4.61602	345.00	1	5.28
4.62090	406.00	0	5.28
4.62565	420.00	0	5.28
4.63036	433.00	0	5.26
4.63512	433.00	0	5.26
4.64090	441.00	0	5.26
4.64563	446.00	0	5.26
4.65040	446.00	0	5.26
4.65506	431.00	0	5.26
4.66078	333.00	0	5.26
4.66547	287.00	1	5.26
4.67025	274.00	0	5.14
4.67600	264.00	0	5.14
4.68082	258.00	0	5.14
4.68551	248.00	0	5.14
4.69026	252.00	0	5.14
4.69599	256.00	0	5.14
4.70074	264.00	0	5.14
4.70547	327.00	1	5.14
4.71019	393.00	0	5.14
4.71597	442.00	0	5.27
4.72079	454.00	0	5.27
4.72560	455.00	0	5.27
4.73034	462.00	0	5.27
4.73603	454.00	0	5.27
4.74072	460.00	0	5.27
4.74543	436.00	0	5.27
4.75021	348.00	1	5.27
4.75594	285.00	0	5.40
4.76072	269.00	0	5.40
4.76543	272.00	0	5.40
4.77011	269.00	0	5.40
4.77578	267.00	0	5.40
4.78053	278.00	0	5.40
4.78525	277.00	0	5.40
4.79106	273.00	0	5.40
4.79574	298.00	0	5.40
4.80044	353.00	1	5.40
4.80513	411.00	0	5.40
4.81082	423.00	0	5.42
4.81558	432.00	0	5.42
4.82045	437.00	0	5.42
4.82527	439.00	0	5.42
4.83105	448.00	0	5.42
4.83589	441.00	0	5.42
4.84072	374.00	1	5.42
4.84559	313.00	0	5.71
4.85033	277.00	0	5.71
4.85505	276.00	0	5.71
4.86095	259.00	0	5.71
4.86577	252.00	0	5.71
4.87051	250.00	0	5.71
4.87527	248.00	0	5.71
4.88105	259.00	0	5.71
4.88588	283.00	0	5.71
4.89070	357.00	1	5.71
4.89546	425.00	0	5.71
4.90021	444.00	0	5.40
4.90602	460.00	0	5.40
4.91084	457.00	0	5.40
4.91564	458.00	0	5.40
4.92042	457.00	0	5.40
4.92513	454.00	0	5.40
4.93106	383.00	1	5.40
4.93586	305.00	0	5.40
4.94074	278.00	0	5.53
4.94553	274.00	0	5.53
4.95048	267.00	0	5.53
4.95537	274.00	0	5.53
4.96020	265.00	0	5.53
4.96506	275.00	0	5.53
4.97097	281.00	0	5.53
4.97580	272.00	0	5.53
4.98056	315.00	1	5.53
4.98535	377.00	0	5.55
4.99012	416.00	0	5.55
4.99604	430.00	0	5.55
5.00086	432.00	0	5.55
5.00566	443.00	0	5.55
5.01045	439.00	0	5.55
5.01525	447.00	0	5.55
5.02006	439.00	0	5.55
5.02591	349.00	0	5.55
5.03068	301.00	1	5.55
5.03542	275.00	0	5.55
5.04019	274.00	0	5.26
5.04599	260.00	0	5.26
5.05079	249.00	0	5.26
5.05559	253.00	0	5.26
5.06036	249.00	0	5.26
5.06515	260.00	0	5.26
5.07098	307.00	1	5.26
5.07578	373.00	0	5.55
5.08054	435.00	0	5.55
5.08534	448.00	0	5.55
5.09004	460.00	0	5.55
5.09590	458.00	0	5.55
5.10073	456.00	0	5.55
5.10554	460.00	0	5.55
5.11032	452.00	0	5.55
5.11508	387.00	1	5.55
5.12094	309.00	0	5.43
5.12588	273.00	0	5.43
5.13074	276.00	0	5.43
5.13553	266.00	0	5.43
5.14028	273.00	0	5.43
5.14509	272.00	0	5.43
5.15002	277.00	0	5.43
5.15593	284.00	0	5.43
5.16084	277.00	0	5.43
5.16569	319.00	1	5.43
5.17044	392.00	0	5.43
5.17526	416.00	0	5.40
5.18005	431.00	0	5.40
5.18597	432.00	0	5.40
5.19076	439.00	0	5.40
5.19566	443.00	0	5.40
5.20046	445.00	0	5.40
5.20526	443.00	0	5.40
5.21006	365.00	1	5.40
5.21598	298.00	0	5.57
5.22084	276.00	0	5.57
5.22563	268.00	0	5.57
5.23039	266.00	0	5.57
5.23509	250.00	0	5.57
5.24096	252.00	0	5.57
5.24578	254.00	0	5.57
5.25060	255.00	0	5.57
5.25533	294.00	1	5.57
5.26006	359.00	0	5.42
5.26594	433.00	0	5.42
5.27075	452.00	0	5.42
5.27556	456.00	0	5.42
5.28038	461.00	0	5.42
5.28514	454.00	0	5.42
5.29102	461.00	0	5.42
5.29594	459.00	0	5.42
5.30080	394.00	1	5.42
5.30568	326.00	0	5.38
5.31048	274.00	0	5.38
5.31532	273.00	0	5.38
5.32015	270.00	0	5.38
5.32608	270.00	0	5.38
5.33094	275.00	0	5.38
5.33573	277.00	0	5.38
5.34060	282.00	0	5.38
5.34538	276.00	0	5.38
5.35014	309.00	0	5.38
5.35598	397.00	1	5.38
5.36090	416.00	0	5.26
5.36594	428.00	0	5.26
5.37079	435.00	0	5.26
5.37564	439.00	0	5.26
5.38041	448.00	0	5.26
5.38517	442.00	0	5.26
5.39104	442.00	0	5.26
5.39589	379.00	1	5.26
5.40073	314.00	0	5.26
5.40559	282.00	0	5.38
5.41031	270.00	0	5.38
5.41516	266.00	0	5.38
5.42042	575.00	0	5.38
5.42525	248.00	0	5.38
5.43001	256.00	0	5.38
5.43599	257.00	0	5.38
5.44094	291.00	1	5.38
5.44584	364.00	0	5.38
5.45066	423.00	0	5.39
5.45545	449.00	0	5.39
5.46020	454.00	0	5.39
5.46504	459.00	0	5.39
5.47100	461.00	0	5.39
5.47581	456.00	0	5.39
5.48066	460.00	0	5.39
5.48544	438.00	0	5.39
5.49037	356.00	1	5.39
5.49522	295.00	0	5.28
5.50003	272.00	0	5.28
5.50596	275.00	0	5.28
5.51077	270.00	0	5.28
5.51557	273.00	0	5.28
5.52039	277.00	0	5.28
5.52517	279.00	0	5.28
5.53102	277.00	0	5.28
5.53589	297.00	0	5.28
5.54070	363.00	1	5.28
5.54551	410.00	0	5.28
5.55034	421.00	0	5.41
5.55506	434.00	0	5.41
5.56104	436.00	0	5.41
5.56593	442.00	0	5.41
5.57075	447.00	0	5.41
5.57552	445.00	0	5.41
5.58029	433.00	0	5.41
5.58506	347.00	1	5.41
5.59102	285.00	0	5.29
5.59583	276.00	0	5.29
5.60061	264.00	0	5.29
5.60541	261.00	0	5.29
5.61027	249.00	0	5.29
5.61509	251.00	0	5.29
5.62093	64.00	0	5.29
5.62590	132.00	1	5.29
5.63090	332.00	0	5.29
5.63602	406.00	0	5.41
5.64100	442.00	0	5.41
5.64604	456.00	0	5.41
5.65084	458.00	0	5.41
5.65566	461.00	0	5.41
5.66043	455.00	0	5.41
5.66521	460.00	0	5.41
5.67006	456.00	0	5.41
5.67595	375.00	1	5.41
5.68081	314.00	0	5.39
5.68561	273.00	0	5.39
5.69038	273.00	0	5.39
5.69526	271.00	0	5.39
5.70011	270.00	0	5.39
5.70605	276.00	0	5.39
5.71096	277.00	0	5.39
5.71575	277.00	0	5.39
5.72003	279.00	0	5.39
5.72600	322.00	1	5.39
5.73027	395.00	0	5.39
5.73555	416.00	0	5.40
5.74034	432.00	0	5.40
5.74607	440.00	0	5.40
5.75007	437.00	0	5.40
5.75534	445.00	0	5.40
5.76005	443.00	0	5.40
5.76582	441.00	0	5.40
5.77053	372.00	1	5.40
5.77530	310.00	0	5.39
5.78104	280.00	0	5.39
5.78584	269.00	0	5.39
5.79054	260.00	0	5.39
5.79520	254.00	0	5.39
5.80091	247.00	0	5.39
5.80568	256.00	0	5.39
5.81044	256.00	0	5.39
5.81515	290.00	1	5.39
5.82086	373.00	0	5.28
5.82563	426.00	0	5.28
5.83038	452.00	0	5.28
5.83512	454.00	0	5.28
5.84083	459.00	0	5.28
5.84563	461.00	0	5.28
5.85035	458.00	0	5.28
5.85501	461.00	0	5.28
5.86074	397.00	1	5.28
5.86554	327.00	0	5.28
5.87026	280.00	0	5.28
5.87605	269.00	0	5.41
5.88084	274.00	0	5.41
5.88561	269.00	0	5.41
5.89035	273.00	0	5.41
5.89504	277.00	0	5.41
5.90085	276.00	0	5.41
5.90570	282.00	0	5.41
5.91046	310.00	0	5.41
5.91516	383.00	1	5.41
5.92082	418.00	0	5.41
5.92556	427.00	0	5.29
5.93024	435.00	0	5.29
5.93607	438.00	0	5.29
5.94082	443.00	0	5.29
5.94553	448.00	0	5.29
5.95022	437.00	0	5.29
5.95597	359.00	1	5.29
5.96075	296.00	0	5.39
5.96548	277.00	0	5.39
5.97025	272.00	0	5.39
5.97599	254.00	0	5.39
5.98081	256.00	0	5.39
5.98552	247.00	0	5.39
5.99026	253.00	0	5.39
5.99599	264.00	0	5.39
6.00077	302.00	1	5.39
6.00548	379.00	0	5.39
6.01015	427.00	0	5.39
6.01594	452.00	0	5.39
6.02069	461.00	0	5.39
6.02544	458.00	0	5.39
6.03019	461.00	0	5.39
6.03597	456.00	0	5.39
6.04076	450.00	0	5.39
6.04552	367.00	1	5.39
6.05027	302.00	0	5.39
6.05600	277.00	0	5.41
6.06078	270.00	0	5.41
6.06562	270.00	0	5.41
6.07030	274.00	0	5.41
6.07607	273.00	0	5.41
6.08083	285.00	0	5.41
6.08552	272.00	0	5.41
6.09024	291.00	0	5.41
6.09601	358.00	1	5.41
6.10098	406.00	0	5.53
6.10605	427.00	0	5.53
6.11075	429.00	0	5.53
6.11535	437.00	0	5.53
6.12009	440.00	0	5.53
6.12591	445.00	0	5.53
6.13071	447.00	0	5.53
6.13573	372.00	1	5.53
6.14052	313.00	0	5.56
6.14521	280.00	0	5.56
6.15102	269.00	0	5.56
6.15538	266.00	0	5.56
6.16011	250.00	0	5.56
6.16601	249.00	0	5.56
6.17073	253.00	0	5.56
6.17552	252.00	0	5.56
6.18033	284.00	0	5.56
6.18507	345.00	1	5.56
6.19095	427.00	0	5.56
6.19570	447.00	0	5.43
6.20049	453.00	0	5.43
6.20525	463.00	0	5.43
6.21105	455.00	0	5.43
6.21583	458.00	0	5.43
6.22062	456.00	0	5.43
6.22542	393.00	1	5.43
6.23013	329.00	0	5.56
6.23594	273.00	0	5.56
6.24077	273.00	0	5.56
6.24557	272.00	0	5.56
6.25028	269.00	0	5.56
6.25605	274.00	0	5.56
6.26089	270.00	0	5.56
6.26571	280.00	0	5.56
6.27047	278.00	0	5.56
6.27529	307.00	1	5.56
6.28006	385.00	0	5.56
6.28595	416.00	0	5.58
6.29075	428.00	0	5.58
6.29555	434.00	0	5.58
6.30027	438.00	0	5.58
6.30508	446.00	0	5.58
6.31105	223.00	0	5.58
6.31579	432.00	0	5.58
6.32043	359.00	1	5.58
6.32524	300.00	0	5.41
6.33104	280.00	0	5.41
6.33594	270.00	0	5.41
6.34079	258.00	0	5.41
6.34564	254.00	0	5.41
6.35052	247.00	0	5.41
6.35534	256.00	0	5.41
6.36020	255.00	0	5.41
6.36504	291.00	1	5.41
6.37095	380.00	0	5.56
6.37566	427.00	0	5.56
6.38035	451.00	0	5.56
6.38519	456.00	0	5.56
6.39105	457.00	0	5.56
6.39586	461.00	0	5.56
6.40067	454.00	0	5.56
6.40556	459.00	0	5.56
6.41088	383.00	1	5.56
6.41563	321.00	0	5.39
6.42103	280.00	0	5.39
6.42583	270.00	0	5.39
6.43098	272.00	0	5.39
6.43570	268.00	0	5.39
6.44044	272.00	0	5.39
6.44522	280.00	0	5.39
6.45100	277.00	0	5.39
6.45589	284.00	0	5.39
6.46101	323.00	1	5.39
6.46581	395.00	0	5.39
6.47084	421.00	0	5.38
6.47601	426.00	0	5.38
6.48013	437.00	0	5.38
6.48534	437.00	0	5.38
6.49045	445.00	0	5.38
6.49591	452.00	0	5.38
6.50031	431.00	0	5.38
6.50513	362.00	1	5.38
6.51040	293.00	0	5.41
6.51504	275.00	0	5.41
6.52078	272.00	0	5.41
6.52588	256.00	0	5.41
6.53066	257.00	0	5.41
6.53545	248.00	0	5.41
6.54028	254.00	0	5.41
6.54586	33.00	0	5.41
6.55073	305.00	0	5.41
6.55551	385.00	1	5.41
6.56038	430.00	0	5.41
6.56520	451.00	0	5.25
6.57003	459.00	0	5.25
6.57593	456.00	0	5.25
6.58074	464.00	0	5.25
6.58554	455.00	0	5.25
6.59034	456.00	0	5.25
6.59515	400.00	1	5.25
6.60105	309.00	0	5.43
6.60580	280.00	0	5.43
6.61067	270.00	0	5.43
6.61540	270.00	0	5.43
6.62030	274.00	0	5.43
6.62516	271.00	0	5.43
6.63099	283.00	0	5.43
6.63577	281.00	0	5.43
6.64043	278.00	0	5.43
6.64533	313.00	0	5.43
6.65011	384.00	1	5.43
6.65603	422.00	0	5.29
6.66087	427.00	0	5.29
6.66583	436.00	0	5.29
6.67055	441.00	0	5.29
6.67546	442.00	0	5.29
6.68026	452.00	0	5.29
6.68512	442.00	0	5.29
6.69008	403.00	1	5.29
6.69602	324.00	0	5.29
6.70099	276.00	0	5.41
6.70601	276.00	0	5.41
6.71003	263.00	0	5.41
6.71501	259.00	0	5.41
6.72114	254.00	0	5.41
6.72520	250.00	0	5.41
6.73007	260.00	0	5.41
6.73502	270.00	0	5.41
6.74106	355.00	1	5.41
6.74519	417.00	0	5.39
6.75003	443.00	0	5.39
6.75502	458.00	0	5.39
6.76091	459.00	0	5.39
6.76594	460.00	0	5.39
6.77073	462.00	0	5.39
6.77557	458.00	0	5.39
6.78040	456.00	0	5.39
6.78524	375.00	1	5.39
6.79007	315.00	0	5.26
6.79602	279.00	0	5.26
6.80090	270.00	0	5.26
6.80578	275.00	0	5.26
6.81071	273.00	0	5.26
6.81552	274.00	0	5.26
6.82011	283.00	0	5.26
6.82554	276.00	0	5.26
6.83059	291.00	0	5.26
6.83552	326.00	1	5.26
6.84029	399.00	0	5.26
6.84530	421.00	0	5.39
6.85038	426.00	0	5.39
6.85557	440.00	0	5.39
6.86062	437.00	0	5.39
6.86550	446.00	0	5.39
6.87015	448.00	0	5.39
6.87597	439.00	0	5.39
6.88101	380.00	1	5.39
6.88592	315.00	0	5.24
6.89065	279.00	0	5.24
6.89533	275.00	0	5.24
6.90009	264.00	0	5.24
6.90594	258.00	0	5.24
6.91077	250.00	0	5.24
6.91541	254.00	0	5.24
6.92012	257.00	0	5.24
6.92591	279.00	0	5.24
6.93061	350.00	1	5.24
6.93528	415.00	0	5.24
6.94013	446.00	0	5.28
6.94591	460.00	0	5.28
6.95061	458.00	0	5.28
6.95527	463.00	0	5.28
6.96113	460.00	0	5.28
6.96527	460.00	0	5.28
6.97013	457.00	0	5.28
6.97523	376.00	1	5.28
6.98002	317.00	0	5.28
6.98591	275.00	0	5.26
6.99069	274.00	0	5.26
6.99546	273.00	0	5.26
7.00018	271.00	0	5.26
7.00597	278.00	0	5.26
7.01079	281.00	0	5.26
7.01587	277.00	0	5.26
7.02092	290.00	0	5.26
7.02513	317.00	0	5.26
7.03026	397.00	1	5.26
7.03584	420.00	0	5.26
7.04093	428.00	0	5.13
7.04516	438.00	0	5.13
7.05057	438.00	0	5.13
7.05560	448.00	0	5.13
7.06023	443.00	0	5.13
7.06560	441.00	0	5.13
7.07059	383.00	1	5.13
7.07559	312.00	0	5.27
7.08062	282.00	0	5.27
7.08575	272.00	0	5.27
7.09067	263.00	0	5.27
7.09584	258.00	0	5.27
7.10124	248.00	0	5.27
7.10543	257.00	0	5.27
7.11098	260.00	0	5.27
7.11616	287.00	1	5.27
7.12086	359.00	0	5.27
7.12515	418.00	0	5.27
7.13024	449.00	0	5.39
7.13594	456.00	0	5.39
7.14074	460.00	0	5.39
7.14564	464.00	0	5.39
7.15003	457.00	0	5.39
7.15617	461.00	0	5.39
7.16091	425.00	1	5.39
7.16533	349.00	0	5.39
7.17022	288.00	0	5.39
7.17535	273.00	0	5.39
7.18099	275.00	0	5.39
7.18569	272.00	0	5.39
7.19043	272.00	0	5.39
7.19548	281.00	0	5.39
7.20102	281.00	0	5.39
7.20567	278.00	0	5.39
7.21072	297.00	0	5.39
7.21545	353.00	1	5.39
7.22066	414.00	0	5.39
7.22557	425.00	0	5.40
7.23035	435.00	0	5.40
7.23519	436.00	0	5.40
7.24102	442.00	0	5.40
7.24586	450.00	0	5.40
7.25062	444.00	0	5.40
7.25543	488.00	0	5.40
7.26022	337.00	0	5.40
7.26594	282.00	0	5.40
7.27077	278.00	1	5.40
7.27557	265.00	0	5.40
7.28029	260.00	0	5.00
7.28605	251.00	0	5.00
7.29087	251.00	0	5.00
7.29557	257.00	0	5.00
7.30029	262.00	0	5.00
7.30508	319.00	1	5.00
7.31095	403.00	0	5.29
7.31580	440.00	0	5.29
7.32060	457.00	0	5.29
7.32550	460.00	0	5.29
7.33025	464.00	0	5.29
7.33503	458.00	0	5.29
7.34083	459.00	0	5.29
7.34565	457.00	0	5.29
7.35040	380.00	1	5.29
7.35509	323.00	0	5.28
7.36084	276.00	0	5.28
7.36531	276.00	0	5.28
7.37025	274.00	0	5.28
7.37526	271.00	0	5.28
7.38046	276.00	0	5.28
7.38551	279.00	0	5.28
7.39075	280.00	0	5.28
7.39505	278.00	0	5.28
7.40104	315.00	0	5.28
7.40533	388.00	1	5.28
7.41038	414.00	0	5.27
7.41530	430.00	0	5.27
7.42076	438.00	0	5.27
7.42598	438.00	0	5.27
7.43089	447.00	0	5.27
7.43570	448.00	0	5.27
7.44049	441.00	0	5.27
7.44556	371.00	1	5.27
7.45052	305.00	0	5.72
7.45533	282.00	0	5.72
7.46059	273.00	0	5.72
7.46586	130.00	0	5.72
7.47071	256.00	0	5.72
7.47552	249.00	0	5.72
7.48038	257.00	0	5.72
7.48530	254.00	0	5.72
7.49021	276.00	0	5.72
7.49520	350.00	1	5.72
7.50013	820.00	0	5.72
7.50594	450.00	0	5.26
7.51065	457.00	0	5.26
7.51566	462.00	0	5.26
7.52054	463.00	0	5.26
7.52555	459.00	0	5.26
7.53033	462.00	0	5.26
7.53520	426.00	1	5.26
7.54003	344.00	0	5.41
7.54506	287.00	0	5.41
7.55013	278.00	0	5.41
7.55502	280.00	0	5.41
7.56095	273.00	0	5.41
7.56570	273.00	0	5.41
7.57057	281.00	0	5.41
7.57583	283.00	0	5.41
7.58093	279.00	0	5.41
7.58585	299.00	0	5.41
7.59072	358.00	1	5.41
7.59556	414.00	0	5.39
7.60029	424.00	0	5.39
7.60507	437.00	0	5.39
7.61106	440.00	0	5.39
7.61504	446.00	0	5.39
7.62101	452.00	0	5.39
7.62586	445.00	0	5.39
7.63061	396.00	1	5.39
7.63564	326.00	0	5.39
7.64058	286.00	0	5.40
7.64533	281.00	0	5.40
7.65028	267.00	0	5.40
7.65514	262.00	0	5.40
7.66099	254.00	0	5.40
7.66600	255.00	0	5.40
7.67083	263.00	0	5.40
7.67569	272.00	0	5.40
7.68057	346.00	1	5.40
7.68552	416.00	0	5.39
7.69043	446.00	0	5.39
7.69536	463.00	0	5.39
7.70039	461.00	0	5.39
7.70534	467.00	0	5.39
7.71041	462.00	0	5.39
7.71519	462.00	0	5.39
7.72045	435.00	0	5.39
7.72604	339.00	0	5.39
7.73079	292.00	1	5.39
7.73507	278.00	0	5.39
7.74001	278.00	0	5.11
7.74580	277.00	0	5.11
7.75085	273.00	0	5.11
7.75512	283.00	0	5.11
7.76073	287.00	0	5.11
7.76582	279.00	0	5.11
7.77063	306.00	0	5.11
7.77563	368.00	1	5.11
7.78078	420.00	0	5.41
7.78566	431.00	0	5.41
7.79066	434.00	0	5.41
7.79583	447.00	0	5.41
7.80085	444.00	0	5.41
7.80597	453.00	0	5.41
7.81079	449.00	0	5.41
7.81578	385.00	1	5.41
7.82075	327.00	0	5.41
7.82587	280.00	0	5.40
7.83075	279.00	0	5.40
7.83514	269.00	0	5.40
7.84026	261.00	0	5.40
7.84573	259.00	0	5.40
7.85059	253.00	0	5.40
7.85546	266.00	0	5.40
7.86065	291.00	0	5.40
7.86502	351.00	1	5.40
7.87102	435.00	0	5.42
7.87577	448.00	0	5.42
7.88085	466.00	0	5.42
7.88565	463.00	0	5.42
7.89049	464.00	0	5.42
7.89526	468.00	0	5.42
7.90023	462.00	0	5.42
7.90514	446.00	0	5.42
7.91016	353.00	0	5.42
7.91593	287.00	1	5.42
7.92104	283.00	0	5.42
7.92603	274.00	0	5.40
7.93104	281.00	0	5.40
7.93592	280.00	0	5.40
7.94066	285.00	0	5.40
7.94562	294.00	0	5.40
7.95043	277.00	0	5.40
7.95542	312.00	0	5.40
7.96053	373.00	1	5.40
7.96534	418.00	0	5.40
7.97010	434.00	0	5.41
7.97590	437.00	0	5.41
7.98067	447.00	0	5.41
7.98539	446.00	0	5.41
7.99028	453.00	0	5.41
7.99507	453.00	0	5.41
8.00103	397.00	1	5.41
8.00597	337.00	0	5.40
8.01076	287.00	0	5.40
8.01557	279.00	0	5.40
8.02053	274.00	0	5.40
8.02532	261.00	0	5.40
8.03026	262.00	0	5.40
8.03530	255.00	0	5.40
8.04010	264.00	0	5.40
8.04504	275.00	0	5.40
8.05092	345.00	1	5.40
8.05565	422.00	0	5.40
8.06081	450.00	0	5.38
8.06573	462.00	0	5.38
8.07063	469.00	0	5.38
8.07565	465.00	0	5.38
8.08069	471.00	0	5.38
8.08564	465.00	0	5.38
8.09058	462.00	0	5.38
8.09564	393.00	1	5.38
8.10051	320.00	0	5.38
8.10565	283.00	0	5.56
8.11009	280.00	0	5.56
8.11510	279.00	0	5.56
8.12094	284.00	0	5.56
8.12578	279.00	0	5.56
8.13042	293.00	0	5.56
8.13509	286.00	0	5.56
8.14085	292.00	0	5.56
8.14567	336.00	1	5.56
8.15045	402.00	0	5.40
8.15517	429.00	0	5.40
8.16092	436.00	0	5.40
8.16571	442.00	0	5.40
8.17048	448.00	0	5.40
8.17541	55.00	0	5.40
8.18015	457.00	0	5.40
8.18586	447.00	0	5.40
8.19093	372.00	1	5.40
8.19504	326.00	0	5.40
8.20104	280.00	0	5.27
8.20602	278.00	0	5.27
8.21088	268.00	0	5.27
8.21562	261.00	0	5.27
8.22031	261.00	0	5.27
8.22527	258.00	0	5.27
8.23106	272.00	0	5.27
8.23587	318.00	1	5.27
8.24082	389.00	0	5.27
8.24578	444.00	0	5.41
8.25067	457.00	0	5.41
8.25573	470.00	0	5.41
8.26074	468.00	0	5.41
8.26552	465.00	0	5.41
8.27086	472.00	0	5.41
8.27582	463.00	0	5.41
8.28090	410.00	1	5.41
8.28597	334.00	0	5.41
8.29090	286.00	0	5.40
8.29596	285.00	0	5.40
8.30099	275.00	0	5.40
8.30582	283.00	0	5.40
8.31065	279.00	0	5.40
8.31555	286.00	0	5.40
8.32050	294.00	0	5.40
8.32564	282.00	0	5.40
8.33038	319.00	0	5.40
8.33532	379.00	1	5.40
8.34008	422.00	0	5.40
8.34513	436.00	0	5.40
8.35005	438.00	0	5.27
8.35509	451.00	0	5.27
8.36092	450.00	0	5.27
8.36595	454.00	0	5.27
8.37017	458.00	0	5.27
8.37507	418.00	0	5.27
8.38021	342.00	1	5.27
8.38575	287.00	0	5.27
8.39086	278.00	0	5.28
8.39520	275.00	0	5.28
8.40056	261.00	0	5.28
8.40559	261.00	0	5.28
8.41079	259.00	0	5.28
8.41584	262.00	0	5.28
8.42183	292.00	0	5.28
8.42562	333.00	1	5.28
8.43032	410.00	0	5.28
8.43512	445.00	0	5.27
8.44094	462.00	0	5.27
8.44570	474.00	0	5.27
8.45056	466.00	0	5.27
8.45541	470.00	0	5.27
8.46020	467.00	0	5.27
8.46509	462.00	0	5.27
8.47102	374.00	1	5.27
8.47586	305.00	0	5.27
8.48078	285.00	0	5.26
8.48563	281.00	0	5.26
8.49046	277.00	0	5.26
8.49527	283.00	0	5.26
8.50013	278.00	0	5.26
8.50506	292.00	0	5.26
8.51000	288.00	0	5.26
8.51594	295.00	0	5.26
8.52083	343.00	1	5.26
8.52579	405.00	0	5.39
8.53061	431.00	0	5.39
8.53559	437.00	0	5.39
8.54046	442.00	0	5.39
8.54537	451.00	0	5.39
8.55021	449.00	0	5.39
8.55514	459.00	0	5.39
8.56003	446.00	0	5.39
8.56595	358.00	1	5.39
8.57081	305.00	0	5.38
8.57578	280.00	0	5.38
8.58064	279.00	0	5.38
8.58564	265.00	0	5.38
8.59047	260.00	0	5.38
8.59527	261.00	0	5.38
8.60019	259.00	0	5.38
8.60514	270.00	0	5.38
8.61105	320.00	1	5.38
8.61604	387.00	0	5.39
8.62092	445.00	0	5.39
8.62599	459.00	0	5.39
8.63093	471.00	0	5.39
8.63603	470.00	0	5.39
8.64092	467.00	0	5.39
8.64584	471.00	0	5.39
8.65067	460.00	0	5.39
8.65546	397.00	1	5.39
8.66021	327.00	0	5.42
8.66511	286.00	0	5.42
8.67097	287.00	0	5.42
8.67570	275.00	0	5.42
8.68044	282.00	0	5.42
8.68520	277.00	0	5.42
8.69100	285.00	0	5.42
8.69575	293.00	0	5.42
8.70055	285.00	0	5.42
8.70530	326.00	1	5.42
8.71003	392.00	0	5.42
8.71580	425.00	0	5.42
8.72056	439.00	0	5.42
8.72544	438.00	0	5.42
8.73032	454.00	0	5.42
8.73507	449.00	0	5.42
8.74092	454.00	0	5.42
8.74571	445.00	0	5.42
8.75045	361.00	1	5.42
8.75531	311.00	0	5.42
8.76006	281.00	0	5.42
8.76606	275.00	0	5.42
8.77079	269.00	0	5.42
8.77552	257.00	0	5.42
8.78028	262.00	0	5.42
8.78522	259.00	0	5.42
8.79106	266.00	0	5.42
8.79578	310.00	1	5.42
8.80058	374.00	0	5.41
8.80543	438.00	0	5.41
8.81032	454.00	0	5.41
8.81504	468.00	0	5.41
8.82095	471.00	0	5.41
8.82576	464.00	0	5.41
8.83062	472.00	0	5.41
8.83541	465.00	0	5.41
8.84020	413.00	1	5.41
8.84608	331.00	0	5.41
8.85020	284.00	0	5.41
8.85506	287.00	0	5.41
8.86090	280.00	0	5.41
8.86587	279.00	0	5.41
8.87080	282.00	0	5.41
8.87567	282.00	0	5.41
8.88046	295.00	0	5.41
8.88537	282.00	0	5.41
8.89012	307.00	0	5.41
8.89588	382.00	1	5.41
8.90078	420.00	0	5.25
8.90573	438.00	0	5.25
8.91051	439.00	0	5.25
8.91527	446.00	0	5.25
8.92005	452.00	0	5.25
8.92592	451.00	0	5.25
8.93066	456.00	0	5.25
8.93527	405.00	1	5.25
8.94003	339.00	0	5.25
8.94599	291.00	0	5.41
8.95074	276.00	0	5.41
8.95554	276.00	0	5.41
8.96026	263.00	0	5.41
8.96513	259.00	0	5.41
8.97095	263.00	0	5.41
8.97574	261.00	0	5.41
8.98060	278.00	0	5.41
8.98549	331.00	1	5.41
8.99024	403.00	0	5.41
8.99605	453.00	0	5.27
9.00085	460.00	0	5.27
9.00568	471.00	0	5.27
9.01044	467.00	0	5.27
9.01519	468.00	0	5.27
9.02105	472.00	0	5.27
9.02578	455.00	0	5.27
9.03054	380.00	1	5.27
9.03533	314.00	0	5.27
9.04006	287.00	0	5.25
9.04587	287.00	0	5.25
9.05064	274.00	0	5.25
9.05540	282.00	0	5.25
9.06019	276.00	0	5.25
9.06602	287.00	0	5.25
9.07004	293.00	0	5.25
9.07593	287.00	0	5.25
9.08073	329.00	1	5.25
9.08561	398.00	0	5.41
9.09045	427.00	0	5.41
9.09521	439.00	0	5.41
9.10104	441.00	0	5.41
9.10581	452.00	0	5.41
9.11060	449.00	0	5.41
9.11529	455.00	0	5.41
9.12011	454.00	0	5.41
9.12599	373.00	1	5.41
9.13076	322.00	0	5.24
9.13549	285.00	0	5.24
9.14019	279.00	0	5.24
9.14601	272.00	0	5.24
9.15085	259.00	0	5.24
9.15564	262.00	0	5.24
9.16045	261.00	0	5.24
9.16531	265.00	0	5.24
9.17012	290.00	0	5.24
9.17592	369.00	1	5.24
9.18073	436.00	0	5.24
9.18552	455.00	0	5.25
9.19021	469.00	0	5.25
9.19503	472.00	0	5.25
9.20083	466.00	0	5.25
9.20568	473.00	0	5.25
9.21050	465.00	0	5.25
9.21532	445.00	0	5.25
9.22004	364.00	1	5.25
9.22593	289.00	0	5.28
9.23069	286.00	0	5.28
9.23538	278.00	0	5.28
9.24008	278.00	0	5.28
9.24583	286.00	0	5.28
9.25059	282.00	0	5.28
9.25527	297.00	0	5.28
9.26002	284.00	0	5.28
9.26574	307.00	0	5.28
9.27051	366.00	1	5.28
9.27526	415.00	0	5.28
9.28105	436.00	0	5.27
9.28585	440.00	0	5.27
9.29062	444.00	0	5.27
9.29530	450.00	0	5.27
9.30107	452.00	0	5.27
9.30559	458.00	0	5.27
9.31039	437.00	0	5.27
9.31530	365.00	1	5.27
9.32063	307.00	0	5.27
9.32548	280.00	0	5.28
9.33094	278.00	0	5.28
9.33574	267.00	0	5.28
9.34055	261.00	0	5.28
9.34537	261.00	0	5.28
9.35072	260.00	0	5.28
9.35550	274.00	0	5.28
9.36074	323.00	1	5.28
9.36548	390.00	0	5.41
9.37065	447.00	0	5.41
9.37542	456.00	0	5.41
9.38059	472.00	0	5.41
9.38545	471.00	0	5.41
9.39082	469.00	0	5.41
9.39566	471.00	0	5.41
9.40041	464.00	0	5.41
9.40518	449.00	0	5.41
9.41054	353.00	0	5.41
9.41568	292.00	1	5.41
9.42064	287.00	0	5.11
9.42569	277.00	0	5.11
9.43061	282.00	0	5.11
9.43543	281.00	0	5.11
9.44031	286.00	0	5.11
9.44507	295.00	0	5.11
9.45097	281.00	0	5.11
9.45581	312.00	0	5.11
9.46065	364.00	1	5.11
9.46536	418.00	0	5.11
9.47010	434.00	0	5.11
9.47595	437.00	0	5.26
9.48072	448.00	0	5.26
9.48555	449.00	0	5.26
9.49025	453.00	0	5.26
9.49512	458.00	0	5.26
9.50089	440.00	0	5.26
9.50572	369.00	1	5.26
9.51091	308.00	0	5.26
9.51570	281.00	0	5.25
9.52045	280.00	0	5.25
9.52518	268.00	0	5.25
9.53097	263.00	0	5.25
9.53574	386.00	0	5.25
9.54048	261.00	0	5.25
9.54515	270.00	0	5.25
9.55001	295.00	0	5.25
9.55508	370.00	1	5.25
9.56116	440.00	0	5.15
9.56507	455.00	0	5.15
9.57004	469.00	0	5.15
9.57524	469.00	0	5.15
9.58014	474.00	0	5.15
9.58513	469.00	0	5.15
9.59108	466.00	0	5.15
9.59607	450.00	0	5.15
9.60053	362.00	1	5.15
9.60542	304.00	0	5.41
9.61060	285.00	0	5.41
9.61609	278.00	0	5.41
9.62015	282.00	0	5.41
9.62505	278.00	0	5.41
9.63000	285.00	0	5.41
9.63608	293.00	0	5.41
9.64002	287.00	0	5.41
9.64595	309.00	0	5.41
9.65091	349.00	1	5.41
9.65605	416.00	0	5.26
9.66089	434.00	0	5.26
9.66585	438.00	0	5.26
9.67069	447.00	0	5.26
9.67548	445.00	0	5.26
9.68097	455.00	0	5.26
9.68520	454.00	0	5.26
9.69024	449.00	0	5.26
9.69500	378.00	1	5.26
9.70029	313.00	0	5.28
9.70534	288.00	0	5.28
9.71045	278.00	0	5.28
9.71580	266.00	0	5.28
9.72060	266.00	0	5.28
9.72553	256.00	0	5.28
9.73083	264.00	0	5.28
9.73502	265.00	0	5.28
9.74027	301.00	1	5.28
9.74600	387.00	0	5.40
9.75063	447.00	0	5.40
9.75504	458.00	0	5.40
9.76013	464.00	0	5.40
9.76603	470.00	0	5.40
9.77076	473.00	0	5.40
9.77581	467.00	0	5.40
9.78073	468.00	0	5.40
9.78505	454.00	0	5.40
9.79105	356.00	0	5.40
9.79578	300.00	1	5.40
9.80077	282.00	0	5.40
9.80554	285.00	0	5.40
9.81089	281.00	0	5.12
9.81577	280.00	0	5.12
9.82096	289.00	0	5.12
9.82502	289.00	0	5.12
9.83088	287.00	0	5.12
9.83584	302.00	0	5.12
9.84067	340.00	1	5.12
9.84548	411.00	0	5.12
9.85033	427.00	0	5.27
9.85517	441.00	0	5.27
9.86103	445.00	0	5.27
9.86592	447.00	0	5.27
9.87074	455.00	0	5.27
9.87554	452.00	0	5.27
9.88057	449.00	0	5.27
9.88536	375.00	1	5.27
9.89003	315.00	0	5.27
9.89587	287.00	0	5.25
9.90073	273.00	0	5.25
9.90566	270.00	0	5.25
9.91063	261.00	0	5.25
9.91542	257.00	0	5.25
9.92046	266.00	0	5.25
9.92561	262.00	0	5.25
9.93066	295.00	1	5.25
9.93567	360.00	0	5.25
9.94056	427.00	0	5.25
9.94566	458.00	0	5.25
9.95100	465.00	0	5.25
9.95606	471.00	0	5.25
9.96014	469.00	0	5.25
9.96535	470.00	0	5.25
9.97056	470.00	0	5.25
9.97583	448.00	0	5.25
9.98005	379.00	1	5.25
9.98591	300.00	0	5.43
9.99101	282.00	0	5.43
9.99582	282.00	0	5.43
10.00091	277.00	0	5.43
