0.00001	206.00	0	0.00
0.00129	206.00	0	0.00
0.00572	206.00	0	0.00
0.01015	206.00	0	0.00
0.01565	205.00	0	0.00
0.02009	205.00	0	0.00
0.02559	205.00	0	0.00
0.03002	205.00	0	0.00
0.03552	205.00	0	0.00
0.04103	204.00	0	0.00
0.04553	204.00	0	0.00
0.05103	203.00	0	0.00
0.05546	202.00	0	0.00
0.06095	200.00	0	0.00
0.06539	199.00	0	0.00
0.07088	198.00	0	0.00
0.07531	197.00	0	0.00
0.08082	196.00	0	0.00
0.08525	196.00	0	0.00
0.09075	197.00	0	0.00
0.09517	197.00	0	0.00
0.10068	200.00	0	0.00
0.10510	207.00	0	0.00
0.11062	234.00	1	0.00
0.11505	266.00	0	0.00
0.12061	310.00	0	0.00
0.12509	336.00	0	0.00
0.13058	359.00	0	0.00
0.13502	375.00	0	0.00
0.14051	385.00	0	0.00
0.14602	394.00	0	0.00
0.15044	398.00	0	0.00
0.15595	403.00	0	0.00
0.16037	403.00	0	0.00
0.16588	401.00	0	0.00
0.17031	396.00	0	0.00
0.17581	387.00	0	0.00
0.18025	366.00	1	0.00
0.18575	295.00	0	0.00
0.19020	251.00	0	0.00
0.19570	225.00	0	0.00
0.20015	216.00	0	0.00
0.20577	212.00	0	0.00
0.21031	210.00	0	0.00
0.21581	207.00	0	0.00
0.22026	207.00	0	0.00
0.22575	204.00	0	0.00
0.23020	205.00	0	0.00
0.23570	206.00	0	0.00
0.24012	212.00	0	0.00
0.24563	223.00	0	0.00
0.25007	246.00	1	0.00
0.25559	287.00	0	0.00
0.26002	317.00	0	0.00
0.26555	342.00	0	0.00
0.27104	356.00	0	0.00
0.27549	367.00	0	0.00
0.28098	376.00	0	0.00
0.28543	382.00	0	0.00
0.29092	383.00	0	0.00
0.29535	381.00	0	0.00
0.30088	374.00	0	0.00
0.30530	361.00	0	0.00
0.31082	304.00	1	0.00
0.31525	257.00	0	0.00
0.32078	226.00	0	0.00
0.32522	214.00	0	0.00
0.33074	209.00	0	0.00
0.33516	206.00	0	0.00
0.34069	202.00	0	0.00
0.34511	200.00	0	0.00
0.35061	198.00	0	0.00
0.35507	196.00	0	0.00
0.36058	197.00	0	0.00
0.36509	202.00	0	0.00
0.37058	236.00	1	0.00
0.37504	285.00	0	3.85
0.38053	333.00	0	3.85
0.38605	363.00	0	3.85
0.39047	377.00	0	3.85
0.39599	390.00	0	3.85
0.40042	396.00	0	3.85
0.40590	401.00	0	3.85
0.41036	399.00	0	3.85
0.41585	393.00	0	3.85
0.42031	380.00	0	3.85
0.42582	309.00	1	3.85
0.43028	252.00	0	4.07
0.43577	223.00	0	4.07
0.44022	214.00	0	4.07
0.44571	210.00	0	4.07
0.45014	209.00	0	4.07
0.45517	207.00	0	4.07
0.46080	205.00	0	4.07
0.46528	205.00	0	4.07
0.47079	207.00	0	4.07
0.47522	213.00	0	4.07
0.48073	229.00	0	4.07
0.48517	261.00	1	4.07
0.49068	303.00	0	4.07
0.49514	330.00	0	4.25
0.50065	350.00	0	4.25
0.50510	362.00	0	4.25
0.51074	374.00	0	4.25
0.51522	379.00	0	4.25
0.52078	382.00	0	4.25
0.52527	380.00	0	4.25
0.53082	372.00	0	4.25
0.53531	359.00	0	4.25
0.54091	296.00	1	4.25
0.54540	250.00	0	4.25
0.55096	222.00	0	4.35
0.55550	212.00	0	4.35
0.56005	207.00	0	4.35
0.56560	204.00	0	4.35
0.57010	201.00	0	4.35
0.57567	198.00	0	4.35
0.58023	196.00	0	4.35
0.58577	196.00	0	4.35
0.59029	198.00	0	4.35
0.59589	216.00	0	4.35
0.60039	256.00	1	4.35
0.60599	315.00	0	4.35
0.61048	347.00	0	4.35
0.61603	370.00	0	4.35
0.62054	382.00	0	4.35
0.62502	390.00	0	4.35
0.63055	398.00	0	4.35
0.63504	401.00	0	4.35
0.64064	398.00	0	4.35
0.64508	388.00	0	4.35
0.65064	351.00	1	4.35
0.65512	277.00	0	4.35
0.66106	228.00	0	4.45
0.66608	215.00	0	4.45
0.67030	212.00	0	4.45
0.67595	209.00	0	4.45
0.68050	208.00	0	4.45
0.68606	205.00	0	4.45
0.69052	204.00	0	4.45
0.69502	206.00	0	4.45
0.70063	210.00	0	4.45
0.70507	219.00	0	4.45
0.71057	248.00	1	4.45
0.71505	281.00	0	4.44
0.72057	319.00	0	4.44
0.72511	341.00	0	4.44
0.73068	357.00	0	4.44
0.73515	366.00	0	4.44
0.74066	376.00	0	4.44
0.74512	381.00	0	4.44
0.75061	383.00	0	4.44
0.75508	379.00	0	4.44
0.76059	367.00	0	4.44
0.76502	337.00	1	4.44
0.77055	271.00	0	4.46
0.77606	229.00	0	4.46
0.78052	215.00	0	4.46
0.78601	208.00	0	4.46
0.79054	205.00	0	4.46
0.79605	202.00	0	4.46
0.80051	199.00	0	4.46
0.80604	196.00	0	4.46
0.81069	196.00	0	4.46
0.81514	196.00	0	4.46
0.82065	201.00	0	4.46
0.82511	229.00	1	4.46
0.83060	288.00	0	4.46
0.83514	327.00	0	4.45
0.84068	358.00	0	4.45
0.84528	375.00	0	4.45
0.85077	389.00	0	4.45
0.85528	396.00	0	4.45
0.86079	399.00	0	4.45
0.86524	398.00	0	4.45
0.87074	390.00	0	4.45
0.87521	374.00	0	4.45
0.88075	293.00	1	4.45
0.88519	243.00	0	4.45
0.89071	219.00	0	4.35
0.89522	212.00	0	4.35
0.90075	209.00	0	4.35
0.90525	207.00	0	4.35
0.91077	205.00	0	4.35
0.91521	204.00	0	4.35
0.92075	204.00	0	4.35
0.92522	207.00	0	4.35
0.93078	215.00	0	4.35
0.93522	234.00	1	4.35
0.94076	271.00	0	4.45
0.94520	305.00	0	4.45
0.95070	336.00	0	4.45
0.95517	350.00	0	4.45
0.96067	362.00	0	4.45
0.96519	372.00	0	4.45
0.97074	380.00	0	4.45
0.97521	382.00	0	4.45
0.98072	380.00	0	4.45
0.98524	371.00	0	4.45
0.99073	343.00	1	4.45
0.99520	288.00	0	4.43
1.00072	237.00	0	4.43
1.00521	219.00	0	4.43
1.01070	210.00	0	4.43
1.01524	206.00	0	4.43
1.02081	203.00	0	4.43
1.02527	200.00	0	4.43
1.03076	197.00	0	4.43
1.03520	196.00	0	4.43
1.04077	196.00	0	4.43
1.04539	198.00	0	4.43
1.05095	219.00	0	4.43
1.05544	264.00	1	4.43
1.06099	320.00	0	4.34
1.06543	351.00	0	4.34
1.07099	372.00	0	4.34
1.07548	386.00	0	4.34
1.08103	395.00	0	4.34
1.08547	399.00	0	4.34
1.09002	400.00	0	4.34
1.09551	394.00	0	4.34
1.10105	379.00	0	4.34
1.10549	322.00	1	4.34
1.11102	247.00	0	4.45
1.11551	224.00	0	4.45
1.12006	214.00	0	4.45
1.12572	210.00	0	4.45
1.13019	209.00	0	4.45
1.13579	206.00	0	4.45
1.14030	204.00	0	4.45
1.14516	204.00	0	4.45
1.15072	206.00	0	4.45
1.15529	211.00	0	4.45
1.16086	224.00	0	4.45
1.16539	253.00	1	4.45
1.17090	296.00	0	4.45
1.17541	162.00	0	4.34
1.18094	348.00	0	4.34
1.18538	359.00	0	4.34
1.19089	372.00	0	4.34
1.19535	378.00	0	4.34
1.20096	383.00	0	4.34
1.20545	382.00	0	4.34
1.21101	373.00	0	4.34
1.21549	357.00	0	4.34
1.22106	293.00	1	4.34
1.22555	249.00	0	4.34
1.23106	221.00	0	4.34
1.23561	211.00	0	4.34
1.24013	207.00	0	4.34
1.24575	205.00	0	4.34
1.25024	201.00	0	4.34
1.25581	198.00	0	4.34
1.26028	196.00	0	4.34
1.26586	195.00	0	4.34
1.27030	197.00	0	4.34
1.27584	206.00	0	4.34
1.28027	241.00	1	4.34
1.28587	303.00	0	4.45
1.29031	339.00	0	4.45
1.29589	367.00	0	4.45
1.30038	380.00	0	4.45
1.30596	392.00	0	4.45
1.31045	399.00	0	4.45
1.31606	400.00	0	4.45
1.32054	396.00	0	4.45
1.32508	390.00	0	4.45
1.33063	351.00	1	4.45
1.33511	282.00	0	4.45
1.34067	233.00	0	4.44
1.34516	219.00	0	4.44
1.35071	212.00	0	4.44
1.35520	210.00	0	4.44
1.36075	208.00	0	4.44
1.36524	206.00	0	4.44
1.37080	205.00	0	4.44
1.37528	205.00	0	4.44
1.38084	209.00	0	4.44
1.38533	215.00	0	4.44
1.39150	241.00	1	4.44
1.39504	267.00	0	4.44
1.40066	311.00	0	4.42
1.40511	335.00	0	4.42
1.41070	354.00	0	4.42
1.41516	366.00	0	4.42
1.42072	376.00	0	4.42
1.42521	381.00	0	4.42
1.43080	384.00	0	4.42
1.43530	379.00	0	4.42
1.44085	369.00	0	4.42
1.44534	342.00	1	4.42
1.45093	277.00	0	4.46
1.45539	239.00	0	4.46
1.46094	217.00	0	4.46
1.46543	210.00	0	4.46
1.47096	207.00	0	4.46
1.47542	204.00	0	4.46
1.48096	201.00	0	4.46
1.48540	198.00	0	4.46
1.49094	196.00	0	4.46
1.49540	196.00	0	4.46
1.50095	200.00	0	4.46
1.50539	211.00	0	4.46
1.51093	264.00	1	4.46
1.51539	311.00	0	4.46
1.52006	346.00	0	4.46
1.52562	370.00	0	4.34
1.53007	383.00	0	4.34
1.53560	393.00	0	4.34
1.54005	399.00	0	4.34
1.54563	400.00	0	4.34
1.55006	397.00	0	4.34
1.55559	382.00	0	4.34
1.56008	340.00	1	4.34
1.56561	262.00	0	4.36
1.57005	230.00	0	4.36
1.57559	215.00	0	4.36
1.58003	211.00	0	4.36
1.58556	209.00	0	4.36
1.59004	207.00	0	4.36
1.59558	206.00	0	4.36
1.60005	204.00	0	4.36
1.60556	206.00	0	4.36
1.61003	209.00	0	4.36
1.61554	218.00	0	4.36
1.62006	239.00	1	4.36
1.62562	282.00	0	4.36
1.63009	315.00	0	4.38
1.63559	342.00	0	4.38
1.64006	354.00	0	4.38
1.64557	367.00	0	4.38
1.65009	375.00	0	4.38
1.65563	381.00	0	4.38
1.66011	382.00	0	4.38
1.66567	376.00	0	4.38
1.67014	369.00	0	4.38
1.67564	328.00	1	4.38
1.68009	278.00	0	4.38
1.68567	233.00	0	4.34
1.69016	217.00	0	4.34
1.69576	208.00	0	4.34
1.70026	206.00	0	4.34
1.70584	203.00	0	4.34
1.71031	198.00	0	4.34
1.71586	196.00	0	4.34
1.72046	196.00	0	4.34
1.72601	196.00	0	4.34
1.73046	199.00	0	4.34
1.73602	228.00	1	4.34
1.74051	278.00	0	4.34
1.74503	322.00	0	4.44
1.75054	355.00	0	4.44
1.75502	372.00	0	4.44
1.76053	386.00	0	4.44
1.76606	396.00	0	4.44
1.77051	399.00	0	4.44
1.77603	400.00	0	4.44
1.78050	393.00	0	4.44
1.78602	379.00	0	4.44
1.79049	329.00	1	4.44
1.79601	254.00	0	4.44
1.80049	226.00	0	4.34
1.80600	213.00	0	4.34
1.81044	210.00	0	4.34
1.81599	208.00	0	4.34
1.82043	206.00	0	4.34
1.82601	205.00	0	4.34
1.83050	203.00	0	4.34
1.83605	205.00	0	4.34
1.84049	210.00	0	4.34
1.84603	224.00	0	4.34
1.85047	250.00	1	4.34
1.85601	296.00	0	4.34
1.86045	325.00	0	4.34
1.86595	347.00	0	4.34
1.87042	358.00	0	4.34
1.87594	370.00	0	4.34
1.88040	378.00	0	4.34
1.88591	381.00	0	4.34
1.89037	381.00	0	4.34
1.89589	376.00	0	4.34
1.90033	365.00	0	4.34
1.90591	320.00	1	4.34
1.91036	269.00	0	4.34
1.91593	230.00	0	4.34
1.92038	215.00	0	4.34
1.92598	207.00	0	4.34
1.93042	205.00	0	4.34
1.93598	201.00	0	4.34
1.94042	198.00	0	4.34
1.94595	196.00	0	4.34
1.95039	195.00	0	4.34
1.95593	196.00	0	4.34
1.96037	199.00	0	4.34
1.96591	228.00	1	4.34
1.97035	275.00	0	4.34
1.97586	325.00	0	4.34
1.98033	352.00	0	4.35
1.98585	373.00	0	4.35
1.99031	385.00	0	4.35
1.99517	393.00	0	4.35
2.00094	399.00	0	4.35
2.00561	398.00	0	4.35
2.01031	394.00	0	4.35
2.01511	383.00	0	4.35
2.02084	339.00	1	4.35
2.02539	270.00	0	4.35
2.03107	228.00	0	4.34
2.03565	215.00	0	4.34
2.04058	210.00	0	4.34
2.04532	208.00	0	4.34
2.05106	206.00	0	4.34
2.05580	204.00	0	4.34
2.06045	203.00	0	4.34
2.06509	204.00	0	4.34
2.07070	207.00	0	4.34
2.07525	213.00	0	4.34
2.08080	240.00	1	4.34
2.08536	273.00	0	4.34
2.09089	313.00	0	4.34
2.09540	336.00	0	4.34
2.10096	352.00	0	4.34
2.10545	362.00	0	4.34
2.11100	374.00	0	4.34
2.11549	378.00	0	4.34
2.12055	381.00	0	4.34
2.12515	379.00	0	4.34
2.13070	372.00	0	4.34
2.13523	356.00	0	4.34
2.14078	299.00	1	4.34
2.14528	251.00	0	4.26
2.15082	223.00	0	4.26
2.15531	210.00	0	4.26
2.16087	205.00	0	4.26
2.16535	203.00	0	4.26
2.17096	200.00	0	4.26
2.17545	197.00	0	4.26
2.18101	195.00	0	4.26
2.18560	194.00	0	4.26
2.19023	195.00	0	4.26
2.19587	204.00	0	4.26
2.20037	237.00	1	4.26
2.20595	295.00	0	4.27
2.21044	331.00	0	4.27
2.21603	360.00	0	4.27
2.22055	374.00	0	4.27
2.22503	385.00	0	4.27
2.23063	394.00	0	4.27
2.23512	397.00	0	4.27
2.24069	396.00	0	4.27
2.24520	393.00	0	4.27
2.25077	376.00	0	4.27
2.25526	325.00	1	4.27
2.26085	250.00	0	4.27
2.26533	225.00	0	4.27
2.27085	212.00	0	4.27
2.27535	208.00	0	4.27
2.28090	206.00	0	4.27
2.28539	204.00	0	4.27
2.29095	202.00	0	4.27
2.29543	202.00	0	4.27
2.30099	206.00	0	4.27
2.30543	209.00	0	4.27
2.31099	221.00	0	4.27
2.31547	246.00	1	4.27
2.32017	281.00	0	4.26
2.32572	318.00	0	4.26
2.33020	336.00	0	4.26
2.33575	353.00	0	4.26
2.34024	362.00	0	4.26
2.34579	373.00	0	4.26
2.35028	378.00	0	4.26
2.35584	378.00	0	4.26
2.36032	377.00	0	4.26
2.36588	366.00	0	4.26
2.37037	344.00	1	4.26
2.37592	280.00	0	4.26
2.38047	239.00	0	4.36
2.38603	215.00	0	4.36
2.39051	208.00	0	4.36
2.39607	204.00	0	4.36
2.40061	202.00	0	4.36
2.40509	198.00	0	4.36
2.41065	196.00	0	4.36
2.41513	195.00	0	4.36
2.42069	193.00	0	4.36
2.42517	195.00	0	4.36
2.43073	206.00	0	4.36
2.43522	241.00	1	4.36
2.44086	300.00	0	4.26
2.44545	336.00	0	4.26
2.45102	360.00	0	4.26
2.45551	378.00	0	4.26
2.46005	386.00	0	4.26
2.46559	393.00	0	4.26
2.47009	398.00	0	4.26
2.47563	395.00	0	4.26
2.48006	389.00	0	4.26
2.48563	370.00	0	4.26
2.49012	305.00	1	4.26
2.49568	242.00	0	4.26
2.50011	219.00	0	4.26
2.50568	210.00	0	4.26
2.51011	207.00	0	4.26
2.51567	206.00	0	4.26
2.52017	204.00	0	4.26
2.52577	202.00	0	4.26
2.53028	201.00	0	4.26
2.53583	204.00	0	4.26
2.54031	209.00	0	4.26
2.54587	222.00	0	4.26
2.55036	247.00	1	4.26
2.55591	287.00	0	4.26
2.56034	316.00	0	4.26
2.56594	339.00	0	4.26
2.57042	352.00	0	4.26
2.57601	365.00	0	4.26
2.58049	372.00	0	4.26
2.58603	378.00	0	4.26
2.59052	380.00	0	4.26
2.59500	378.00	0	4.26
2.60056	366.00	0	4.26
2.60607	338.00	1	4.26
2.61055	284.00	0	4.24
2.61511	243.00	0	4.24
2.62075	216.00	0	4.24
2.62522	208.00	0	4.24
2.63079	204.00	0	4.24
2.63529	201.00	0	4.24
2.64083	198.00	0	4.24
2.64532	196.00	0	4.24
2.65087	193.00	0	4.24
2.65535	193.00	0	4.24
2.66091	195.00	0	4.24
2.66535	201.00	0	4.24
2.67091	242.00	1	4.24
2.67535	289.00	0	4.24
2.68091	333.00	0	4.24
2.68539	357.00	0	4.24
2.69093	376.00	0	4.24
2.69544	384.00	0	4.24
2.70099	392.00	0	4.24
2.70544	397.00	0	4.24
2.71094	396.00	0	4.24
2.71542	389.00	0	4.24
2.72093	372.00	0	4.24
2.72541	310.00	1	4.24
2.73093	243.00	0	4.24
2.73541	222.00	0	4.25
2.74092	209.00	0	4.25
2.74538	208.00	0	4.25
2.75088	205.00	0	4.25
2.75539	203.00	0	4.25
2.76091	202.00	0	4.25
2.76544	201.00	0	4.25
2.77094	203.00	0	4.25
2.77539	206.00	0	4.25
2.78094	216.00	0	4.25
2.78538	238.00	1	4.25
2.79091	278.00	0	4.25
2.79536	310.00	0	4.25
2.80089	335.00	0	4.25
2.80533	349.00	0	4.25
2.81091	362.00	0	4.25
2.81535	371.00	0	4.25
2.82094	376.00	0	4.25
2.82538	378.00	0	4.25
2.83095	375.00	0	4.25
2.83539	368.00	0	4.25
2.84093	338.00	1	4.25
2.84541	285.00	0	4.25
2.85094	236.00	0	4.26
2.85537	217.00	0	4.26
2.86089	208.00	0	4.26
2.86536	204.00	0	4.26
2.87091	201.00	0	4.26
2.87539	198.00	0	4.26
2.88090	196.00	0	4.26
2.88542	194.00	0	4.26
2.89092	193.00	0	4.26
2.89540	194.00	0	4.26
2.90091	201.00	0	4.26
2.90535	230.00	1	4.26
2.91088	289.00	0	4.27
2.91532	327.00	0	4.27
2.92087	358.00	0	4.27
2.92532	371.00	0	4.27
2.93085	386.00	0	4.27
2.93531	392.00	0	4.27
2.94085	397.00	0	4.27
2.94533	394.00	0	4.27
2.95086	386.00	0	4.27
2.95533	373.00	0	4.27
2.96094	306.00	1	4.27
2.96543	250.00	0	4.27
2.97095	221.00	0	4.25
2.97540	209.00	0	4.25
2.98098	207.00	0	4.25
2.98542	206.00	0	4.25
2.99095	204.00	0	4.25
2.99539	202.00	0	4.25
3.00090	201.00	0	4.25
3.00542	202.00	0	4.25
3.01093	204.00	0	4.25
3.01542	212.00	0	4.25
3.02096	231.00	0	4.25
3.02543	260.00	1	4.25
3.03098	304.00	0	4.25
3.03545	327.00	0	4.17
3.04004	345.00	0	4.17
3.04541	359.00	0	4.17
3.05098	367.00	0	4.17
3.05551	375.00	0	4.17
3.06039	377.00	0	4.17
3.06507	377.00	0	4.17
3.07084	370.00	0	4.17
3.07549	354.00	0	4.17
3.08011	308.00	1	4.17
3.08568	251.00	0	4.17
3.09020	224.00	0	4.18
3.09577	209.00	0	4.18
3.10027	205.00	0	4.18
3.10583	202.00	0	4.18
3.11030	200.00	0	4.18
3.11588	196.00	0	4.18
3.12041	194.00	0	4.18
3.12606	193.00	0	4.18
3.13084	193.00	0	4.18
3.13536	197.00	0	4.18
3.14094	220.00	0	4.18
3.14538	265.00	1	4.18
3.15091	319.00	0	4.17
3.15540	347.00	0	4.17
3.16094	369.00	0	4.17
3.16538	381.00	0	4.17
3.17096	390.00	0	4.17
3.17541	395.00	0	4.17
3.18095	394.00	0	4.17
3.18538	391.00	0	4.17
3.19091	379.00	0	4.17
3.19536	343.00	1	4.17
3.20088	264.00	0	4.17
3.20536	229.00	0	4.27
3.21092	214.00	0	4.27
3.21540	208.00	0	4.27
3.22092	205.00	0	4.27
3.22543	205.00	0	4.27
3.23098	203.00	0	4.27
3.23551	201.00	0	4.27
3.24101	202.00	0	4.27
3.24553	204.00	0	4.27
3.25103	211.00	0	4.27
3.25551	223.00	0	4.27
3.26100	258.00	1	4.27
3.26552	294.00	0	4.24
3.27101	327.00	0	4.24
3.27545	343.00	0	4.24
3.28098	358.00	0	4.24
3.28542	365.00	0	4.24
3.29094	376.00	0	4.24
3.29544	377.00	0	4.24
3.30096	377.00	0	4.24
3.30540	370.00	0	4.24
3.31092	361.00	0	4.24
3.31537	324.00	1	4.24
3.32091	263.00	0	4.25
3.32537	231.00	0	4.25
3.33095	213.00	0	4.25
3.33540	206.00	0	4.25
3.34096	202.00	0	4.25
3.34540	201.00	0	4.25
3.35090	197.00	0	4.25
3.35538	195.00	0	4.25
3.36090	193.00	0	4.25
3.36541	193.00	0	4.25
3.37096	196.00	0	4.25
3.37544	209.00	0	4.25
3.38100	264.00	1	4.25
3.38557	309.00	0	4.24
3.39010	341.00	0	4.24
3.39566	366.00	0	4.24
3.40009	379.00	0	4.24
3.40568	390.00	0	4.24
3.41012	394.00	0	4.24
3.41570	395.00	0	4.24
3.42013	392.00	0	4.24
3.42573	384.00	0	4.24
3.43018	364.00	1	4.24
3.43576	285.00	0	4.26
3.44019	241.00	0	4.26
3.44579	217.00	0	4.26
3.45027	209.00	0	4.26
3.45589	207.00	0	4.26
3.46038	206.00	0	4.26
3.46592	203.00	0	4.26
3.47036	201.00	0	4.26
3.47595	201.00	0	4.26
3.48043	204.00	0	4.26
3.48597	209.00	0	4.26
3.49041	221.00	0	4.26
3.49600	254.00	1	4.26
3.50043	290.00	0	4.26
3.50602	324.00	0	4.26
3.51046	343.00	0	4.26
3.51604	357.00	0	4.26
3.52049	364.00	0	4.26
3.52608	376.00	0	4.26
3.53057	378.00	0	4.26
3.53506	379.00	0	4.26
3.54061	374.00	0	4.26
3.54510	366.00	0	4.26
3.55066	337.00	1	4.26
3.55514	286.00	0	4.26
3.56070	237.00	0	4.25
3.56514	218.00	0	4.25
3.57070	207.00	0	4.25
3.57518	203.00	0	4.25
3.58074	201.00	0	4.25
3.58518	198.00	0	4.25
3.59071	196.00	0	4.25
3.59520	194.00	0	4.25
3.60080	193.00	0	4.25
3.60524	195.00	0	4.25
3.61079	208.00	0	4.25
3.61527	246.00	1	4.25
3.62086	304.00	0	4.27
3.62534	336.00	0	4.27
3.63088	363.00	0	4.27
3.63535	376.00	0	4.27
3.64094	387.00	0	4.27
3.64538	393.00	0	4.27
3.65089	396.00	0	4.27
3.65535	394.00	0	4.27
3.66091	386.00	0	4.27
3.66540	371.00	0	4.27
3.67096	298.00	1	4.27
3.67544	245.00	0	4.15
3.68095	218.00	0	4.15
3.68512	211.00	0	4.15
3.69080	207.00	0	4.15
3.69536	205.00	0	4.15
3.70095	203.00	0	4.15
3.70549	202.00	0	4.15
3.71106	202.00	0	4.15
3.71561	204.00	0	4.15
3.72012	207.00	0	4.15
3.72577	221.00	0	4.15
3.73024	247.00	1	4.15
3.73578	289.00	0	4.27
3.74020	317.00	0	4.27
3.74566	341.00	0	4.27
3.75012	353.00	0	4.27
3.75561	364.00	0	4.27
3.76004	372.00	0	4.27
3.76559	377.00	0	4.27
3.77010	379.00	0	4.27
3.77563	374.00	0	4.27
3.78020	368.00	0	4.27
3.78563	344.00	1	4.27
3.79089	284.00	0	4.26
3.79606	238.00	0	4.26
3.80014	220.00	0	4.26
3.80535	208.00	0	4.26
3.81056	205.00	0	4.26
3.81577	202.00	0	4.26
3.82091	198.00	0	4.26
3.82502	195.00	0	4.26
3.83025	194.00	0	4.26
3.83546	192.00	0	4.26
3.84061	195.00	0	4.26
3.84583	205.00	0	4.26
3.85106	248.00	1	4.26
3.85519	291.00	0	4.24
3.86035	330.00	0	4.24
3.86556	358.00	0	4.24
3.87079	377.00	0	4.24
3.87599	386.00	0	4.24
3.88007	391.00	0	4.24
3.88533	397.00	0	4.24
3.89078	395.00	0	4.24
3.89506	391.00	0	4.24
3.90052	376.00	0	4.24
3.90585	316.00	1	4.24
3.91019	256.00	0	4.26
3.91554	222.00	0	4.26
3.92095	211.00	0	4.26
3.92546	207.00	0	4.26
3.93062	206.00	0	4.26
3.93503	204.00	0	4.26
3.94041	203.00	0	4.26
3.94585	201.00	0	4.26
3.95012	203.00	0	4.26
3.95556	207.00	0	4.26
3.96092	217.00	0	4.26
3.96522	238.00	1	4.26
3.97059	277.00	0	4.26
3.97598	312.00	0	4.26
3.98029	333.00	0	4.26
3.98573	349.00	0	4.26
3.99094	360.00	0	4.26
3.99502	369.00	0	4.26
4.00028	376.00	0	4.26
4.00542	379.00	0	4.26
4.01060	377.00	0	4.26
4.01578	371.00	0	4.26
4.02096	353.00	0	4.26
4.02510	311.00	1	4.26
4.03024	255.00	0	4.26
4.03544	223.00	0	4.18
4.04116	209.00	0	4.18
4.04549	205.00	0	4.18
4.05079	202.00	0	4.18
4.05602	199.00	0	4.18
4.06009	197.00	0	4.18
4.06530	194.00	0	4.18
4.07050	193.00	0	4.18
4.07569	194.00	0	4.18
4.08084	197.00	0	4.18
4.08523	215.00	0	4.18
4.09083	269.00	1	4.18
4.09533	311.00	0	4.18
4.10077	346.00	0	4.17
4.10508	364.00	0	4.17
4.11049	379.00	0	4.17
4.11586	392.00	0	4.17
4.12077	396.00	0	4.17
4.12523	395.00	0	4.17
4.13066	395.00	0	4.17
4.13607	383.00	0	4.17
4.14037	362.00	1	4.17
4.14575	282.00	0	4.26
4.15006	238.00	0	4.26
4.15544	216.00	0	4.26
4.16081	209.00	0	4.26
4.16507	207.00	0	4.26
4.17056	205.00	0	4.26
4.17604	203.00	0	4.26
4.18041	202.00	0	4.26
4.18575	202.00	0	4.26
4.19097	204.00	0	4.26
4.19507	208.00	0	4.26
4.20029	219.00	0	4.26
4.20546	248.00	1	4.26
4.21068	286.00	0	4.16
4.21583	319.00	0	4.16
4.22101	340.00	0	4.16
4.22509	351.00	0	4.16
4.23028	363.00	0	4.16
4.23548	373.00	0	4.16
4.24062	378.00	0	4.16
4.24581	379.00	0	4.16
4.25096	375.00	0	4.16
4.25513	368.00	0	4.16
4.26028	345.00	1	4.16
4.26546	285.00	0	4.25
4.27060	240.00	0	4.25
4.27579	216.00	0	4.25
4.28094	207.00	0	4.25
4.28511	204.00	0	4.25
4.29046	202.00	0	4.25
4.29589	198.00	0	4.25
4.30014	195.00	0	4.25
4.30549	194.00	0	4.25
4.31087	194.00	0	4.25
4.31514	194.00	0	4.25
4.32052	201.00	0	4.25
4.32592	232.00	1	4.25
4.33030	279.00	0	4.25
4.33569	325.00	0	4.25
4.34106	356.00	0	4.25
4.34536	374.00	0	4.25
4.35075	384.00	0	4.25
4.35506	390.00	0	4.25
4.36040	397.00	0	4.25
4.36577	397.00	0	4.25
4.37005	393.00	0	4.25
4.37543	381.00	0	4.25
4.38077	329.00	1	4.25
4.38505	266.00	0	4.25
4.39024	226.00	0	4.16
4.39540	213.00	0	4.16
4.40067	208.00	0	4.16
4.40583	207.00	0	4.16
4.41102	204.00	0	4.16
4.41512	203.00	0	4.16
4.42039	202.00	0	4.16
4.42589	202.00	0	4.16
4.43013	205.00	0	4.16
4.43530	211.00	0	4.16
4.44053	229.00	0	4.16
4.44567	262.00	1	4.16
4.45093	301.00	0	4.16
4.45501	324.00	0	4.16
4.46017	345.00	0	4.16
4.46534	357.00	0	4.16
4.47048	369.00	0	4.16
4.47572	375.00	0	4.16
4.48086	378.00	0	4.16
4.48504	379.00	0	4.16
4.49041	373.00	0	4.16
4.49580	356.00	0	4.16
4.50006	316.00	1	4.16
4.50541	256.00	0	4.17
4.51075	224.00	0	4.17
4.51502	211.00	0	4.17
4.52049	206.00	0	4.17
4.52585	203.00	0	4.17
4.53024	199.00	0	4.17
4.53571	197.00	0	4.17
4.54004	196.00	0	4.17
4.54541	194.00	0	4.17
4.55079	193.00	0	4.17
4.55509	196.00	0	4.17
4.56042	215.00	0	4.17
4.56582	269.00	1	4.17
4.57008	311.00	0	4.17
4.57547	348.00	0	4.17
4.58078	369.00	0	4.17
4.58517	382.00	0	4.17
4.59038	390.00	0	4.17
4.59559	397.00	0	4.17
4.60074	397.00	0	4.17
4.60590	393.00	0	4.17
4.61003	384.00	0	4.17
4.61519	346.00	1	4.17
4.62042	269.00	0	4.27
4.62557	230.00	0	4.27
4.63084	215.00	0	4.27
4.63600	211.00	0	4.27
4.64010	207.00	0	4.27
4.64523	206.00	0	4.27
4.65041	204.00	0	4.27
4.65565	202.00	0	4.27
4.66084	202.00	0	4.27
4.66598	205.00	0	4.27
4.67010	210.00	0	4.27
4.67532	221.00	0	4.27
4.68054	252.00	1	4.27
4.68568	292.00	0	4.27
4.69002	321.00	0	4.27
4.69539	342.00	0	4.26
4.70075	355.00	0	4.26
4.70503	366.00	0	4.26
4.71039	375.00	0	4.26
4.71578	379.00	0	4.26
4.72004	380.00	0	4.26
4.72545	374.00	0	4.26
4.73088	361.00	0	4.26
4.73514	328.00	1	4.26
4.74057	268.00	0	4.25
4.74590	230.00	0	4.25
4.75025	215.00	0	4.25
4.75565	208.00	0	4.25
4.76102	205.00	0	4.25
4.76529	203.00	0	4.25
4.77066	201.00	0	4.25
4.77601	197.00	0	4.25
4.78029	196.00	0	4.25
4.78567	196.00	0	4.25
4.79091	198.00	0	4.25
4.79503	204.00	0	4.25
4.80018	244.00	1	4.25
4.80542	302.00	0	4.27
4.81057	342.00	0	4.27
4.81575	367.00	0	4.27
4.82088	383.00	0	4.27
4.82604	391.00	0	4.27
4.83011	398.00	0	4.27
4.83535	398.00	0	4.27
4.84050	398.00	0	4.27
4.84566	389.00	0	4.27
4.85081	369.00	0	4.27
4.85599	298.00	1	4.27
4.86004	251.00	0	4.27
4.86520	222.00	0	4.27
4.87037	211.00	0	4.15
4.87552	207.00	0	4.15
4.88069	206.00	0	4.15
4.88582	203.00	0	4.15
4.89013	202.00	0	4.15
4.89551	201.00	0	4.15
4.90092	203.00	0	4.15
4.90516	207.00	0	4.15
4.91056	215.00	0	4.15
4.91588	241.00	1	4.15
4.92016	272.00	0	4.15
4.92553	312.00	0	4.25
4.93089	337.00	0	4.25
4.93518	354.00	0	4.25
4.94054	362.00	0	4.25
4.94589	372.00	0	4.25
4.95014	378.00	0	4.25
4.95551	381.00	0	4.25
4.96086	378.00	0	4.25
4.96509	369.00	0	4.25
4.97051	352.00	0	4.25
4.97583	295.00	1	4.25
4.98014	253.00	0	4.15
4.98545	223.00	0	4.15
4.99092	210.00	0	4.15
4.99500	207.00	0	4.15
5.00021	203.00	0	4.15
5.00535	201.00	0	4.15
5.01053	198.00	0	4.15
5.01572	196.00	0	4.15
5.02093	194.00	0	4.15
5.02606	195.00	0	4.15
5.03013	199.00	0	4.15
5.03534	223.00	0	4.15
5.04052	277.00	1	4.15
5.04570	326.00	0	4.16
5.05104	356.00	0	4.16
5.05518	371.00	0	4.16
5.06036	385.00	0	4.16
5.06554	390.00	0	4.16
5.07073	398.00	0	4.16
5.07593	399.00	0	4.16
5.08105	393.00	0	4.16
5.08515	384.00	0	4.16
5.09028	353.00	1	4.16
5.09568	272.00	0	4.27
5.10099	230.00	0	4.27
5.10528	216.00	0	4.27
5.11066	210.00	0	4.27
5.11600	209.00	0	4.27
5.12090	206.00	0	4.27
5.12530	204.00	0	4.27
5.13084	203.00	0	4.27
5.13528	204.00	0	4.27
5.14077	207.00	0	4.27
5.14507	212.00	0	4.27
5.15048	230.00	0	4.27
5.15598	267.00	1	4.27
5.16029	302.00	0	4.27
5.16569	331.00	0	4.16
5.17104	350.00	0	4.16
5.17533	361.00	0	4.16
5.18068	371.00	0	4.16
5.18604	378.00	0	4.16
5.19035	381.00	0	4.16
5.19550	380.00	0	4.16
5.20067	376.00	0	4.16
5.20579	363.00	0	4.16
5.21098	318.00	1	4.16
5.21505	271.00	0	4.16
5.22028	232.00	0	4.25
5.22544	214.00	0	4.25
5.23060	208.00	0	4.25
5.23574	204.00	0	4.25
5.24091	201.00	0	4.25
5.24603	199.00	0	4.25
5.25015	196.00	0	4.25
5.25531	195.00	0	4.25
5.26051	196.00	0	4.25
5.26565	198.00	0	4.25
5.27084	221.00	0	4.25
5.27597	275.00	1	4.25
5.28008	314.00	0	4.25
5.28526	348.00	0	4.25
5.29040	369.00	0	4.25
5.29579	383.00	0	4.25
5.30005	391.00	0	4.25
5.30540	398.00	0	4.25
5.31078	399.00	0	4.25
5.31510	396.00	0	4.25
5.32045	387.00	0	4.25
5.32504	362.00	1	4.25
5.33050	281.00	0	4.26
5.33584	233.00	0	4.26
5.34014	218.00	0	4.26
5.34545	210.00	0	4.26
5.35085	208.00	0	4.26
5.35510	206.00	0	4.26
5.36057	204.00	0	4.26
5.36608	203.00	0	4.26
5.37039	204.00	0	4.26
5.37586	207.00	0	4.26
5.38024	214.00	0	4.26
5.38573	233.00	0	4.26
5.39103	271.00	1	4.26
5.39515	304.00	0	4.25
5.40022	330.00	0	4.25
5.40530	348.00	0	4.25
5.41034	362.00	0	4.25
5.41549	372.00	0	4.25
5.42053	377.00	0	4.25
5.42575	381.00	0	4.25
5.43080	381.00	0	4.25
5.43591	375.00	0	4.25
5.44094	359.00	0	4.25
5.44611	307.00	1	4.25
5.45011	262.00	0	4.25
5.45516	228.00	0	4.25
5.46025	213.00	0	4.25
5.46530	208.00	0	4.25
5.47038	205.00	0	4.25
5.47544	201.00	0	4.25
5.48052	199.00	0	4.25
5.48557	196.00	0	4.25
5.49073	195.00	0	4.25
5.49601	198.00	0	4.25
5.50023	202.00	0	4.25
5.50545	235.00	1	4.25
5.51077	291.00	0	4.36
5.51600	335.00	0	4.36
5.52028	357.00	0	4.36
5.52587	377.00	0	4.36
5.53009	387.00	0	4.36
5.53538	397.00	0	4.36
5.54065	399.00	0	4.36
5.54592	400.00	0	4.36
5.55009	396.00	0	4.36
5.55538	381.00	0	4.36
5.56061	324.00	1	4.36
5.56586	253.00	0	4.25
5.57002	228.00	0	4.25
5.57530	214.00	0	4.25
5.58063	210.00	0	4.25
5.58599	209.00	0	4.25
5.59015	207.00	0	4.25
5.59547	205.00	0	4.25
5.60083	204.00	0	4.25
5.60605	206.00	0	4.25
5.61026	210.00	0	4.25
5.61550	222.00	0	4.25
5.62086	253.00	1	4.25
5.62607	293.00	0	4.25
5.63028	319.00	0	4.35
5.63550	346.00	0	4.35
5.64075	357.00	0	4.35
5.64606	368.00	0	4.35
5.65021	374.00	0	4.35
5.65548	380.00	0	4.35
5.66069	382.00	0	4.35
5.66594	378.00	0	4.35
5.67010	368.00	0	4.35
5.67536	339.00	1	4.35
5.68059	277.00	0	4.35
5.68584	234.00	0	4.36
5.69005	218.00	0	4.36
5.69539	209.00	0	4.36
5.70062	206.00	0	4.36
5.70586	202.00	0	4.36
5.71002	199.00	0	4.36
5.71524	197.00	0	4.36
5.72051	195.00	0	4.36
5.72600	195.00	0	4.36
5.73035	198.00	0	4.36
5.73563	217.00	0	4.36
5.74089	268.00	1	4.36
5.74505	309.00	0	4.36
5.75040	348.00	0	4.25
5.75573	367.00	0	4.25
5.76098	381.00	0	4.25
5.76511	391.00	0	4.25
5.77043	397.00	0	4.25
5.77570	399.00	0	4.25
5.78091	394.00	0	4.25
5.78509	387.00	0	4.25
5.79032	358.00	1	4.25
5.79559	277.00	0	4.35
5.80080	231.00	0	4.35
5.80606	215.00	0	4.35
5.81031	210.00	0	4.35
5.81563	206.00	0	4.35
5.82084	205.00	0	4.35
5.82609	204.00	0	4.35
5.83031	202.00	0	4.35
5.83553	202.00	0	4.35
5.84083	206.00	0	4.35
5.84514	211.00	0	4.35
5.85041	230.00	0	4.35
5.85567	264.00	1	4.35
5.86093	304.00	0	4.26
5.86516	328.00	0	4.26
5.87052	347.00	0	4.26
5.87575	358.00	0	4.26
5.88100	369.00	0	4.26
5.88514	375.00	0	4.26
5.89037	380.00	0	4.26
5.89574	379.00	0	4.26
5.90107	372.00	0	4.26
5.90535	359.00	0	4.26
5.91056	310.00	1	4.26
5.91582	254.00	0	4.25
5.92005	226.00	0	4.25
5.92531	212.00	0	4.25
5.93076	206.00	0	4.25
5.93605	203.00	0	4.25
5.94018	200.00	0	4.25
5.94539	197.00	0	4.25
5.95072	194.00	0	4.25
5.95596	193.00	0	4.25
5.96014	194.00	0	4.25
5.96534	197.00	0	4.25
5.97060	220.00	0	4.25
5.97592	275.00	1	4.25
5.98010	315.00	0	4.25
5.98530	348.00	0	4.25
5.99058	370.00	0	4.25
5.99581	384.00	0	4.25
6.00106	392.00	0	4.25
6.00520	397.00	0	4.25
6.01040	398.00	0	4.25
6.01566	393.00	0	4.25
6.02087	381.00	0	4.25
6.02514	345.00	1	4.25
6.03035	267.00	0	4.25
6.03565	227.00	0	4.26
6.04086	214.00	0	4.26
6.04502	210.00	0	4.26
6.05037	207.00	0	4.26
6.05561	205.00	0	4.26
6.06088	204.00	0	4.26
6.06502	203.00	0	4.26
6.07038	203.00	0	4.26
6.07565	206.00	0	4.26
6.08101	214.00	0	4.26
6.08524	229.00	0	4.26
6.09053	264.00	1	4.26
6.09597	306.00	0	4.26
6.10074	333.00	0	4.26
6.10533	347.00	0	4.26
6.11107	360.00	0	4.26
6.11569	369.00	0	4.26
6.12031	378.00	0	4.26
6.12539	381.00	0	4.26
6.13019	380.00	0	4.26
6.13606	372.00	0	4.26
6.14066	356.00	0	4.26
6.14543	305.00	1	4.26
6.15014	255.00	0	4.26
6.15595	221.00	0	4.26
6.16095	210.00	0	4.26
6.16563	207.00	0	4.26
6.17031	204.00	0	4.26
6.17600	200.00	0	4.26
6.18069	197.00	0	4.26
6.18529	195.00	0	4.26
6.19116	194.00	0	4.26
6.19565	195.00	0	4.26
6.20009	198.00	0	4.26
6.20557	220.00	0	4.26
6.21005	265.00	1	4.26
6.21561	319.00	0	4.27
6.22009	347.00	0	4.27
6.22559	370.00	0	4.27
6.23106	384.00	0	4.27
6.23551	391.00	0	4.27
6.24098	396.00	0	4.27
6.24541	399.00	0	4.27
6.25094	392.00	0	4.27
6.25539	383.00	0	4.27
6.26096	327.00	1	4.27
6.26540	264.00	0	4.24
6.27087	226.00	0	4.24
6.27531	214.00	0	4.24
6.28084	209.00	0	4.24
6.28525	207.00	0	4.24
6.29075	205.00	0	4.24
6.29518	204.00	0	4.24
6.30069	202.00	0	4.24
6.30510	203.00	0	4.24
6.31060	206.00	0	4.24
6.31502	210.00	0	4.24
6.32050	226.00	0	4.24
6.32601	263.00	1	4.24
6.33044	299.00	0	4.24
6.33601	330.00	0	4.25
6.34042	346.00	0	4.25
6.34592	358.00	0	4.25
6.35032	368.00	0	4.25
6.35589	378.00	0	4.25
6.36030	379.00	0	4.25
6.36576	379.00	0	4.25
6.37022	374.00	0	4.25
6.37570	358.00	0	4.25
6.38019	315.00	1	4.25
6.38566	257.00	0	4.25
6.39016	228.00	0	4.26
6.39562	212.00	0	4.26
6.40009	208.00	0	4.26
6.40618	203.00	0	4.26
6.41079	201.00	0	4.26
6.41526	199.00	0	4.26
6.42075	196.00	0	4.26
6.42519	194.00	0	4.26
6.43072	195.00	0	4.26
6.43523	197.00	0	4.26
6.44072	217.00	0	4.26
6.44516	262.00	1	4.26
6.45062	318.00	0	4.26
6.45508	347.00	0	4.26
6.46062	371.00	0	4.25
6.46510	381.00	0	4.25
6.47061	393.00	0	4.25
6.47503	397.00	0	4.25
6.48055	397.00	0	4.25
6.48504	394.00	0	4.25
6.49054	384.00	0	4.25
6.49501	354.00	1	4.25
6.50052	273.00	0	4.27
6.50605	229.00	0	4.27
6.51054	216.00	0	4.27
6.51603	210.00	0	4.27
6.52043	208.00	0	4.27
6.52593	207.00	0	4.27
6.53036	205.00	0	4.27
6.53587	203.00	0	4.27
6.54034	204.00	0	4.27
6.54590	207.00	0	4.27
6.55031	212.00	0	4.27
6.55582	230.00	0	4.27
6.56022	258.00	1	4.27
6.56577	302.00	0	4.27
6.57018	327.00	0	4.27
6.57564	349.00	0	4.27
6.58013	356.00	0	4.27
6.58560	370.00	0	4.27
6.59003	376.00	0	4.27
6.59555	380.00	0	4.27
6.60104	379.00	0	4.27
6.60544	374.00	0	4.27
6.61094	358.00	0	4.27
6.61536	317.00	1	4.27
6.62084	258.00	0	4.27
6.62527	229.00	0	4.25
6.63073	213.00	0	4.25
6.63518	207.00	0	4.25
6.64066	204.00	0	4.25
6.64509	201.00	0	4.25
6.65062	198.00	0	4.25
6.65504	196.00	0	4.25
6.66060	195.00	0	4.25
6.66506	195.00	0	4.25
6.67056	194.00	0	4.25
6.67506	212.00	0	4.25
6.68058	268.00	1	4.25
6.68605	322.00	0	4.25
6.69048	348.00	0	4.25
6.69602	371.00	0	4.25
6.70045	384.00	0	4.25
6.70592	393.00	0	4.25
6.71038	399.00	0	4.25
6.71589	397.00	0	4.25
6.72029	395.00	0	4.25
6.72584	386.00	0	4.25
6.73026	361.00	1	4.25
6.73577	279.00	0	4.25
6.74023	238.00	0	4.25
6.74579	216.00	0	4.25
6.75019	210.00	0	4.25
6.75576	208.00	0	4.25
6.76022	207.00	0	4.25
6.76569	205.00	0	4.25
6.77012	203.00	0	4.25
6.77559	203.00	0	4.25
6.78002	205.00	0	4.25
6.78548	212.00	0	4.25
6.79098	230.00	0	4.25
6.79539	262.00	1	4.25
6.80102	304.00	0	4.25
6.80544	329.00	0	4.25
6.81094	349.00	0	4.25
6.81536	358.00	0	4.25
6.82090	368.00	0	4.25
6.82533	376.00	0	4.25
6.83080	379.00	0	4.25
6.83524	379.00	0	4.25
6.84071	374.00	0	4.25
6.84515	365.00	0	4.25
6.85062	323.00	1	4.25
6.85503	274.00	0	4.25
6.86054	230.00	0	4.25
6.86603	213.00	0	4.25
6.87052	208.00	0	4.25
6.87608	203.00	0	4.25
6.88076	200.00	0	4.25
6.88589	198.00	0	4.25
6.89084	196.00	0	4.25
6.89606	194.00	0	4.25
6.90102	195.00	0	4.25
6.90585	198.00	0	4.25
6.91062	218.00	0	4.25
6.91577	274.00	1	4.25
6.92054	319.00	0	4.25
6.92505	349.00	0	4.25
6.93008	368.00	0	4.25
6.93545	385.00	0	4.25
6.94016	392.00	0	4.25
6.94526	398.00	0	4.25
6.95012	398.00	0	4.25
6.95611	393.00	0	4.25
6.96098	382.00	0	4.25
6.96572	342.00	1	4.25
6.97045	271.00	0	4.25
6.97504	232.00	0	4.25
6.98079	215.00	0	4.25
6.98540	210.00	0	4.25
6.99011	208.00	0	4.25
6.99595	206.00	0	4.25
7.00093	204.00	0	4.25
7.00581	203.00	0	4.25
7.01057	204.00	0	4.25
7.01529	207.00	0	4.25
7.02003	215.00	0	4.25
7.02506	236.00	1	4.25
7.03104	279.00	0	4.25
7.03566	312.00	0	4.35
7.04030	335.00	0	4.35
7.04524	351.00	0	4.35
7.05084	363.00	0	4.35
7.05543	372.00	0	4.35
7.06027	378.00	0	4.35
7.06601	381.00	0	4.35
7.07106	379.00	0	4.35
7.07578	371.00	0	4.35
7.08046	357.00	0	4.35
7.08521	307.00	1	4.35
7.09105	247.00	0	4.26
7.09564	222.00	0	4.26
7.10027	209.00	0	4.26
7.10603	243.00	0	4.26
7.11096	202.00	0	4.26
7.11552	196.00	0	4.26
7.12001	197.00	0	4.26
7.12555	195.00	0	4.26
7.13006	194.00	0	4.26
7.13556	195.00	0	4.26
7.14106	203.00	0	4.26
7.14547	234.00	1	4.26
7.15097	294.00	0	4.35
7.15542	329.00	0	4.35
7.16089	359.00	0	4.35
7.16538	375.00	0	4.35
7.17084	387.00	0	4.35
7.17528	394.00	0	4.35
7.18076	398.00	0	4.35
7.18520	397.00	0	4.35
7.19067	392.00	0	4.35
7.19509	382.00	0	4.35
7.20060	328.00	1	4.35
7.20606	253.00	0	4.35
7.21049	226.00	0	4.26
7.21597	213.00	0	4.26
7.22040	210.00	0	4.26
7.22587	207.00	0	4.26
7.23030	207.00	0	4.26
7.23578	204.00	0	4.26
7.24018	203.00	0	4.26
7.24568	204.00	0	4.26
7.25007	208.00	0	4.26
7.25557	218.00	0	4.26
7.26103	247.00	1	4.26
7.26548	279.00	0	4.24
7.27094	317.00	0	4.24
7.27539	337.00	0	4.24
7.28087	353.00	0	4.24
7.28529	363.00	0	4.24
7.29091	373.00	0	4.24
7.29542	379.00	0	4.24
7.30097	381.00	0	4.24
7.30546	377.00	0	4.24
7.31002	371.00	0	4.24
7.31548	349.00	1	4.24
7.32098	284.00	0	4.34
7.32545	244.00	0	4.34
7.33097	217.00	0	4.34
7.33545	209.00	0	4.34
7.34096	206.00	0	4.34
7.34537	202.00	0	4.34
7.35087	199.00	0	4.34
7.35529	196.00	0	4.34
7.36090	195.00	0	4.34
7.36539	195.00	0	4.34
7.37089	196.00	0	4.34
7.37532	204.00	0	4.34
7.38081	248.00	1	4.34
7.38524	294.00	0	4.25
7.39071	334.00	0	4.25
7.39515	359.00	0	4.25
7.40064	377.00	0	4.25
7.40518	388.00	0	4.25
7.41073	394.00	0	4.25
7.41518	399.00	0	4.25
7.42066	396.00	0	4.25
7.42507	389.00	0	4.25
7.43056	373.00	0	4.25
7.43604	293.00	1	4.25
7.44049	243.00	0	4.25
7.44596	219.00	0	4.25
7.45038	212.00	0	4.25
7.45589	208.00	0	4.25
7.46035	207.00	0	4.25
7.46584	205.00	0	4.25
7.47030	203.00	0	4.25
7.47583	203.00	0	4.25
7.48031	206.00	0	4.25
7.48587	211.00	0	4.25
7.49027	222.00	0	4.25
7.49583	254.00	1	4.25
7.50023	286.00	0	4.25
7.50572	319.00	0	4.26
7.51013	339.00	0	4.26
7.51568	356.00	0	4.26
7.52009	366.00	0	4.26
7.52557	375.00	0	4.26
7.53003	380.00	0	4.26
7.53551	381.00	0	4.26
7.54101	377.00	0	4.26
7.54541	367.00	0	4.26
7.55091	330.00	1	4.26
7.55533	277.00	0	4.26
7.56084	233.00	0	4.25
7.56524	216.00	0	4.25
7.57071	209.00	0	4.25
7.57515	204.00	0	4.25
7.58063	202.00	0	4.25
7.58513	199.00	0	4.25
7.59066	196.00	0	4.25
7.59511	196.00	0	4.25
7.60062	195.00	0	4.25
7.60521	99.00	0	4.25
7.61077	211.00	0	4.25
7.61524	252.00	1	4.25
7.62080	310.00	0	4.25
7.62525	343.00	0	4.27
7.63072	368.00	0	4.27
7.63520	380.00	0	4.27
7.64077	391.00	0	4.27
7.64524	397.00	0	4.27
7.65079	400.00	0	4.27
7.65521	397.00	0	4.27
7.66074	387.00	0	4.27
7.66515	363.00	1	4.27
7.67070	277.00	0	4.36
7.67512	236.00	0	4.36
7.68063	217.00	0	4.36
7.68509	210.00	0	4.36
7.69064	208.00	0	4.36
7.69506	207.00	0	4.36
7.70055	204.00	0	4.36
7.70605	204.00	0	4.36
7.71044	204.00	0	4.36
7.71595	206.00	0	4.36
7.72035	212.00	0	4.36
7.72591	229.00	0	4.36
7.73035	256.00	1	4.36
7.73587	300.00	0	4.26
7.74033	328.00	0	4.26
7.74580	349.00	0	4.26
7.75023	357.00	0	4.26
7.75570	370.00	0	4.26
7.76012	380.00	0	4.26
7.76559	380.00	0	4.26
7.77001	380.00	0	4.26
7.77548	373.00	0	4.26
7.78097	355.00	0	4.26
7.78543	307.00	1	4.26
7.79089	249.00	0	4.26
7.79533	226.00	0	4.26
7.80087	210.00	0	4.26
7.80531	206.00	0	4.26
7.81078	204.00	0	4.26
7.81522	202.00	0	4.26
7.82070	198.00	0	4.26
7.82510	197.00	0	4.26
7.83059	194.00	0	4.26
7.83606	195.00	0	4.26
7.84050	198.00	0	4.26
7.84602	223.00	0	4.26
7.85045	270.00	1	4.26
7.85592	323.00	0	4.26
7.86037	352.00	0	4.25
7.86583	372.00	0	4.25
7.87022	384.00	0	4.25
7.87575	394.00	0	4.25
7.88015	399.00	0	4.25
7.88570	400.00	0	4.25
7.89015	389.00	0	4.25
7.89564	381.00	0	4.25
7.90004	345.00	1	4.25
7.90554	265.00	0	4.26
7.91100	227.00	0	4.26
7.91541	215.00	0	4.26
7.92091	209.00	0	4.26
7.92530	208.00	0	4.26
7.93103	206.00	0	4.26
7.93547	204.00	0	4.26
7.94098	202.00	0	4.26
7.94538	203.00	0	4.26
7.95093	206.00	0	4.26
7.95537	211.00	0	4.26
7.96084	227.00	0	4.26
7.96528	255.00	1	4.26
7.97074	296.00	0	4.26
7.97518	325.00	0	4.26
7.98066	345.00	0	4.26
7.98508	357.00	0	4.26
7.99054	367.00	0	4.26
7.99605	378.00	0	4.26
8.00044	380.00	0	4.26
8.00590	380.00	0	4.26
8.01034	374.00	0	4.26
8.01584	358.00	0	4.26
8.02027	316.00	1	4.26
8.02573	257.00	0	4.26
8.03015	228.00	0	4.26
8.03562	212.00	0	4.26
8.04002	208.00	0	4.26
8.04543	204.00	0	4.26
8.05102	201.00	0	4.26
8.05548	198.00	0	4.26
8.06097	195.00	0	4.26
8.06540	194.00	0	4.26
8.07086	194.00	0	4.26
8.07531	197.00	0	4.26
8.08078	217.00	0	4.26
8.08518	262.00	1	4.26
8.09076	317.00	0	4.26
8.09519	346.00	0	4.26
8.10070	371.00	0	4.26
8.10523	382.00	0	4.26
8.11073	394.00	0	4.26
8.11516	397.00	0	4.26
8.12072	396.00	0	4.26
8.12521	394.00	0	4.26
8.13004	384.00	0	4.26
8.13554	341.00	1	4.26
8.14002	274.00	0	4.25
8.14568	230.00	0	4.25
8.15015	216.00	0	4.25
8.15562	209.00	0	4.25
8.16002	208.00	0	4.25
8.16555	206.00	0	4.25
8.17102	205.00	0	4.25
8.17546	203.00	0	4.25
8.18099	204.00	0	4.25
8.18542	205.00	0	4.25
8.19088	212.00	0	4.25
8.19533	226.00	0	4.25
8.20080	263.00	1	4.25
8.20520	296.00	0	4.25
8.21068	330.00	0	4.25
8.21510	346.00	0	4.25
8.22060	359.00	0	4.25
8.22605	370.00	0	4.25
8.23048	379.00	0	4.25
8.23595	381.00	0	4.25
8.24043	382.00	0	4.25
8.24589	372.00	0	4.25
8.25033	362.00	0	4.25
8.25585	317.00	1	4.25
8.26027	268.00	0	4.25
8.26576	229.00	0	4.24
8.27015	215.00	0	4.24
8.27564	208.00	0	4.24
8.28004	205.00	0	4.24
8.28552	202.00	0	4.24
8.29098	198.00	0	4.24
8.29540	197.00	0	4.24
8.30096	195.00	0	4.24
8.30535	195.00	0	4.24
8.31090	198.00	0	4.24
8.31531	212.00	0	4.24
8.32081	266.00	1	4.24
8.32521	311.00	0	4.24
8.33071	349.00	0	4.24
8.33516	367.00	0	4.24
8.34065	383.00	0	4.24
8.34507	391.00	0	4.24
8.35061	398.00	0	4.24
8.35505	400.00	0	4.24
8.36052	395.00	0	4.24
8.36601	387.00	0	4.24
8.37041	365.00	1	4.24
8.37591	286.00	0	4.26
8.38030	242.00	0	4.26
8.38576	218.00	0	4.26
8.39020	212.00	0	4.26
8.39580	208.00	0	4.26
8.40023	207.00	0	4.26
8.40576	204.00	0	4.26
8.41024	203.00	0	4.26
8.41577	202.00	0	4.26
8.42020	205.00	0	4.26
8.42567	211.00	0	4.26
8.43006	222.00	0	4.26
8.43555	255.00	1	4.26
8.44101	297.00	0	4.26
8.44551	324.00	0	4.26
8.45097	346.00	0	4.26
8.45541	356.00	0	4.26
8.46087	368.00	0	4.26
8.46530	376.00	0	4.26
8.47077	379.00	0	4.26
8.47520	382.00	0	4.26
8.48071	379.00	0	4.26
8.48510	369.00	0	4.26
8.49059	342.00	1	4.26
8.49606	280.00	0	4.26
8.50049	241.00	0	4.26
8.50595	217.00	0	4.26
8.51037	209.00	0	4.26
8.51586	205.00	0	4.26
8.52031	203.00	0	4.26
8.52580	199.00	0	4.26
8.53023	197.00	0	4.26
8.53579	195.00	0	4.26
8.54020	195.00	0	4.26
8.54570	196.00	0	4.26
8.55011	202.00	0	4.26
8.55560	243.00	1	4.26
8.56000	290.00	0	4.26
8.56552	336.00	0	4.26
8.57100	362.00	0	4.26
8.57548	377.00	0	4.26
8.58096	387.00	0	4.26
8.58536	395.00	0	4.26
8.59084	400.00	0	4.26
8.59525	399.00	0	4.26
8.60074	392.00	0	4.26
8.60520	380.00	0	4.26
8.61078	328.00	1	4.26
8.61519	264.00	0	4.26
8.62067	226.00	0	4.26
8.62509	215.00	0	4.16
8.63061	208.00	0	4.16
8.63504	207.00	0	4.16
8.64052	206.00	0	4.16
8.64601	203.00	0	4.16
8.65041	202.00	0	4.16
8.65591	203.00	0	4.16
8.66031	206.00	0	4.16
8.66577	215.00	0	4.16
8.67019	233.00	1	4.16
8.67565	272.00	0	4.16
8.68008	306.00	0	4.26
8.68555	334.00	0	4.26
8.69103	351.00	0	4.26
8.69545	361.00	0	4.26
8.70094	371.00	0	4.26
8.70533	378.00	0	4.26
8.71079	380.00	0	4.26
8.71525	380.00	0	4.26
8.72075	374.00	0	4.26
8.72519	363.00	0	4.26
8.73066	157.00	0	4.26
8.73516	265.00	0	4.26
8.74064	227.00	1	4.26
8.74511	212.00	0	4.26
8.75068	207.00	0	4.00
8.75516	203.00	0	4.00
8.76067	200.00	0	4.00
8.76506	197.00	0	4.00
8.77063	195.00	0	4.00
8.77503	194.00	0	4.00
8.78054	194.00	0	4.00
8.78600	199.00	0	4.00
8.79049	219.00	0	4.00
8.79596	273.00	1	4.00
8.80041	314.00	0	4.00
8.80590	348.00	0	4.16
8.81030	366.00	0	4.16
8.81579	381.00	0	4.16
8.82025	390.00	0	4.16
8.82580	396.00	0	4.16
8.83019	398.00	0	4.16
8.83568	396.00	0	4.16
8.84010	388.00	0	4.16
8.84559	364.00	1	4.16
8.85004	298.00	0	4.16
8.85559	238.00	0	4.26
8.86104	216.00	0	4.26
8.86544	210.00	0	4.26
8.87098	208.00	0	4.26
8.87540	206.00	0	4.26
8.88090	203.00	0	4.26
8.88530	203.00	0	4.26
8.89085	199.00	0	4.26
8.89526	205.00	0	4.26
8.90076	210.00	0	4.26
8.90516	222.00	0	4.26
8.91062	254.00	1	4.26
8.91506	288.00	0	4.16
8.92053	322.00	0	4.16
8.92500	341.00	0	4.16
8.93068	354.00	0	4.16
8.93528	363.00	0	4.16
8.94077	373.00	0	4.16
8.94527	379.00	0	4.16
8.95073	380.00	0	4.16
8.95519	376.00	0	4.16
8.96070	366.00	0	4.16
8.96516	341.00	1	4.16
8.97070	277.00	0	4.45
8.97512	238.00	0	4.45
8.98062	216.00	0	4.45
8.98502	208.00	0	4.45
8.99057	205.00	0	4.45
8.99606	200.00	0	4.45
9.00045	198.00	0	4.45
9.00594	195.00	0	4.45
9.01034	194.00	0	4.45
9.01587	194.00	0	4.45
9.02027	195.00	0	4.45
9.02576	206.00	0	4.45
9.03021	241.00	1	4.45
9.03576	299.00	0	4.27
9.04035	334.00	0	4.27
9.04505	357.00	0	4.27
9.05062	376.00	0	4.27
9.05508	386.00	0	4.27
9.06069	395.00	0	4.27
9.06518	399.00	0	4.27
9.07065	396.00	0	4.27
9.07512	391.00	0	4.27
9.08063	375.00	0	4.27
9.08503	321.00	1	4.27
9.09052	248.00	0	4.18
9.09605	219.00	0	4.18
9.10053	211.00	0	4.18
9.10523	208.00	0	4.18
9.11086	206.00	0	4.18
9.11535	204.00	0	4.18
9.12100	202.00	0	4.18
9.12558	202.00	0	4.18
9.13006	203.00	0	4.18
9.13556	207.00	0	4.18
9.14110	217.00	0	4.18
9.14553	238.00	1	4.18
9.15104	278.00	0	4.18
9.15554	311.00	0	4.26
9.16104	337.00	0	4.26
9.16554	353.00	0	4.26
9.17105	361.00	0	4.26
9.17553	371.00	0	4.26
9.18105	378.00	0	4.26
9.18593	380.00	0	4.26
9.19042	378.00	0	4.26
9.19601	368.00	0	4.26
9.20041	351.00	0	4.26
9.20602	286.00	1	4.26
9.21045	244.00	0	4.26
9.21596	218.00	0	4.15
9.22035	209.00	0	4.15
9.22582	204.00	0	4.15
9.23034	202.00	0	4.15
9.23582	199.00	0	4.15
9.24025	197.00	0	4.15
9.24574	194.00	0	4.15
9.25017	194.00	0	4.15
9.25562	195.00	0	4.15
9.26007	198.00	0	4.15
9.26557	230.00	1	4.15
9.27105	288.00	0	4.15
9.27549	326.00	0	4.25
9.28100	359.00	0	4.25
9.28548	372.00	0	4.25
9.29100	386.00	0	4.25
9.29543	392.00	0	4.25
9.30094	398.00	0	4.25
9.30540	397.00	0	4.25
9.31094	390.00	0	4.25
9.31540	377.00	0	4.25
9.32090	314.00	1	4.25
9.32529	254.00	0	4.25
9.33077	222.00	0	4.24
9.33524	211.00	0	4.24
9.34076	208.00	0	4.24
9.34516	206.00	0	4.24
9.35065	204.00	0	4.24
9.35511	202.00	0	4.24
9.36059	201.00	0	4.24
9.36507	201.00	0	4.24
9.37053	206.00	0	4.24
9.37603	214.00	0	4.24
9.38043	233.00	1	4.24
9.38591	274.00	0	4.26
9.39031	306.00	0	4.26
9.39581	334.00	0	4.26
9.40020	347.00	0	4.26
9.40565	359.00	0	4.26
9.41007	369.00	0	4.26
9.41553	376.00	0	4.26
9.42001	378.00	0	4.26
9.42546	375.00	0	4.26
9.43102	367.00	0	4.26
9.43548	347.00	1	4.26
9.44106	283.00	0	4.36
9.44547	242.00	0	4.36
9.45096	218.00	0	4.36
9.45538	209.00	0	4.36
9.46090	205.00	0	4.36
9.46534	202.00	0	4.36
9.47086	199.00	0	4.36
9.47530	197.00	0	4.36
9.48083	193.00	0	4.36
9.48531	193.00	0	4.36
9.49082	195.00	0	4.36
9.49528	199.00	0	4.36
9.50075	229.00	1	4.36
9.50521	278.00	0	4.36
9.51075	327.00	0	4.25
9.51515	355.00	0	4.25
9.52067	374.00	0	4.25
9.52550	385.00	0	4.25
9.53007	390.00	0	4.25
9.53562	396.00	0	4.25
9.54006	398.00	0	4.25
9.54555	392.00	0	4.25
9.55104	373.00	0	4.25
9.55553	318.00	1	4.25
9.56102	248.00	0	4.26
9.56542	223.00	0	4.26
9.57088	211.00	0	4.26
9.57549	208.00	0	4.26
9.58102	205.00	0	4.26
9.58545	204.00	0	4.26
9.59091	204.00	0	4.26
9.59537	202.00	0	4.26
9.60084	202.00	0	4.26
9.60526	205.00	0	4.26
9.61078	213.00	0	4.26
9.61519	229.00	0	4.26
9.62070	267.00	1	4.26
9.62509	300.00	0	4.26
9.63057	331.00	0	4.16
9.63501	347.00	0	4.16
9.64056	361.00	0	4.16
9.64602	371.00	0	4.16
9.65043	378.00	0	4.16
9.65590	379.00	0	4.16
9.66029	377.00	0	4.16
9.66578	368.00	0	4.16
9.67018	305.00	1	4.16
9.67566	301.00	0	4.26
9.68011	255.00	0	4.26
9.68559	223.00	0	4.26
9.69105	210.00	0	4.26
9.69548	205.00	0	4.26
9.70099	202.00	0	4.26
9.70538	200.00	0	4.26
9.71086	197.00	0	4.26
9.71533	195.00	0	4.26
9.72083	194.00	0	4.26
9.72522	194.00	0	4.26
9.73070	196.00	0	4.26
9.73516	209.00	0	4.26
9.74068	261.00	1	4.26
9.74508	307.00	0	4.26
9.75053	345.00	0	4.26
9.75603	367.00	0	4.17
9.76042	380.00	0	4.17
9.76590	390.00	0	4.17
9.77031	396.00	0	4.17
9.77580	398.00	0	4.17
9.78019	395.00	0	4.17
9.78567	385.00	0	4.17
9.79012	367.00	1	4.17
9.79557	293.00	0	4.17
9.80004	245.00	0	4.26
9.80559	219.00	0	4.26
9.81003	211.00	0	4.26
9.81550	207.00	0	4.26
9.82106	206.00	0	4.26
9.82551	203.00	0	4.26
9.83100	202.00	0	4.26
9.83542	201.00	0	4.26
9.84091	205.00	0	4.26
9.84530	208.00	0	4.26
9.85075	219.00	0	4.26
9.85519	243.00	1	4.26
9.86071	285.00	0	4.26
9.86513	315.00	0	4.26
9.87059	339.00	0	4.26
9.87502	351.00	0	4.26
9.88054	363.00	0	4.26
9.88608	375.00	0	4.26
9.89047	378.00	0	4.26
9.89594	378.00	0	4.26
9.90043	376.00	0	4.26
9.90589	365.00	0	4.26
9.91031	345.00	1	4.26
9.91586	284.00	0	4.26
9.92028	244.00	0	4.16
9.92574	219.00	0	4.16
9.93013	210.00	0	4.16
9.93564	204.00	0	4.16
9.94004	202.00	0	4.16
9.94553	199.00	0	4.16
9.95098	196.00	0	4.16
9.95543	194.00	0	4.16
9.96089	193.00	0	4.16
9.96531	194.00	0	4.16
9.97077	200.00	0	4.16
9.97517	225.00	1	4.16
9.98067	285.00	0	4.26
9.98506	324.00	0	4.26
9.99054	355.00	0	4.26
9.99601	374.00	0	4.26
10.00043	384.00	0	4.26
