2.00132	341.00	0	0.00
2.00264	341.00	0	0.00
2.00397	342.00	0	0.00
2.00524	338.00	0	0.00
2.00651	338.00	0	0.00
2.00777	337.00	0	0.00
2.00906	335.00	0	0.00
2.01040	332.00	0	0.00
2.01175	331.00	0	0.00
2.01302	330.00	0	0.00
2.01432	332.00	0	0.00
2.01565	334.00	0	0.00
2.01699	339.00	0	0.00
2.01828	345.00	0	0.00
2.01958	355.00	0	0.00
2.02091	367.00	0	0.00
2.02225	380.00	1	0.00
2.02351	394.00	0	0.00
2.02480	408.00	0	0.00
2.02612	424.00	0	0.00
2.02750	437.00	0	0.00
2.02879	450.00	0	0.00
2.03009	463.00	0	0.00
2.03144	465.00	0	0.00
2.03277	485.00	0	0.00
2.03403	492.00	0	0.00
2.03534	499.00	0	0.00
2.03667	505.00	0	0.00
2.03804	513.00	0	0.00
2.03936	519.00	0	0.00
2.04063	526.00	0	0.00
2.04196	528.00	0	0.00
2.04333	531.00	0	0.00
2.04460	534.00	0	0.00
2.04585	538.00	0	0.00
2.04714	541.00	0	0.00
2.04847	542.00	0	0.00
2.04981	545.00	0	0.00
2.05108	547.00	0	0.00
2.05237	549.00	0	0.00
2.05372	551.00	0	0.00
2.05505	552.00	0	0.00
2.05632	552.00	0	0.00
2.05793	553.00	0	0.00
2.05938	554.00	0	0.00
2.06082	554.00	0	0.00
2.06216	553.00	0	0.00
2.06381	547.00	0	0.00
2.06525	543.00	0	0.00
2.06663	540.00	0	0.00
2.06800	532.00	0	0.00
2.06935	522.00	0	0.00
2.07072	512.00	0	0.00
2.07215	497.00	1	0.00
2.07358	480.00	0	0.00
2.07492	465.00	0	0.00
2.07625	450.00	0	0.00
2.07767	436.00	0	0.00
2.07906	421.00	0	0.00
2.08051	405.00	0	0.00
2.08191	395.00	0	0.00
2.08333	384.00	0	0.00
2.08471	378.00	0	0.00
2.08605	371.00	0	0.00
2.08742	362.00	0	0.00
2.08883	356.00	0	0.00
2.09021	352.00	0	0.00
2.09174	347.00	0	0.00
2.09312	344.00	0	0.00
2.09445	340.00	0	0.00
2.09580	340.00	0	0.00
2.09707	339.00	0	0.00
2.09840	338.00	0	0.00
2.09983	339.00	0	0.00
2.10124	340.00	0	0.00
2.10252	343.00	0	0.00
2.10388	345.00	0	0.00
2.10522	345.00	0	0.00
2.10661	348.00	0	0.00
2.10793	352.00	0	0.00
2.10932	353.00	0	0.00
2.11070	357.00	0	0.00
2.11204	360.00	0	0.00
2.11333	363.00	0	0.00
2.11471	367.00	0	0.00
2.11608	371.00	0	0.00
2.11744	376.00	0	0.00
2.11872	384.00	0	0.00
2.11998	386.00	0	0.00
2.12127	394.00	0	0.00
2.12260	400.00	0	0.00
2.12394	410.00	0	0.00
2.12533	423.00	0	0.00
2.12668	432.00	1	0.00
2.12803	444.00	0	0.00
2.12942	459.00	0	0.00
2.13075	469.00	0	0.00
2.13212	481.00	0	0.00
2.13348	490.00	0	0.00
2.13486	499.00	0	0.00
2.13623	511.00	0	0.00
2.13762	515.00	0	0.00
2.14015	524.00	0	0.00
2.14261	529.00	0	0.00
2.14513	535.00	0	0.00
2.14768	537.00	0	0.00
2.15016	540.00	0	0.00
2.15304	547.00	0	0.00
2.15562	547.00	0	0.00
2.15808	552.00	0	0.00
2.16050	554.00	0	0.00
2.16301	553.00	0	0.00
2.16549	549.00	0	0.00
2.16799	545.00	0	0.00
2.17045	537.00	1	0.00
2.17286	515.00	0	0.00
2.17534	487.00	0	0.00
2.17777	451.00	0	0.00
2.18026	418.00	0	0.00
2.18274	394.00	0	0.00
2.18524	377.00	0	0.00
2.18772	365.00	0	0.00
2.19021	355.00	0	0.00
2.19274	348.00	0	0.00
2.19523	343.00	0	0.00
2.19774	339.00	0	0.00
2.20029	338.00	0	0.00
2.20275	338.00	0	0.00
2.20526	339.00	0	0.00
2.20776	340.00	0	0.00
2.21031	341.00	0	0.00
2.21280	339.00	0	0.00
2.21539	336.00	0	0.00
2.21788	332.00	0	0.00
2.22042	329.00	0	0.00
2.22290	332.00	0	0.00
2.22534	342.00	0	0.00
2.22778	359.00	1	0.00
2.23027	382.00	0	0.00
2.23270	408.00	0	0.00
2.23514	435.00	0	0.00
2.23762	459.00	0	0.00
2.24010	480.00	0	0.00
2.24260	496.00	0	0.00
2.24511	511.00	0	0.00
2.24764	518.00	0	0.00
2.25014	532.00	0	0.00
2.25272	536.00	0	0.00
2.25522	540.00	0	0.00
2.25768	545.00	0	0.00
2.26014	550.00	0	0.00
2.26261	551.00	0	0.00
2.26511	552.00	0	0.00
2.26761	551.00	0	0.00
2.27010	547.00	0	0.00
2.27296	538.00	0	0.00
2.27556	524.00	1	0.00
2.27803	498.00	0	0.00
2.28045	475.00	0	0.00
2.28286	448.00	0	0.00
2.28534	421.00	0	0.00
2.28782	398.00	0	0.00
2.29036	381.00	0	0.00
2.29285	367.00	0	0.00
2.29532	357.00	0	0.00
2.29778	345.00	0	0.00
2.30024	339.00	0	0.00
2.30275	336.00	0	0.00
2.30549	336.00	0	0.00
2.30807	338.00	0	4.92
2.31057	341.00	0	4.92
2.31331	345.00	0	4.92
2.31590	351.00	0	4.92
2.31839	358.00	0	4.92
2.32082	364.00	1	4.92
2.32352	372.00	0	4.92
2.32626	382.00	0	4.92
2.32880	396.00	0	4.92
2.33158	415.00	0	4.92
2.33437	440.00	0	4.92
2.33707	466.00	0	4.92
2.34038	491.00	0	4.92
2.34306	511.00	0	4.92
2.34558	517.00	0	4.92
2.34817	525.00	0	4.92
2.35074	531.00	0	4.92
2.35325	533.00	0	4.92
2.35581	537.00	0	4.92
2.35832	542.00	0	4.92
2.36083	546.00	0	4.92
2.36345	546.00	0	4.92
2.36595	550.00	0	4.92
2.36839	550.00	0	4.92
2.37095	551.00	0	4.92
2.37350	547.00	0	4.92
2.37605	539.00	0	4.92
2.37857	516.00	1	4.92
2.38108	483.00	0	4.92
2.38365	447.00	0	4.92
2.38620	413.00	0	4.92
2.38875	389.00	0	4.92
2.39128	372.00	0	4.92
2.39376	180.00	0	4.92
2.39516	355.00	0	4.92
2.39643	353.00	0	4.92
2.39881	344.00	0	4.92
2.40137	338.00	0	4.92
2.40388	337.00	0	4.92
2.40630	334.00	0	4.92
2.40890	336.00	0	4.80
2.41140	339.00	0	4.80
2.41384	339.00	0	4.80
2.41645	339.00	0	4.80
2.41901	337.00	0	4.80
2.42159	332.00	0	4.80
2.42412	329.00	0	4.80
2.42654	329.00	0	4.80
2.42911	334.00	0	4.80
2.43159	345.00	0	4.80
2.43404	364.00	1	4.80
2.43657	390.00	0	4.80
2.43914	420.00	0	4.80
2.44183	447.00	0	4.80
2.44467	472.00	0	4.80
2.44750	494.00	0	4.80
2.45029	510.00	0	4.80
2.45297	520.00	0	4.80
2.45582	532.00	0	4.80
2.45851	537.00	0	4.80
2.46118	541.00	0	4.80
2.46397	542.00	0	4.80
2.46675	550.00	0	4.80
2.46944	553.00	0	4.80
2.47214	554.00	0	4.80
2.47490	548.00	0	4.80
2.47772	539.00	0	4.80
2.48047	525.00	1	4.80
2.48320	501.00	0	4.80
2.48588	468.00	0	4.80
2.48873	434.00	0	4.80
2.49148	407.00	0	4.80
2.49427	383.00	0	4.80
2.49694	368.00	0	4.80
2.49984	354.00	0	4.80
2.50259	343.00	0	4.80
2.50527	338.00	0	4.80
2.50822	335.00	0	4.80
2.51155	336.00	0	4.88
2.51453	338.00	0	4.88
2.51774	343.00	0	4.88
2.52070	350.00	0	4.88
2.52393	357.00	1	4.88
2.52770	368.00	0	4.88
2.53054	376.00	0	4.88
2.53349	391.00	0	4.88
2.53680	415.00	0	4.88
2.54030	445.00	0	4.88
2.54306	471.00	0	4.88
2.54558	494.00	0	4.88
2.54878	511.00	0	4.88
2.55135	516.00	0	4.88
2.55383	528.00	0	4.88
2.55634	533.00	0	4.88
2.55881	535.00	0	4.88
2.56129	538.00	0	4.88
2.56384	541.00	0	4.88
2.56636	546.00	0	4.88
2.56887	547.00	0	4.88
2.57142	549.00	0	4.88
2.57394	551.00	0	4.88
2.57648	548.00	0	4.88
2.57895	544.00	0	4.88
2.58139	532.00	1	4.88
2.58391	509.00	0	4.88
2.58646	476.00	0	4.88
2.58898	441.00	0	4.88
2.59145	407.00	0	4.88
2.59396	382.00	0	4.88
2.59650	366.00	0	4.88
2.59901	356.00	0	4.88
2.60149	347.00	0	4.88
2.60391	342.00	0	4.88
2.60641	337.00	0	4.88
2.60891	333.00	0	4.88
2.61153	332.00	0	4.93
2.61406	332.00	0	4.93
2.61668	334.00	0	4.93
2.61922	335.00	0	4.93
2.62173	335.00	0	4.93
2.62426	333.00	0	4.93
2.62678	330.00	0	4.93
2.62927	326.00	0	4.93
2.63186	326.00	0	4.93
2.63440	329.00	0	4.93
2.63688	341.00	0	4.93
2.63926	360.00	1	4.93
2.64165	385.00	0	4.93
2.64416	414.00	0	4.93
2.64669	441.00	0	4.93
2.64918	465.00	0	4.93
2.65169	485.00	0	4.93
2.65417	501.00	0	4.93
2.65675	514.00	0	4.93
2.65925	523.00	0	4.93
2.66182	531.00	0	4.93
2.66436	535.00	0	4.93
2.66686	543.00	0	4.93
2.66937	548.00	0	4.93
2.67190	546.00	0	4.93
2.67436	550.00	0	4.93
2.67676	550.00	0	4.93
2.67927	544.00	0	4.93
2.68173	538.00	0	4.93
2.68434	523.00	1	4.93
2.68682	506.00	0	4.93
2.68925	476.00	0	4.93
2.69184	444.00	0	4.93
2.69432	417.00	0	4.93
2.69741	388.00	0	4.93
2.69996	372.00	0	4.93
2.70238	359.00	0	4.93
2.70478	348.00	0	4.93
2.70728	340.00	0	4.93
2.70982	333.00	0	4.93
2.71247	330.00	0	4.90
2.71495	331.00	0	4.90
2.71742	334.00	0	4.90
2.71998	334.00	0	4.90
2.72248	340.00	0	4.90
2.72502	344.00	0	4.90
2.72773	349.00	0	4.90
2.73025	356.00	0	4.90
2.73279	364.00	1	4.90
2.73538	375.00	0	4.90
2.73789	387.00	0	4.90
2.74046	406.00	0	4.90
2.74294	428.00	0	4.90
2.74535	456.00	0	4.90
2.74784	480.00	0	4.90
2.75029	494.00	0	4.90
2.75270	513.00	0	4.90
2.75523	523.00	0	4.90
2.75774	532.00	0	4.90
2.76045	534.00	0	4.90
2.76294	537.00	0	4.90
2.76540	539.00	0	4.90
2.76807	541.00	0	4.90
2.77055	514.00	1	4.90
2.77303	548.00	0	4.90
2.77559	549.00	0	4.90
2.77819	546.00	1	4.90
2.78085	543.00	0	4.90
2.78340	532.00	0	4.90
2.78598	510.00	1	4.90
2.78852	479.00	0	4.90
2.79101	441.00	0	4.90
2.79347	410.00	0	4.90
2.79607	383.00	0	4.90
2.79871	366.00	0	4.90
2.80226	352.00	0	4.90
2.80479	597.00	0	4.90
2.80626	339.00	0	4.90
2.80768	337.00	0	4.90
2.81040	333.00	0	4.90
2.81305	329.00	0	9.84
2.81570	330.00	0	9.84
2.81851	331.00	0	9.84
2.82104	333.00	0	9.84
2.82393	333.00	0	9.84
2.82661	332.00	0	9.84
2.82917	330.00	0	9.84
2.83204	328.00	0	9.84
2.83495	324.00	0	9.84
2.83747	329.00	0	9.84
2.84017	341.00	0	9.84
2.84299	362.00	1	9.84
2.84582	394.00	0	9.84
2.84839	424.00	0	9.84
2.85096	449.00	0	9.84
2.85347	474.00	0	9.84
2.85604	491.00	0	9.84
2.85856	511.00	0	9.84
2.86110	518.00	0	9.84
2.86366	527.00	0	9.84
2.86619	533.00	0	9.84
2.86866	539.00	0	9.84
2.87118	541.00	0	9.84
2.87367	544.00	0	9.84
2.87622	548.00	0	9.84
2.87893	547.00	0	9.84
2.88160	547.00	0	9.84
2.88416	542.00	0	9.84
2.88669	532.00	0	9.84
2.88921	516.00	1	9.84
2.89179	491.00	0	9.84
2.89435	462.00	0	9.84
2.89684	432.00	0	9.84
2.89940	406.00	0	9.84
2.90217	381.00	0	9.84
2.90490	366.00	0	9.84
2.90759	353.00	0	9.84
2.91016	339.00	0	9.84
2.91294	334.00	0	9.84
2.91554	329.00	0	8.43
2.91826	327.00	0	8.43
2.92116	329.00	0	8.43
2.92404	331.00	0	8.43
2.92711	335.00	0	8.43
2.92982	339.00	0	8.43
2.93282	347.00	0	8.43
2.93556	354.00	0	8.43
2.93833	360.00	1	8.43
2.94106	370.00	0	8.43
2.94397	390.00	0	8.43
2.94666	417.00	0	8.43
2.94983	446.00	0	8.43
2.95253	473.00	0	8.43
2.95511	496.00	0	8.43
2.95812	510.00	0	8.43
2.96082	521.00	0	8.43
2.96381	530.00	0	8.43
2.96653	531.00	0	8.43
2.96927	533.00	0	8.43
2.97204	536.00	0	8.43
2.97486	538.00	0	8.43
2.97755	538.00	0	8.43
2.98040	543.00	0	8.43
2.98306	542.00	0	8.43
2.98590	537.00	0	8.43
2.98866	525.00	0	8.43
2.99177	497.00	1	8.43
2.99455	458.00	0	8.43
2.99720	419.00	0	8.43
3.00001	386.00	0	8.43
3.00268	363.00	0	8.43
3.00567	346.00	0	8.43
3.00838	336.00	0	8.43
3.01111	331.00	0	8.43
3.01389	323.00	0	8.43
3.01702	322.00	0	4.86
3.02010	321.00	0	4.86
3.02287	323.00	0	4.86
3.02546	322.00	0	4.86
3.02853	324.00	0	4.86
3.03128	324.00	0	4.86
3.03389	320.00	0	4.86
3.03675	315.00	0	4.86
3.03944	317.00	0	4.86
3.04228	324.00	0	4.86
3.04496	340.00	1	4.86
3.04791	374.00	0	4.86
3.05066	404.00	0	4.86
3.05369	439.00	0	4.86
3.05643	462.00	0	4.86
3.05919	485.00	0	4.86
3.06193	500.00	0	4.86
3.06490	511.00	0	4.86
3.06757	520.00	0	4.86
3.07035	525.00	0	4.86
3.07289	531.00	0	4.86
3.07542	534.00	0	4.86
3.07795	536.00	0	4.86
3.08050	539.00	0	4.86
3.08300	537.00	0	4.86
3.08561	534.00	0	4.86
3.08815	530.00	0	4.86
3.09071	515.00	1	4.86
3.09322	498.00	0	4.86
3.09569	470.00	0	4.86
3.09819	438.00	0	4.86
3.10077	406.00	0	4.86
3.10328	383.00	0	4.86
3.10585	365.00	0	4.86
3.10853	349.00	0	4.86
3.11103	337.00	0	4.86
3.11358	329.00	0	4.86
3.11609	322.00	0	4.86
3.11857	319.00	0	4.96
3.12111	318.00	0	4.96
3.12371	319.00	0	4.96
3.12621	321.00	0	4.96
3.12879	323.00	0	4.96
3.13133	329.00	0	4.96
3.13381	334.00	0	4.96
3.13632	339.00	0	4.96
3.13887	347.00	0	4.96
3.14145	356.00	1	4.96
3.14401	367.00	0	4.96
3.14649	384.00	0	4.96
3.14902	408.00	0	4.96
3.15173	435.00	0	4.96
3.15425	465.00	0	4.96
3.15696	486.00	0	4.96
3.15952	502.00	0	4.96
3.16195	514.00	0	4.96
3.16457	520.00	0	4.96
3.16708	525.00	0	4.96
3.16964	526.00	0	4.96
3.17220	527.00	0	4.96
3.17470	529.00	0	4.96
3.17718	529.00	0	4.96
3.17962	534.00	0	4.96
3.18218	536.00	0	4.96
3.18473	536.00	0	4.96
3.18721	532.00	0	4.96
3.18979	525.00	0	4.96
3.19236	512.00	1	4.96
3.19488	485.00	0	4.96
3.19740	451.00	0	4.96
3.19994	416.00	0	4.96
3.20235	387.00	0	4.96
3.20491	364.00	0	4.96
3.20749	348.00	0	4.96
3.20997	338.00	0	4.96
3.21254	331.00	0	4.96
3.21495	325.00	0	4.96
3.21748	321.00	0	4.96
3.22006	319.00	0	4.99
3.22247	319.00	0	4.99
3.22517	320.00	0	4.99
3.22769	322.00	0	4.99
3.23015	321.00	0	4.99
3.23273	322.00	0	4.99
3.23528	321.00	0	4.99
3.23784	319.00	0	4.99
3.24047	316.00	0	4.99
3.24301	315.00	0	4.99
3.24554	322.00	0	4.99
3.24806	340.00	1	4.99
3.25054	363.00	0	4.99
3.25307	391.00	0	4.99
3.25565	421.00	0	4.99
3.25815	448.00	0	4.99
3.26071	469.00	0	4.99
3.26321	486.00	0	4.99
3.26561	501.00	0	4.99
3.26812	510.00	0	4.99
3.27061	520.00	0	4.99
3.27307	526.00	0	4.99
3.27566	530.00	0	4.99
3.27831	536.00	0	4.99
3.28082	537.00	0	4.99
3.28340	539.00	0	4.99
3.28589	538.00	0	4.99
3.28840	540.00	0	4.99
3.29097	533.00	0	4.99
3.29360	526.00	0	4.99
3.29654	507.00	1	4.99
3.29928	482.00	0	4.99
3.30192	449.00	0	4.99
3.30466	419.00	0	4.99
3.30727	393.00	0	4.99
3.31103	363.00	0	4.99
3.31368	501.00	0	4.99
3.31508	342.00	0	4.99
3.31649	336.00	0	4.99
3.31946	329.00	0	4.99
3.32291	324.00	0	4.86
3.32616	325.00	0	4.86
3.32891	327.00	0	4.86
3.33153	331.00	0	4.86
3.33474	335.00	0	4.86
3.33743	343.00	0	4.86
3.34008	350.00	0	4.86
3.34304	355.00	0	4.86
3.34573	368.00	1	4.86
3.34873	381.00	0	4.86
3.35148	404.00	0	4.86
3.35428	432.00	0	4.86
3.35696	461.00	0	4.86
3.35986	490.00	0	4.86
3.36259	505.00	0	4.86
3.36563	517.00	0	4.86
3.36833	523.00	0	4.86
3.37108	530.00	0	4.86
3.37382	533.00	0	4.86
3.37677	534.00	0	4.86
3.37954	538.00	0	4.86
3.38209	513.00	0	4.86
3.38502	542.00	0	4.86
3.38813	545.00	0	4.86
3.39077	543.00	0	4.86
3.39418	538.00	0	4.86
3.39712	521.00	1	4.86
3.40002	493.00	0	4.86
3.40246	455.00	0	4.86
3.40536	416.00	0	4.86
3.40821	386.00	0	4.86
3.41135	365.00	0	4.86
3.41385	351.00	0	4.86
3.41725	343.00	0	4.86
3.41993	337.00	0	4.86
3.42286	332.00	0	4.88
3.42556	327.00	0	4.88
3.42852	331.00	0	4.88
3.43114	166.00	0	4.88
3.43258	333.00	0	4.88
3.43417	333.00	0	4.88
3.43669	333.00	0	4.88
3.43921	331.00	0	4.88
3.44179	330.00	0	4.88
3.44439	325.00	0	4.88
3.44694	325.00	0	4.88
3.44954	330.00	0	4.88
3.45216	346.00	0	4.88
3.45466	369.00	1	4.88
3.45713	398.00	0	4.88
3.45970	427.00	0	4.88
3.46221	450.00	0	4.88
3.46475	479.00	0	4.88
3.46812	497.00	0	4.88
3.47058	511.00	0	4.88
3.47389	523.00	0	4.88
3.47650	529.00	0	4.88
3.47953	535.00	0	4.88
3.48235	540.00	0	4.88
3.48496	271.00	0	4.88
3.48638	543.00	0	4.88
3.48766	545.00	0	4.88
3.49012	549.00	0	4.88
3.49268	546.00	0	4.88
3.49526	544.00	0	4.88
3.49777	534.00	0	4.88
3.50036	519.00	1	4.88
3.50285	497.00	0	4.88
3.50532	467.00	0	4.88
3.50785	438.00	0	4.88
3.51040	408.00	0	4.88
3.51288	387.00	0	4.88
3.51540	371.00	0	4.88
3.51793	357.00	0	4.88
3.52048	343.00	0	4.88
3.52306	335.00	0	4.91
3.52558	331.00	0	4.91
3.52816	330.00	0	4.91
3.53066	329.00	0	4.91
3.53321	333.00	0	4.91
3.53573	335.00	0	4.91
3.53825	340.00	0	4.91
3.54078	346.00	0	4.91
3.54352	353.00	0	4.91
3.54632	362.00	1	4.91
3.54895	371.00	0	4.91
3.55159	383.00	0	4.91
3.55426	403.00	0	4.91
3.55687	424.00	0	4.91
3.55953	452.00	0	4.91
3.56261	479.00	0	4.91
3.56519	496.00	0	4.91
3.56777	509.00	0	4.91
3.57029	519.00	0	4.91
3.57284	524.00	0	4.91
3.57549	530.00	0	4.91
3.57801	531.00	0	4.91
3.58074	533.00	0	4.91
3.58326	538.00	0	4.91
3.58579	539.00	0	4.91
3.58845	541.00	0	4.91
3.59100	546.00	0	4.91
3.59361	543.00	0	4.91
3.59646	540.00	0	4.91
3.59919	528.00	0	4.91
3.60202	508.00	1	4.91
3.60470	474.00	0	4.91
3.60755	433.00	0	4.91
3.61016	399.00	0	4.91
3.61306	373.00	0	4.91
3.61597	358.00	0	4.91
3.61858	349.00	0	4.91
3.62118	341.00	0	4.91
3.62378	335.00	0	4.88
3.62653	331.00	0	4.88
3.62907	330.00	0	4.88
3.63165	330.00	0	4.88
3.63414	332.00	0	4.88
3.63676	332.00	0	4.88
3.63934	333.00	0	4.88
3.64182	331.00	0	4.88
3.64461	329.00	0	4.88
3.64710	324.00	0	4.88
3.64983	323.00	0	4.88
3.65255	330.00	0	4.88
3.65504	346.00	1	4.88
3.65776	371.00	0	4.88
3.66029	399.00	0	4.88
3.66294	426.00	0	4.88
3.66550	452.00	0	4.88
3.66809	475.00	0	4.88
3.67156	498.00	0	4.88
3.67487	512.00	0	4.88
3.67831	525.00	0	4.88
3.68163	530.00	0	4.88
3.68498	538.00	0	4.88
3.68837	543.00	0	4.88
3.69182	545.00	0	4.88
3.69514	543.00	0	4.88
3.69849	540.00	0	4.88
3.70180	527.00	0	4.88
3.70524	501.00	1	4.88
3.70864	461.00	0	4.88
3.71210	422.00	0	4.88
3.71547	389.00	0	4.88
3.71881	366.00	0	4.88
3.72213	349.00	0	4.88
3.72561	337.00	0	4.88
3.72908	332.00	0	4.88
3.73251	332.00	0	4.88
3.73590	335.00	0	4.88
3.73928	298.00	0	4.88
3.74265	349.00	0	4.88
3.74609	356.00	0	4.88
3.74949	366.00	1	4.88
3.75292	381.00	0	4.88
3.75631	400.00	0	4.88
3.75968	428.00	0	4.88
3.76309	457.00	0	4.88
3.76647	486.00	0	4.88
3.76969	506.00	0	4.88
3.77229	517.00	0	4.88
3.77479	522.00	0	4.88
3.77730	527.00	0	4.88
3.77989	531.00	0	4.88
3.78243	533.00	0	4.88
3.78498	537.00	0	4.88
3.78757	541.00	0	4.88
3.79012	544.00	0	4.88
3.79267	545.00	0	4.88
3.79521	544.00	0	4.88
3.79779	547.00	0	4.88
3.80038	540.00	0	4.88
3.80282	529.00	0	4.88
3.80529	504.00	1	4.88
3.80781	473.00	0	4.88
3.81021	438.00	0	4.88
3.81274	405.00	0	4.88
3.81524	382.00	0	4.88
3.81766	367.00	0	4.88
3.82027	354.00	0	4.88
3.82274	346.00	0	4.88
3.82532	340.00	0	4.92
3.82787	335.00	0	4.92
3.83043	332.00	0	4.92
3.83299	333.00	0	4.92
3.83552	332.00	0	4.92
3.83802	335.00	0	4.92
3.84057	334.00	0	4.92
3.84307	335.00	0	4.92
3.84548	333.00	0	4.92
3.84805	330.00	0	4.92
3.85054	325.00	0	4.92
3.85301	325.00	0	4.92
3.85553	328.00	0	4.92
3.85806	340.00	0	4.92
3.86056	357.00	1	4.92
3.86305	384.00	0	4.92
3.86567	413.00	0	4.92
3.86823	437.00	0	4.92
3.87081	464.00	0	4.92
3.87339	483.00	0	4.92
3.87594	497.00	0	4.92
3.87850	509.00	0	4.92
3.88098	520.00	0	4.92
3.88353	524.00	0	4.92
3.88601	534.00	0	4.92
3.88845	536.00	0	4.92
3.89086	540.00	0	4.92
3.89338	541.00	0	4.92
3.89589	544.00	0	4.92
3.89844	545.00	0	4.92
3.90092	270.00	0	4.92
3.90231	540.00	0	4.92
3.90365	533.00	0	4.92
3.90616	522.00	0	4.92
3.90870	501.00	1	4.92
3.91117	473.00	0	4.92
3.91360	444.00	0	4.92
3.91612	415.00	0	4.92
3.91857	393.00	0	4.92
3.92102	374.00	0	4.92
3.92354	359.00	0	4.92
3.92612	349.00	0	4.92
3.92865	339.00	0	4.92
3.93110	333.00	0	4.92
3.93361	330.00	0	4.92
3.93619	326.00	0	4.92
3.93869	331.00	0	4.92
3.94124	335.00	0	4.92
3.94378	340.00	0	4.92
3.94626	345.00	0	4.92
3.94878	351.00	0	4.92
3.95137	357.00	0	4.92
3.95386	364.00	0	4.92
3.95640	374.00	1	4.92
3.96103	400.00	0	4.92
3.96575	439.00	0	4.92
3.97042	481.00	0	4.92
3.97504	506.00	0	4.92
3.98068	521.00	0	4.92
3.98532	528.00	0	4.92
3.99001	536.00	0	4.92
3.99573	540.00	0	4.92
4.00035	542.00	0	4.92
4.00606	526.00	0	4.92
4.01068	484.00	1	4.92
4.01525	420.00	0	4.92
4.02097	368.00	0	4.92
4.02576	350.00	0	4.87
4.03053	336.00	0	4.87
4.03540	332.00	0	4.87
4.04069	333.00	0	4.87
4.04556	337.00	0	4.87
4.05079	331.00	0	4.87
4.05562	324.00	0	4.87
4.06075	331.00	0	4.87
4.06563	375.00	1	4.87
4.07089	431.00	0	4.87
4.07575	476.00	0	4.87
4.08102	508.00	0	4.87
4.08597	527.00	0	4.87
4.09100	536.00	0	4.87
4.09595	544.00	0	4.87
4.10081	546.00	0	4.87
4.10570	542.00	0	4.87
4.11049	518.00	0	4.87
4.11524	464.00	1	4.87
4.12005	414.00	0	4.87
4.12513	372.00	0	4.84
4.13019	348.00	0	4.84
4.13510	335.00	0	4.84
4.14093	336.00	0	4.84
4.14588	339.00	0	4.84
4.15055	350.00	0	4.84
4.15526	365.00	0	4.84
4.16102	387.00	1	4.84
4.16593	419.00	0	4.84
4.17063	463.00	0	4.84
4.17530	497.00	0	4.84
4.18008	519.00	0	4.84
4.18579	531.00	0	4.84
4.19050	536.00	0	4.84
4.19536	542.00	0	4.84
4.20016	546.00	0	4.84
4.20591	541.00	0	4.84
4.21058	513.00	0	4.84
4.21518	452.00	1	4.84
4.22105	385.00	0	4.84
4.22595	358.00	0	4.89
4.23079	343.00	0	4.89
4.23562	334.00	0	4.89
4.24053	333.00	0	4.89
4.24547	337.00	0	4.89
4.25046	335.00	0	4.89
4.25533	329.00	0	4.89
4.26106	327.00	0	4.89
4.26598	354.00	0	4.89
4.27068	404.00	1	4.89
4.27566	458.00	0	4.89
4.28045	495.00	0	4.89
4.28544	518.00	0	4.89
4.29032	533.00	0	4.89
4.29505	541.00	0	4.89
4.30109	545.00	0	4.89
4.30589	543.00	0	4.89
4.31073	528.00	0	4.89
4.31540	485.00	1	4.89
4.32018	430.00	0	4.89
4.32520	388.00	0	4.89
4.33017	358.00	0	5.00
4.33607	337.00	0	5.00
4.34089	333.00	0	5.00
4.34565	335.00	0	5.00
4.35033	344.00	0	5.00
4.35520	355.00	0	5.00
4.36023	371.00	1	5.00
4.36557	398.00	0	5.00
4.37043	438.00	0	5.00
4.37515	481.00	0	5.00
4.38096	512.00	0	5.00
4.38567	526.00	0	5.00
4.39056	532.00	0	5.00
4.39540	540.00	0	5.00
4.40033	542.00	0	5.00
4.40515	544.00	0	5.00
4.41109	525.00	0	5.00
4.41590	478.00	1	5.00
4.42054	417.00	0	5.00
4.42516	375.00	0	5.00
4.43087	349.00	0	4.98
4.43581	337.00	0	4.98
4.44095	334.00	0	4.98
4.44592	334.00	0	4.98
4.45096	334.00	0	4.98
4.45588	331.00	0	4.98
4.46063	325.00	0	4.98
4.46572	344.00	0	4.98
4.47065	387.00	1	4.98
4.47557	445.00	0	4.98
4.48023	485.00	0	4.98
4.48603	513.00	0	4.98
4.49072	530.00	0	4.98
4.49565	542.00	0	4.98
4.50051	545.00	0	4.98
4.50534	542.00	0	4.98
4.51019	531.00	0	4.98
4.51595	481.00	1	4.98
4.52007	433.00	0	4.98
4.52584	381.00	0	4.98
4.53077	355.00	0	4.99
4.53562	336.00	0	4.99
4.54050	332.00	0	4.99
4.54533	336.00	0	4.99
4.55001	343.00	0	4.99
4.55586	359.00	0	4.99
4.56075	374.00	1	4.99
4.56561	402.00	0	4.99
4.57034	443.00	0	4.99
4.57508	485.00	0	4.99
4.58081	515.00	0	4.99
4.58550	527.00	0	4.99
4.59025	533.00	0	4.99
4.59601	541.00	0	4.99
4.60068	545.00	0	4.99
4.60551	273.00	0	4.99
4.61018	533.00	0	4.99
4.61589	485.00	1	4.99
4.62056	421.00	0	4.99
4.62536	377.00	0	4.99
4.63029	353.00	0	5.00
4.63526	337.00	0	5.00
4.64005	332.00	0	5.00
4.64596	334.00	0	5.00
4.65089	335.00	0	5.00
4.65560	333.00	0	5.00
4.66051	325.00	0	5.00
4.66538	334.00	0	5.00
4.67031	376.00	1	5.00
4.67522	432.00	0	5.00
4.68007	477.00	0	5.00
4.68602	511.00	0	5.00
4.69077	525.00	0	5.00
4.69558	537.00	0	5.00
4.70026	542.00	0	5.00
4.70506	545.00	0	5.00
4.71002	540.00	0	5.00
4.71616	510.00	1	5.00
4.72012	467.00	0	5.00
4.72605	402.00	0	5.00
4.73098	368.00	0	4.99
4.73567	345.00	0	4.99
4.74069	334.00	0	4.99
4.74555	334.00	0	4.99
4.75056	339.00	0	4.99
4.75558	349.00	0	4.99
4.76040	363.00	0	4.99
4.76504	380.00	1	4.99
4.77097	421.00	0	4.99
4.77574	468.00	0	4.99
4.78067	502.00	0	4.99
4.78553	519.00	0	4.99
4.79021	530.00	0	4.99
4.79590	535.00	0	4.99
4.80081	541.00	0	4.99
4.80597	545.00	0	4.99
4.81090	543.00	0	4.99
4.81569	519.00	0	4.99
4.82046	465.00	1	4.99
4.82514	404.00	0	4.99
4.83102	361.00	0	4.89
4.83575	342.00	0	4.89
4.84067	335.00	0	4.89
4.84544	331.00	0	4.89
4.85043	333.00	0	4.89
4.85523	335.00	0	4.89
4.86105	327.00	0	4.89
4.86571	325.00	0	4.89
4.87034	344.00	0	4.89
4.87517	395.00	1	4.89
4.88090	456.00	0	4.89
4.88560	494.00	0	4.89
4.89034	514.00	0	4.89
4.89500	529.00	0	4.89
4.90068	538.00	0	4.89
4.90580	544.00	0	4.89
4.91052	545.00	0	4.89
4.91541	538.00	0	4.89
4.92008	508.00	1	4.89
4.92603	443.00	0	4.89
4.93104	390.00	0	4.90
4.93508	366.00	0	4.90
4.94106	335.00	0	4.90
4.94576	331.00	0	4.90
4.95064	334.00	0	4.90
4.95525	339.00	0	4.90
4.96093	349.00	0	4.90
4.96578	369.00	1	4.90
4.97062	391.00	0	4.90
4.97524	427.00	0	4.90
4.98089	478.00	0	4.90
4.98582	505.00	0	4.90
4.99056	522.00	0	4.90
4.99518	530.00	0	4.90
5.00088	538.00	0	4.90
5.00560	543.00	0	4.90
5.01032	546.00	0	4.90
5.01516	543.00	0	4.90
5.02094	511.00	1	4.90
5.02563	451.00	0	4.90
5.03076	388.00	0	4.90
5.03549	359.00	0	4.99
5.04016	343.00	0	4.99
5.04512	334.00	0	4.99
5.05052	331.00	0	4.99
5.05527	335.00	0	4.99
5.06041	333.00	0	4.99
5.06549	326.00	0	4.99
5.07036	418.00	0	4.99
5.07500	347.00	0	4.99
5.08080	408.00	0	4.99
5.08555	456.00	1	4.99
5.09032	492.00	0	4.99
5.09606	522.00	0	4.99
5.10082	529.00	0	4.99
5.10558	541.00	0	4.99
5.11029	546.00	0	4.99
5.11540	546.00	0	4.99
5.12012	532.00	0	4.99
5.12591	488.00	1	4.99
5.13071	429.00	0	4.99
5.13547	384.00	0	4.86
5.14029	358.00	0	4.86
5.14601	334.00	0	4.86
5.15083	331.00	0	4.86
5.15559	335.00	0	4.86
5.16028	343.00	0	4.86
5.16502	355.00	0	4.86
5.17085	374.00	1	4.86
5.17565	404.00	0	4.86
5.18043	442.00	0	4.86
5.18505	478.00	0	4.86
5.19085	512.00	0	4.86
5.19553	523.00	0	4.86
5.20045	532.00	0	4.86
5.20507	537.00	0	4.86
5.21080	542.00	0	4.86
5.21544	545.00	0	4.86
5.22010	534.00	0	4.86
5.22603	473.00	1	4.86
5.23079	409.00	0	4.86
5.23557	367.00	0	4.88
5.24045	347.00	0	4.88
5.24513	335.00	0	4.88
5.25005	329.00	0	4.88
5.25598	333.00	0	4.88
5.26065	336.00	0	4.88
5.26533	329.00	0	4.88
5.27006	322.00	0	4.88
5.27591	343.00	0	4.88
5.28069	391.00	1	4.88
5.28569	445.00	0	4.88
5.29080	485.00	0	4.88
5.29551	511.00	0	4.88
5.30036	530.00	0	4.88
5.30521	538.00	0	4.88
5.31024	542.00	0	4.88
5.31599	544.00	0	4.88
5.32065	534.00	0	4.88
5.32570	493.00	1	4.88
5.33047	439.00	0	4.88
5.33526	389.00	0	5.01
5.34046	359.00	0	5.01
5.34527	339.00	0	5.01
5.35007	331.00	0	5.01
5.35511	334.00	0	5.01
5.36003	341.00	0	5.01
5.36587	354.00	0	5.01
5.37070	370.00	1	5.01
5.37572	397.00	0	5.01
5.38071	435.00	0	5.01
5.38556	479.00	0	5.01
5.39062	510.00	0	5.01
5.39552	524.00	0	5.01
5.40022	529.00	0	5.01
5.40599	538.00	0	5.01
5.41073	544.00	0	5.01
5.41565	545.00	0	5.01
5.42033	536.00	0	5.01
5.42517	497.00	1	5.01
5.43102	410.00	0	5.01
5.43584	370.00	0	5.02
5.44046	348.00	0	5.02
5.44535	337.00	0	5.02
5.45010	332.00	0	5.02
5.45511	332.00	0	5.02
5.46085	334.00	0	5.02
5.46574	330.00	0	5.02
5.47041	323.00	0	5.02
5.47517	334.00	0	5.02
5.48034	380.00	1	5.02
5.48533	433.00	0	5.02
5.49008	477.00	0	5.02
5.49605	511.00	0	5.02
5.50039	525.00	0	5.02
5.50513	536.00	0	5.02
5.51107	545.00	0	5.02
5.51553	545.00	0	5.02
5.52008	539.00	0	5.02
5.52637	494.00	1	5.02
5.53056	442.00	0	5.02
5.53537	395.00	0	5.02
5.54018	363.00	0	4.98
5.54603	335.00	0	4.98
5.55078	327.00	0	4.98
5.55549	330.00	0	4.98
5.56021	337.00	0	4.98
5.56595	351.00	0	4.98
5.57080	366.00	1	4.98
5.57558	388.00	0	4.98
5.58031	429.00	0	4.98
5.58503	474.00	0	4.98
5.59101	510.00	0	4.98
5.59593	522.00	0	4.98
5.60100	530.00	0	4.98
5.60604	537.00	0	4.98
5.61078	543.00	0	4.98
5.61579	542.00	0	4.98
5.62048	527.00	0	4.98
5.62541	482.00	1	4.98
5.63027	408.00	0	4.98
5.63501	369.00	0	4.98
5.64087	345.00	0	4.99
5.64577	331.00	0	4.99
5.65052	327.00	0	4.99
5.65521	329.00	0	4.99
5.66095	332.00	0	4.99
5.66567	327.00	0	4.99
5.67035	320.00	0	4.99
5.67507	330.00	0	4.99
5.68077	377.00	1	4.99
5.68542	433.00	0	4.99
5.69014	476.00	0	4.99
5.69594	509.00	0	4.99
5.70083	525.00	0	4.99
5.70556	536.00	0	4.99
5.71043	542.00	0	4.99
5.71512	544.00	0	4.99
5.72086	533.00	0	4.99
5.72571	501.00	1	4.99
5.73047	445.00	0	4.99
5.73513	398.00	0	4.99
5.74091	360.00	0	5.02
5.74566	468.00	0	5.02
5.75031	328.00	0	5.02
5.75595	329.00	0	5.02
5.76070	336.00	0	5.02
5.76555	348.00	0	5.02
5.77028	363.00	1	5.02
5.77603	388.00	0	5.02
5.78085	430.00	0	5.02
5.78599	476.00	0	5.02
5.79089	509.00	0	5.02
5.79564	521.00	0	5.02
5.80047	528.00	0	5.02
5.80523	535.00	0	5.02
5.81103	542.00	0	5.02
5.81585	542.00	0	5.02
5.82060	532.00	0	5.02
5.82542	492.00	1	5.02
5.83018	423.00	0	5.02
5.83592	369.00	0	5.02
5.84078	349.00	0	5.00
5.84553	336.00	0	5.00
5.85025	328.00	0	5.00
5.85598	330.00	0	5.00
5.86075	332.00	0	5.00
5.86559	330.00	0	5.00
5.87029	322.00	0	5.00
5.87604	331.00	0	5.00
5.88086	370.00	1	5.00
5.88566	428.00	0	5.00
5.89053	473.00	0	5.00
5.89522	503.00	0	5.00
5.90098	524.00	0	5.00
5.90587	536.00	0	5.00
5.91063	541.00	0	5.00
5.91533	547.00	0	5.00
5.92001	540.00	0	5.00
5.92578	512.00	0	5.00
5.93049	464.00	1	5.00
5.93517	415.00	0	5.00
5.94096	372.00	0	4.88
5.94574	346.00	0	4.88
5.95065	331.00	0	4.88
5.95537	329.00	0	4.88
5.96022	334.00	0	4.88
5.96600	343.00	0	4.88
5.97075	377.00	1	4.88
5.97543	376.00	0	4.88
5.98011	407.00	0	4.88
5.98585	463.00	0	4.88
5.99055	498.00	0	4.88
5.99535	519.00	0	4.88
6.00021	527.00	0	4.88
6.00501	267.00	0	4.88
6.01073	543.00	0	4.88
6.01535	544.00	0	4.88
6.02007	542.00	0	4.88
6.02578	514.00	0	4.88
6.03080	446.00	1	4.88
6.03517	394.00	0	4.88
6.04023	360.00	0	4.87
6.04517	341.00	0	4.87
6.05033	333.00	0	4.87
6.05507	330.00	0	4.87
6.06100	333.00	0	4.87
6.06576	332.00	0	4.87
6.07050	327.00	0	4.87
6.07521	324.00	0	4.87
6.08099	361.00	0	4.87
6.08570	417.00	1	4.87
6.09039	465.00	0	4.87
6.09511	497.00	0	4.87
6.10087	523.00	0	4.87
6.10560	535.00	0	4.87
6.11037	541.00	0	4.87
6.11509	545.00	0	4.87
6.12088	542.00	0	4.87
6.12560	522.00	0	4.87
6.13029	480.00	1	4.87
6.13604	414.00	0	4.87
6.14072	374.00	0	5.00
6.14541	349.00	0	5.00
6.15007	333.00	0	5.00
6.15574	330.00	0	5.00
6.16041	332.00	0	5.00
6.16509	342.00	0	5.00
6.17083	357.00	0	5.00
6.17548	374.00	1	5.00
6.18022	408.00	0	5.00
6.18599	463.00	0	5.00
6.19079	498.00	0	5.00
6.19552	516.00	0	5.00
6.20017	526.00	0	5.00
6.20594	533.00	0	5.00
6.21062	539.00	0	5.00
6.21534	543.00	0	5.00
6.22002	541.00	0	5.00
6.22574	517.00	0	5.00
6.23042	460.00	1	5.00
6.23500	817.00	0	5.00
6.24075	356.00	0	5.01
6.24535	341.00	0	5.01
6.25005	332.00	0	5.01
6.25583	327.00	0	5.01
6.26074	331.00	0	5.01
6.26579	331.00	0	5.01
6.27106	324.00	0	5.01
6.27592	324.00	0	5.01
6.28060	357.00	0	5.01
6.28529	413.00	1	5.01
6.29105	470.00	0	5.01
6.29571	500.00	0	5.01
6.30041	519.00	0	5.01
6.30505	531.00	0	5.01
6.31077	540.00	0	5.01
6.31548	544.00	0	5.01
6.32025	540.00	0	5.01
6.32602	520.00	0	5.01
6.33077	470.00	1	5.01
6.33545	415.00	0	5.01
6.34018	375.00	0	5.01
6.34592	343.00	0	4.99
6.35073	330.00	0	4.99
6.35539	328.00	0	4.99
6.36006	334.00	0	4.99
6.36583	347.00	0	4.99
6.37060	361.00	1	4.99
6.37531	381.00	0	4.99
6.38105	428.00	0	4.99
6.38575	471.00	0	4.99
6.39048	503.00	0	4.99
6.39511	518.00	0	4.99
6.40074	526.00	0	4.99
6.40542	532.00	0	4.99
6.41013	537.00	0	4.99
6.41592	541.00	0	4.99
6.42062	536.00	0	4.99
6.42534	506.00	0	4.99
6.43007	437.00	1	4.99
6.43589	373.00	0	4.99
6.44077	350.00	0	4.99
6.44551	336.00	0	5.01
6.45027	293.00	0	5.01
6.45605	332.00	0	5.01
6.46076	332.00	0	5.01
6.46543	327.00	1	5.01
6.47015	322.00	0	5.01
6.47590	338.00	0	5.01
6.48059	385.00	0	5.01
6.48527	441.00	0	5.01
6.49103	487.00	0	5.01
6.49569	512.00	0	5.01
6.50037	528.00	0	5.01
6.50501	535.00	0	5.01
6.51078	544.00	0	5.01
6.51544	543.00	0	5.01
6.52014	533.00	0	5.01
6.52589	489.00	1	5.01
6.53060	431.00	0	5.01
6.53531	386.00	0	5.01
6.54100	352.00	0	5.01
6.54579	333.00	0	5.13
6.55050	329.00	0	5.13
6.55513	332.00	0	5.13
6.56089	342.00	0	5.13
6.56563	357.00	0	5.13
6.57034	372.00	1	5.13
6.57502	402.00	0	5.13
6.58067	462.00	0	5.13
6.58528	496.00	0	5.13
6.59095	520.00	0	5.13
6.59556	526.00	0	5.13
6.60016	534.00	0	5.13
6.60584	540.00	0	5.13
6.61050	543.00	0	5.13
6.61527	542.00	0	5.13
6.62095	506.00	1	5.13
6.62561	441.00	0	5.13
6.63043	381.00	0	5.13
6.63508	355.00	0	5.13
6.64084	337.00	0	5.13
6.64576	330.00	0	5.24
6.65052	332.00	0	5.24
6.65527	335.00	0	5.24
6.66103	333.00	0	5.24
6.66574	322.00	0	5.24
6.67063	333.00	0	5.24
6.67538	503.00	0	5.24
6.68105	439.00	0	5.24
6.68583	478.00	0	5.24
6.69056	510.00	0	5.24
6.69525	528.00	1	5.24
6.70014	538.00	0	5.24
6.70510	546.00	0	5.24
6.71098	547.00	0	5.24
6.71590	536.00	0	5.24
6.72060	501.00	1	5.24
6.72578	433.00	0	5.24
6.73056	387.00	0	5.24
6.73509	359.00	0	5.24
6.74037	337.00	0	5.24
6.74576	331.00	0	5.14
6.75080	335.00	0	5.14
6.75504	342.00	0	5.14
6.76010	356.00	0	5.14
6.76505	372.00	1	5.14
6.77113	407.00	0	5.14
6.77577	455.00	0	5.14
6.78047	492.00	0	5.14
6.78514	514.00	0	5.14
6.79089	530.00	0	5.14
6.79560	533.00	0	5.14
6.80035	539.00	0	5.14
6.80503	544.00	0	5.14
6.81084	539.00	0	5.14
6.81550	511.00	0	5.14
6.82013	446.00	1	5.14
6.82584	379.00	0	5.14
6.83072	352.00	0	5.14
6.83545	338.00	0	5.14
6.84007	332.00	0	5.14
6.84573	333.00	0	5.02
6.85037	334.00	0	5.02
6.85600	332.00	0	5.02
6.86061	325.00	0	5.02
6.86537	328.00	0	5.02
6.87009	367.00	1	5.02
6.87584	435.00	0	5.02
6.88067	480.00	0	5.02
6.88537	508.00	0	5.02
6.89005	527.00	0	5.02
6.89587	539.00	0	5.02
6.90053	273.00	0	5.02
6.90518	545.00	0	5.02
6.91083	533.00	0	5.02
6.91551	496.00	1	5.02
6.92024	437.00	0	5.02
6.92599	381.00	0	5.02
6.93069	354.00	0	5.02
6.93546	336.00	0	5.02
6.94018	330.00	0	5.02
6.94597	333.00	0	5.13
6.95064	340.00	0	5.13
6.95546	354.00	0	5.13
6.96024	369.00	1	5.13
6.96597	405.00	0	5.13
6.97072	451.00	0	5.13
6.97544	491.00	0	5.13
6.98012	514.00	0	5.13
6.98585	527.00	0	5.13
6.99057	532.00	0	5.13
6.99545	541.00	0	5.13
7.00012	542.00	0	5.13
7.00584	536.00	0	5.13
7.01054	503.00	1	5.13
7.01524	437.00	0	5.13
7.02095	373.00	0	5.13
7.02578	349.00	0	5.13
7.03057	335.00	0	5.13
7.03523	333.00	0	5.13
7.04098	330.00	0	5.13
7.04570	331.00	0	5.13
7.05054	331.00	0	5.25
7.05519	324.00	0	5.25
7.06100	333.00	0	5.25
7.06581	376.00	1	5.25
7.07054	434.00	0	5.25
7.07535	480.00	0	5.25
7.08012	510.00	0	5.25
7.08586	527.00	0	5.25
7.09060	538.00	0	5.25
7.09532	545.00	0	5.25
7.10006	544.00	0	5.25
7.10578	530.00	0	5.25
7.11052	491.00	1	5.25
7.11514	433.00	0	5.25
7.12094	381.00	0	5.25
7.12564	354.00	0	5.25
7.13049	679.00	0	5.25
7.13515	329.00	0	5.25
7.14083	332.00	0	5.25
7.14573	341.00	0	5.25
7.15045	353.00	0	5.13
7.15520	369.00	1	5.13
7.16102	406.00	0	5.13
7.16588	453.00	0	5.13
7.17080	496.00	0	5.13
7.17559	518.00	0	5.13
7.18024	526.00	0	5.13
7.18597	533.00	0	5.13
7.19076	541.00	0	5.13
7.19548	544.00	0	5.13
7.20016	538.00	0	5.13
7.20603	502.00	1	5.13
7.21069	433.00	0	5.13
7.21540	381.00	0	5.13
7.22004	353.00	0	5.13
7.22574	336.00	0	5.13
7.23050	329.00	0	5.13
7.23523	328.00	0	5.13
7.24099	332.00	0	5.13
7.24570	329.00	0	5.13
7.25041	322.00	0	5.12
7.25521	330.00	0	5.12
7.26100	383.00	1	5.12
7.26578	443.00	0	5.12
7.27059	486.00	0	5.12
7.27533	510.00	0	5.12
7.28010	530.00	0	5.12
7.28584	539.00	0	5.12
7.29066	540.00	0	5.12
7.29535	542.00	0	5.12
7.30007	525.00	0	5.12
7.30578	473.00	1	5.12
7.31059	416.00	0	5.12
7.31556	374.00	0	5.12
7.32042	349.00	0	5.12
7.32513	331.00	0	5.12
7.33104	334.00	0	5.12
7.33574	334.00	0	5.12
7.34073	344.00	0	5.12
7.34566	358.00	0	5.12
7.35045	380.00	1	5.12
7.35529	420.00	0	5.12
7.36020	469.00	0	5.12
7.36506	502.00	0	5.12
7.37102	521.00	0	5.12
7.37571	529.00	0	5.12
7.38047	536.00	0	5.12
7.38524	541.00	0	5.12
7.39005	542.00	0	5.12
7.39504	534.00	0	5.12
7.40088	480.00	1	5.12
7.40557	414.00	0	5.12
7.41034	367.00	0	5.12
7.41537	345.00	0	5.12
7.42007	334.00	0	5.12
7.42593	332.00	0	5.12
7.43075	331.00	0	5.12
7.43571	330.00	0	5.12
7.44042	327.00	0	5.12
7.44518	322.00	0	5.12
7.45000	342.00	0	5.13
7.45584	409.00	1	5.13
7.46059	462.00	0	5.13
7.46522	495.00	0	5.13
7.47100	521.00	0	5.13
7.47583	532.00	0	5.13
7.48071	542.00	0	5.13
7.48576	543.00	0	5.13
7.49066	538.00	0	5.13
7.49556	520.00	0	5.13
7.50025	473.00	1	5.13
7.50525	412.00	0	5.13
7.51027	372.00	0	5.13
7.51509	346.00	0	5.13
7.52009	331.00	0	5.13
7.52574	328.00	0	5.13
7.53050	336.00	0	5.13
7.53533	346.00	0	5.13
7.54032	361.00	1	5.13
7.54513	382.00	0	5.13
7.55083	433.00	0	5.27
7.55582	480.00	0	5.27
7.56096	511.00	0	5.27
7.56587	523.00	0	5.27
7.57004	527.00	0	5.27
7.57593	538.00	0	5.27
7.58094	541.00	0	5.27
7.58519	541.00	0	5.27
7.59105	526.00	0	5.27
7.59588	471.00	1	5.27
7.60054	404.00	0	5.27
7.60515	374.00	0	5.27
7.61040	343.00	0	5.27
7.61544	330.00	0	5.27
7.62044	327.00	0	5.27
7.62527	330.00	0	5.27
7.63102	331.00	0	5.27
7.63580	324.00	0	5.27
7.64043	321.00	0	5.27
7.64509	348.00	0	5.27
7.65090	417.00	1	5.13
7.65571	465.00	0	5.13
7.66041	500.00	0	5.13
7.66523	520.00	0	5.13
7.67003	532.00	0	5.13
7.67604	542.00	0	5.13
7.68087	544.00	0	5.13
7.68571	537.00	0	5.13
7.69080	511.00	0	5.13
7.69553	458.00	1	5.13
7.70038	404.00	0	5.13
7.70521	364.00	0	5.13
7.71016	341.00	0	5.13
7.71595	328.00	0	5.13
7.72065	331.00	0	5.13
7.72549	337.00	0	5.13
7.73040	349.00	0	5.13
7.73533	367.00	1	5.13
7.74022	391.00	0	5.13
7.74603	445.00	0	5.13
7.75076	488.00	0	5.13
7.75551	512.00	0	5.13
7.76015	525.00	0	5.13
7.76581	530.00	0	5.13
7.77053	536.00	0	5.13
7.77530	543.00	0	5.13
7.78002	542.00	0	5.13
7.78581	520.00	0	5.13
7.79050	465.00	1	5.13
7.79518	394.00	0	5.13
7.80095	355.00	0	5.13
7.80570	336.00	0	5.13
7.81047	328.00	0	5.13
7.81529	326.00	0	5.13
7.82003	333.00	0	5.13
7.82579	326.00	0	5.13
7.83049	322.00	0	5.13
7.83521	325.00	0	5.13
7.84001	378.00	1	5.13
7.84573	432.00	0	5.13
7.85070	478.00	0	5.13
7.85562	506.00	0	5.29
7.86056	523.00	0	5.29
7.86536	538.00	0	5.29
7.87039	540.00	0	5.29
7.87507	542.00	0	5.29
7.88011	534.00	0	5.29
7.88588	491.00	1	5.29
7.89073	433.00	0	5.29
7.89546	388.00	0	5.29
7.90011	356.00	0	5.29
7.90583	333.00	0	5.29
7.91062	328.00	0	5.29
7.91589	331.00	0	5.29
7.92057	340.00	0	5.29
7.92523	353.00	0	5.29
7.93016	370.00	1	5.29
7.93522	405.00	0	5.29
7.94011	452.00	0	5.29
7.94612	498.00	0	5.29
7.95083	517.00	0	5.29
7.95581	524.00	0	5.13
7.96048	528.00	0	5.13
7.96568	540.00	0	5.13
7.97061	539.00	0	5.13
7.97535	533.00	0	5.13
7.98028	501.00	1	5.13
7.98525	429.00	0	5.13
7.99031	372.00	0	5.13
7.99509	348.00	0	5.13
8.00088	332.00	0	5.13
