0.00	556.00
0.00	544.00
0.01	527.00
0.02	529.00
0.03	540.00
0.04	543.00
0.05	543.00
0.06	568.00
0.07	616.00
0.08	655.00
0.09	676.00
0.10	676.00
0.11	672.00
0.12	664.00
0.13	651.00
0.14	607.00
0.15	562.00
0.16	535.00
0.17	527.00
0.18	542.00
0.19	532.00
0.20	531.00
0.21	541.00
0.22	591.00
0.23	638.00
0.24	663.00
0.25	670.00
0.26	669.00
0.27	668.00
0.28	654.00
0.29	621.00
0.30	562.00
0.31	535.00
0.32	533.00
0.33	540.00
0.34	532.00
0.35	530.00
0.36	546.00
0.37	584.00
0.38	637.00
0.39	664.00
0.40	669.00
0.41	671.00
0.42	678.00
0.43	669.00
0.44	638.00
0.45	585.00
0.46	543.00
0.47	541.00
0.48	544.00
0.49	536.00
0.50	520.00
0.51	528.00
0.52	562.00
0.53	608.00
0.54	642.00
0.55	657.00
0.56	663.00
0.57	676.00
0.58	668.00
0.59	630.00
0.60	580.00
0.61	542.00
0.62	545.00
0.63	545.00
0.64	536.00
0.65	528.00
0.66	538.00
0.67	579.00
0.68	622.00
0.69	654.00
0.70	661.00
0.71	672.00
0.72	681.00
0.73	675.00
0.74	640.00
0.75	586.00
0.76	550.00
0.77	549.00
0.78	548.00
0.79	537.00
0.80	523.00
0.81	530.00
0.82	564.00
0.83	609.00
0.84	643.00
0.85	655.00
0.86	665.00
0.87	679.00
0.88	671.00
0.89	643.00
0.90	578.00
0.91	549.00
0.92	542.00
0.93	543.00
0.94	542.00
0.95	524.00
0.96	538.00
0.97	574.00
0.98	621.00
0.99	647.00
1.00	666.00
1.01	672.00
1.02	677.00
1.03	673.00
1.04	642.00
1.05	590.00
1.06	552.00
1.07	548.00
1.08	549.00
1.09	536.00
1.10	524.00
1.11	533.00
1.12	567.00
1.13	613.00
1.14	642.00
1.15	658.00
1.16	667.00
1.17	677.00
1.18	671.00
1.19	642.00
1.20	578.00
1.21	548.00
1.22	542.00
1.23	544.00
1.24	532.00
1.25	526.00
1.26	537.00
1.27	576.00
1.28	632.00
1.29	652.00
1.30	667.00
1.31	672.00
1.32	678.00
1.33	678.00
1.34	641.00
1.35	594.00
1.36	554.00
1.37	550.00
1.38	550.00
1.39	535.00
1.40	524.00
1.41	533.00
1.42	571.00
1.43	615.00
1.44	645.00
1.45	659.00
1.46	666.00
1.47	679.00
1.48	674.00
1.49	629.00
1.50	580.00
1.51	547.00
1.52	541.00
1.53	546.00
1.54	532.00
1.55	530.00
1.56	542.00
1.57	592.00
1.58	634.00
1.59	660.00
1.60	668.00
1.61	678.00
1.62	684.00
1.63	674.00
1.64	640.00
1.65	589.00
1.66	551.00
1.67	548.00
1.68	548.00
1.69	540.00
1.70	520.00
1.71	532.00
1.72	569.00
1.73	614.00
1.74	643.00
1.75	656.00
1.76	666.00
1.77	677.00
1.78	669.00
1.79	628.00
1.80	579.00
1.81	546.00
1.82	550.00
1.83	546.00
1.84	535.00
1.85	526.00
1.86	540.00
1.87	592.00
1.88	632.00
1.89	655.00
1.90	667.00
1.91	675.00
1.92	682.00
1.93	677.00
1.94	645.00
1.95	583.00
1.96	555.00
1.97	550.00
1.98	547.00
1.99	526.00
2.00	520.00
2.01	531.00
2.02	565.00
2.03	608.00
2.04	639.00
2.05	653.00
2.06	664.00
2.07	676.00
2.08	672.00
2.09	627.00
2.10	576.00
2.11	546.00
2.12	547.00
2.13	547.00
2.14	536.00
2.15	531.00
2.16	550.00
2.17	592.00
2.18	636.00
2.19	662.00
2.20	668.00
2.21	674.00
2.22	679.00
2.23	674.00
2.24	627.00
2.25	583.00
2.26	551.00
2.27	546.00
2.28	546.00
2.29	530.00
2.30	521.00
2.31	530.00
2.32	577.00
2.33	614.00
2.34	641.00
2.35	657.00
2.36	668.00
2.37	683.00
2.38	672.00
2.39	632.00
2.40	571.00
2.41	545.00
2.42	544.00
2.43	546.00
2.44	526.00
2.45	526.00
2.46	547.00
2.47	593.00
2.48	637.00
2.49	658.00
2.50	667.00
2.51	672.00
2.52	680.00
2.53	670.00
2.54	629.00
2.55	583.00
2.56	549.00
2.57	555.00
2.58	547.00
2.59	531.00
2.60	523.00
2.61	540.00
2.62	580.00
2.63	619.00
2.64	645.00
2.65	656.00
2.66	668.00
2.67	679.00
2.68	670.00
2.69	621.00
2.70	574.00
2.71	545.00
2.72	542.00
2.73	544.00
2.74	533.00
2.75	527.00
2.76	542.00
2.77	596.00
2.78	633.00
2.79	657.00
2.80	667.00
2.81	671.00
2.82	676.00
2.83	669.00
2.84	623.00
2.85	574.00
2.86	545.00
2.87	541.00
2.88	543.00
2.89	527.00
2.90	522.00
2.91	535.00
2.92	587.00
2.93	626.00
2.94	645.00
2.95	658.00
2.96	666.00
2.97	684.00
2.98	669.00
2.99	628.00
3.00	576.00
3.01	547.00
3.02	548.00
3.03	546.00
3.04	532.00
3.05	527.00
3.06	550.00
3.07	595.00
3.08	639.00
3.09	661.00
3.10	669.00
3.11	674.00
3.12	681.00
3.13	669.00
3.14	621.00
3.15	575.00
3.16	549.00
3.17	543.00
3.18	542.00
3.19	526.00
3.20	520.00
3.21	535.00
3.22	585.00
3.23	620.00
3.24	644.00
3.25	660.00
3.26	672.00
3.27	683.00
3.28	667.00
3.29	625.00
3.30	567.00
3.31	545.00
3.32	544.00
3.33	545.00
3.34	526.00
3.35	528.00
3.36	547.00
3.37	592.00
3.38	639.00
3.39	656.00
3.40	666.00
3.41	675.00
3.42	685.00
3.43	668.00
3.44	624.00
3.45	577.00
3.46	554.00
3.47	548.00
3.48	546.00
3.49	528.00
3.50	519.00
3.51	543.00
3.52	581.00
3.53	623.00
3.54	649.00
3.55	659.00
3.56	672.00
3.57	680.00
3.58	667.00
3.59	615.00
3.60	565.00
3.61	544.00
3.62	541.00
3.63	542.00
3.64	529.00
3.65	532.00
3.66	552.00
3.67	606.00
3.68	645.00
3.69	663.00
3.70	672.00
3.71	681.00
3.72	682.00
3.73	665.00
3.74	627.00
3.75	569.00
3.76	548.00
3.77	547.00
3.78	545.00
3.79	523.00
3.80	520.00
3.81	539.00
3.82	582.00
3.83	627.00
3.84	646.00
3.85	659.00
3.86	671.00
3.87	682.00
3.88	662.00
3.89	614.00
3.90	565.00
3.91	547.00
3.92	547.00
3.93	544.00
3.94	530.00
3.95	528.00
3.96	557.00
3.97	602.00
3.98	644.00
3.99	663.00
4.00	667.00
4.01	679.00
4.02	683.00
4.03	670.00
4.04	617.00
4.05	573.00
4.06	547.00
4.07	544.00
4.08	542.00
4.09	526.00
4.10	529.00
4.11	541.00
4.12	584.00
4.13	630.00
4.14	650.00
4.15	661.00
4.16	674.00
4.17	683.00
4.18	659.00
4.19	614.00
4.20	566.00
4.21	547.00
4.22	545.00
4.23	543.00
4.24	535.00
4.25	530.00
4.26	557.00
4.27	601.00
4.28	641.00
4.29	659.00
4.30	669.00
4.31	675.00
4.32	680.00
4.33	660.00
4.34	612.00
4.35	566.00
4.36	544.00
4.37	549.00
4.38	540.00
4.39	525.00
4.40	526.00
4.41	552.00
4.42	597.00
4.43	632.00
4.44	654.00
4.45	660.00
4.46	672.00
4.47	681.00
4.48	666.00
4.49	604.00
4.50	561.00
4.51	543.00
4.52	544.00
4.53	539.00
4.54	529.00
4.55	532.00
4.56	557.00
4.57	613.00
4.58	647.00
4.59	667.00
4.60	674.00
4.61	682.00
4.62	685.00
4.63	661.00
4.64	620.00
4.65	563.00
4.66	549.00
4.67	547.00
4.68	543.00
4.69	521.00
4.70	521.00
4.71	551.00
4.72	600.00
4.73	635.00
4.74	655.00
4.75	663.00
4.76	682.00
4.77	677.00
4.78	653.00
4.79	606.00
4.80	558.00
4.81	545.00
4.82	553.00
4.83	539.00
4.84	524.00
4.85	532.00
4.86	570.00
4.87	610.00
4.88	644.00
4.89	661.00
4.90	669.00
4.91	675.00
4.92	684.00
4.93	663.00
4.94	614.00
4.95	566.00
4.96	550.00
4.97	550.00
4.98	544.00
4.99	525.00
5.00	524.00
5.01	544.00
5.02	586.00
5.03	628.00
5.04	645.00
5.05	660.00
5.06	680.00
5.07	684.00
5.08	664.00
5.09	614.00
5.10	566.00
5.11	549.00
