1.00106	257.00	0	0.00
1.00239	256.00	0	0.00
1.00374	255.00	0	0.00
1.00502	258.00	0	0.00
1.00630	263.00	0	0.00
1.00757	264.00	0	0.00
1.00887	453.00	0	0.00
1.01023	294.00	0	0.00
1.01156	315.00	0	0.00
1.01285	339.00	1	0.00
1.01417	365.00	0	0.00
1.01555	388.00	0	0.00
1.01691	403.00	0	0.00
1.01819	418.00	0	0.00
1.01990	426.00	0	0.00
1.02128	432.00	0	0.00
1.02257	440.00	0	0.00
1.02384	449.00	0	0.00
1.02553	453.00	0	0.00
1.02691	456.00	0	0.00
1.02831	457.00	0	0.00
1.02972	462.00	0	0.00
1.03145	466.00	0	0.00
1.03282	469.00	0	0.00
1.03411	469.00	0	0.00
1.03539	468.00	0	0.00
1.03727	469.00	0	0.00
1.03865	470.00	0	0.00
1.03993	475.00	0	0.00
1.04124	474.00	0	0.00
1.04260	473.00	0	0.00
1.04394	470.00	0	0.00
1.04523	471.00	0	0.00
1.04650	469.00	0	0.00
1.04825	468.00	0	0.00
1.04960	467.00	0	0.00
1.05103	462.00	0	0.00
1.05240	455.00	0	0.00
1.05378	445.00	0	0.00
1.05513	436.00	0	0.00
1.05641	425.00	0	0.00
1.05770	407.00	1	0.00
1.05944	369.00	0	0.00
1.06079	332.00	0	0.00
1.06207	306.00	0	0.00
1.06334	283.00	0	0.00
1.06500	273.00	0	0.00
1.06636	266.00	0	0.00
1.06772	258.00	0	0.00
1.06919	253.00	0	0.00
1.07076	251.00	0	0.00
1.07209	252.00	0	0.00
1.07339	254.00	0	0.00
1.07466	254.00	0	0.00
1.07631	253.00	0	0.00
1.07769	249.00	0	0.00
1.07899	246.00	0	0.00
1.08028	246.00	0	0.00
1.08183	246.00	0	0.00
1.08330	246.00	0	0.00
1.08460	244.00	0	0.00
1.08588	243.00	0	0.00
1.08757	241.00	0	0.00
1.08894	242.00	0	0.00
1.09022	244.00	0	0.00
1.09149	246.00	0	0.00
1.09314	244.00	0	0.00
1.09449	243.00	0	0.00
1.09578	245.00	0	0.00
1.09719	247.00	0	0.00
1.09866	250.00	0	0.00
1.10007	251.00	0	0.00
1.10136	252.00	0	0.00
1.10264	253.00	0	0.00
1.10394	254.00	0	0.00
1.10528	261.00	0	0.00
1.10660	270.00	0	0.00
1.10788	283.00	0	0.00
1.10922	298.00	1	0.00
1.11095	332.00	0	0.00
1.11230	361.00	0	0.00
1.11358	398.00	0	0.00
1.11530	421.00	0	0.00
1.11666	434.00	0	0.00
1.11799	444.00	0	0.00
1.11927	449.00	0	0.00
1.12080	457.00	0	0.00
1.12213	460.00	0	0.00
1.12340	467.00	0	0.00
1.12467	475.00	0	0.00
1.12630	475.00	0	0.00
1.12770	473.00	0	0.00
1.12906	474.00	0	0.00
1.13085	477.00	0	0.00
1.13224	478.00	0	0.00
1.13351	480.00	0	0.00
1.13479	479.00	0	0.00
1.13647	475.00	0	0.00
1.13781	474.00	0	0.00
1.13911	475.00	0	0.00
1.14040	477.00	0	0.00
1.14181	475.00	0	0.00
1.14452	468.00	0	0.00
1.14701	466.00	0	0.00
1.14991	462.00	0	0.00
1.15239	439.00	1	0.00
1.15480	402.00	0	0.00
1.15780	338.00	0	0.00
1.16030	287.00	0	0.00
1.16266	265.00	0	0.00
1.16503	258.00	0	0.00
1.16778	251.00	0	0.00
1.17026	244.00	0	0.00
1.17275	246.00	0	0.00
1.17522	246.00	0	0.00
1.17771	241.00	0	0.00
1.18035	243.00	0	0.00
1.18303	245.00	0	0.00
1.18544	243.00	0	0.00
1.18796	243.00	0	0.00
1.19034	248.00	0	0.00
1.19341	249.00	0	0.00
1.19594	251.00	0	0.00
1.19855	257.00	0	0.00
1.20099	259.00	0	0.00
1.20340	265.00	0	0.00
1.20590	296.00	1	0.00
1.20847	345.00	0	0.00
1.21107	386.00	0	0.00
1.21354	410.00	0	0.00
1.21594	432.00	0	0.00
1.21845	441.00	0	0.00
1.22086	450.00	0	0.00
1.22407	462.00	0	0.00
1.22657	466.00	0	0.00
1.22914	826.00	0	0.00
1.23046	467.00	0	0.00
1.23180	471.00	0	0.00
1.23422	473.00	0	0.00
1.23680	470.00	0	0.00
1.23947	473.00	0	0.00
1.24208	473.00	0	0.00
1.24451	464.00	0	0.00
1.24703	457.00	0	0.00
1.24946	446.00	0	0.00
1.25231	404.00	1	0.00
1.25519	338.00	0	5.14
1.25784	293.00	0	5.14
1.26032	268.00	0	5.14
1.26286	256.00	0	5.14
1.26613	258.00	0	5.14
1.26889	255.00	0	5.14
1.27144	252.00	0	5.14
1.27405	253.00	0	5.14
1.27652	249.00	0	5.14
1.27913	245.00	0	5.14
1.28227	238.00	0	5.14
1.28483	246.00	0	5.14
1.28739	243.00	0	5.14
1.28993	249.00	0	5.14
1.29289	251.00	0	5.14
1.29601	252.00	0	5.14
1.29867	261.00	0	5.14
1.30123	273.00	0	5.14
1.30374	294.00	1	5.14
1.30619	352.00	0	5.14
1.30871	408.00	0	5.14
1.31133	437.00	0	5.14
1.31388	455.00	0	5.14
1.31651	467.00	0	5.14
1.31911	474.00	0	5.14
1.32158	475.00	0	5.14
1.32457	481.00	0	5.14
1.32715	480.00	0	5.14
1.32980	478.00	0	5.14
1.33230	481.00	0	5.14
1.33475	477.00	0	5.14
1.33721	473.00	0	5.14
1.33970	475.00	0	5.14
1.34222	473.00	0	5.14
1.34468	457.00	0	5.14
1.34768	431.00	1	5.14
1.35027	393.00	0	5.14
1.35274	325.00	0	5.14
1.35531	283.00	0	5.14
1.35787	268.00	0	5.14
1.36063	256.00	0	5.14
1.36320	251.00	0	5.14
1.36567	250.00	0	5.14
1.36811	247.00	0	5.14
1.37087	254.00	0	5.14
1.37346	245.00	0	5.14
1.37617	246.00	0	5.14
1.37883	243.00	0	5.14
1.38133	246.00	0	5.14
1.38404	247.00	0	5.14
1.38657	246.00	0	5.14
1.38907	251.00	0	5.14
1.39166	256.00	0	5.14
1.39416	255.00	0	5.14
1.39673	260.00	0	5.14
1.39938	277.00	0	5.14
1.40188	313.00	1	5.14
1.40432	359.00	0	5.14
1.40682	397.00	0	5.14
1.40928	421.00	0	5.14
1.41185	436.00	0	5.14
1.41440	445.00	0	5.14
1.41683	456.00	0	5.14
1.41929	461.00	0	5.14
1.42183	465.00	0	5.14
1.42430	470.00	0	5.14
1.42686	471.00	0	5.14
1.42944	472.00	0	5.14
1.43200	474.00	0	5.14
1.43453	465.00	0	5.14
1.43701	468.00	0	5.14
1.43950	467.00	0	5.14
1.44208	461.00	0	5.14
1.44458	440.00	0	5.14
1.44701	409.00	1	5.14
1.44955	364.00	0	5.14
1.45200	307.00	0	5.14
1.45442	274.00	0	5.14
1.45693	265.00	0	5.14
1.45942	258.00	0	5.14
1.46189	253.00	0	5.14
1.46441	255.00	0	5.14
1.46686	256.00	0	5.14
1.46967	248.00	0	5.14
1.47222	247.00	0	5.14
1.47531	247.00	0	5.14
1.47783	243.00	0	5.14
1.48038	243.00	0	5.14
1.48324	246.00	0	5.14
1.48600	246.00	0	5.14
1.48854	249.00	0	5.14
1.49125	256.00	0	5.14
1.49391	258.00	0	5.14
1.49653	273.00	0	5.14
1.49910	303.00	1	5.14
1.50159	361.00	0	5.14
1.50404	409.00	0	5.14
1.50651	443.00	0	5.12
1.50927	461.00	0	5.12
1.51180	468.00	0	5.12
1.51449	476.00	0	5.12
1.51696	481.00	0	5.12
1.51942	481.00	0	5.12
1.52212	481.00	0	5.12
1.52460	483.00	0	5.12
1.52712	481.00	0	5.12
1.52963	477.00	0	5.12
1.53218	478.00	0	5.12
1.53492	475.00	0	5.12
1.53759	467.00	0	5.12
1.54009	462.00	0	5.12
1.54252	445.00	1	5.12
1.54502	407.00	0	5.12
1.54763	351.00	0	5.12
1.55035	301.00	0	5.12
1.55283	272.00	0	5.12
1.55534	261.00	0	5.12
1.55782	257.00	0	5.12
1.56031	250.00	0	5.12
1.56311	247.00	0	5.12
1.56561	249.00	0	5.12
1.56807	245.00	0	5.12
1.57070	243.00	0	5.12
1.57315	247.00	0	5.12
1.57602	248.00	0	5.12
1.57858	244.00	0	5.12
1.58117	250.00	0	5.12
1.58366	253.00	0	5.12
1.58649	253.00	0	5.12
1.58934	258.00	0	5.12
1.59193	264.00	0	5.12
1.59440	274.00	0	5.12
1.59687	314.00	1	5.12
1.59939	365.00	0	5.12
1.60199	403.00	0	5.12
1.60451	424.00	0	5.12
1.60703	441.00	0	5.12
1.60950	451.00	0	5.12
1.61204	458.00	0	5.12
1.61451	468.00	0	5.12
1.61702	473.00	0	5.12
1.61956	470.00	0	5.12
1.62221	474.00	0	5.12
1.62471	479.00	0	5.12
1.62735	475.00	0	5.12
1.62998	475.00	0	5.12
1.63300	476.00	0	5.12
1.63580	465.00	0	5.12
1.63851	453.00	0	5.12
1.64103	437.00	1	5.12
1.64354	392.00	0	5.12
1.64602	335.00	0	5.12
1.64883	292.00	0	5.12
1.65167	268.00	0	5.12
1.65416	258.00	0	5.12
1.65664	259.00	0	5.12
1.65917	258.00	0	5.12
1.66184	255.00	0	5.12
1.66433	253.00	0	5.12
1.66700	252.00	0	5.12
1.66977	248.00	0	5.12
1.67250	248.00	0	5.12
1.67500	249.00	0	5.12
1.67742	247.00	0	5.12
1.67996	248.00	0	5.12
1.68236	254.00	0	5.12
1.68500	255.00	0	5.12
1.68783	257.00	0	5.12
1.69047	269.00	0	5.12
1.69299	287.00	1	5.12
1.69548	322.00	0	5.12
1.69801	388.00	0	5.12
1.70078	434.00	0	5.12
1.70362	455.00	0	5.12
1.70615	469.00	0	5.12
1.70867	478.00	0	5.12
1.71154	481.00	0	5.12
1.71423	486.00	0	5.12
1.71674	487.00	0	5.12
1.71929	485.00	0	5.12
1.72206	485.00	0	5.12
1.72482	489.00	0	5.12
1.72741	483.00	0	5.12
1.72986	478.00	0	5.12
1.73245	480.00	0	5.12
1.73502	471.00	0	5.12
1.73744	461.00	0	5.12
1.74027	440.00	1	5.12
1.74290	398.00	0	5.12
1.74548	332.00	0	5.12
1.74807	295.00	0	5.12
1.75052	274.00	0	5.12
1.75307	261.00	0	5.12
1.75551	257.00	0	5.12
1.75830	255.00	0	5.06
1.76113	249.00	0	5.06
1.76380	248.00	0	5.06
1.76628	250.00	0	5.06
1.76886	248.00	0	5.06
1.77142	248.00	0	5.06
1.77428	253.00	0	5.06
1.77684	250.00	0	5.06
1.77962	252.00	0	5.06
1.78213	258.00	0	5.06
1.78466	260.00	0	5.06
1.78755	260.00	0	5.06
1.79012	272.00	0	5.06
1.79268	298.00	1	5.06
1.79528	345.00	0	5.06
1.79771	390.00	0	5.06
1.80032	422.00	0	5.06
1.80324	438.00	0	5.06
1.80575	452.00	0	5.06
1.80831	461.00	0	5.06
1.81081	468.00	0	5.06
1.81333	471.00	0	5.06
1.81612	476.00	0	5.06
1.81886	476.00	0	5.06
1.82139	478.00	0	5.06
1.82392	482.00	0	5.06
1.82660	481.00	0	5.06
1.83027	477.00	0	5.06
1.83599	460.00	0	5.06
1.84071	412.00	1	5.06
1.84562	300.00	0	5.06
1.85050	267.00	0	5.06
1.85517	258.00	0	5.06
1.86096	253.00	0	5.06
1.86573	254.00	0	5.06
1.87040	248.00	0	5.06
1.87523	252.00	0	5.06
1.88099	256.00	0	5.06
1.88589	263.00	0	5.06
1.89060	304.00	1	5.06
1.89544	410.00	0	5.06
1.90010	460.00	0	5.06
1.90503	476.00	0	5.06
1.91083	484.00	0	5.06
1.91580	490.00	0	5.06
1.92089	485.00	0	5.06
1.92561	486.00	0	5.06
1.93027	474.00	0	5.06
1.93605	444.00	1	5.06
1.94073	357.00	0	5.06
1.94543	276.00	0	5.06
1.95006	262.00	0	5.06
1.95574	252.00	0	5.06
1.96039	248.00	0	5.06
1.96502	250.00	0	5.06
1.97007	247.00	0	5.06
1.97594	255.00	0	5.06
1.98061	260.00	0	5.06
1.98535	269.00	0	5.06
1.99007	332.00	1	5.06
1.99606	419.00	0	5.06
2.00073	448.00	0	5.06
2.00535	464.00	0	5.06
2.01009	472.00	0	5.07
2.01580	479.00	0	5.07
2.02046	476.00	0	5.07
2.02502	480.00	0	5.07
2.03086	463.00	0	5.07
2.03596	415.00	1	5.07
2.04064	319.00	0	5.07
2.04526	265.00	0	5.07
2.05053	259.00	0	5.07
2.05563	255.00	0	5.07
2.06056	249.00	0	5.07
2.06549	250.00	0	5.07
2.07042	246.00	0	5.07
2.07528	254.00	0	5.07
2.08003	259.00	0	5.07
2.08579	294.00	1	5.07
2.09053	397.00	0	5.07
2.09512	445.00	0	5.07
2.10084	472.00	0	5.07
2.10568	481.00	0	5.07
2.11029	484.00	0	5.07
2.11514	485.00	0	5.07
2.12001	478.00	0	5.07
2.12570	473.00	0	5.07
2.13058	452.00	0	5.07
2.13535	376.00	1	5.07
2.14108	275.00	0	5.07
2.14502	255.00	0	5.07
2.15094	253.00	0	5.07
2.15567	246.00	0	5.07
2.16039	245.00	0	5.07
2.16513	248.00	0	5.07
2.17095	249.00	0	5.07
2.17568	257.00	0	5.07
2.18036	264.00	0	5.07
2.18561	328.00	1	5.07
2.19054	408.00	0	5.07
2.19528	437.00	0	5.07
2.20002	459.00	0	5.07
2.20546	467.00	0	5.07
2.21014	472.00	0	5.07
2.21537	476.00	0	5.07
2.22015	471.00	0	5.07
2.22532	466.00	0	5.07
2.23129	413.00	1	5.07
2.23521	322.00	0	5.07
2.24088	264.00	0	5.07
2.24555	252.00	0	5.07
2.25017	255.00	0	5.07
2.25501	246.00	0	5.07
2.26095	244.00	0	5.12
2.26603	246.00	0	5.12
2.27072	246.00	0	5.12
2.27595	255.00	0	5.12
2.28086	279.00	0	5.12
2.28566	371.00	0	5.12
2.29036	438.00	1	5.12
2.29516	459.00	0	5.12
2.30010	476.00	0	5.12
2.30586	478.00	0	5.12
2.31048	477.00	0	5.12
2.31509	476.00	0	5.12
2.32085	465.00	0	5.12
2.32553	452.00	0	5.12
2.33027	379.00	1	5.12
2.33600	271.00	0	5.12
2.34060	255.00	0	5.12
2.34545	244.00	0	5.12
2.35011	244.00	0	5.12
2.35575	243.00	0	5.12
2.36045	243.00	0	5.12
2.36502	247.00	0	5.12
2.37075	250.00	0	5.12
2.37545	260.00	0	5.12
2.38006	301.00	1	5.12
2.38579	399.00	0	5.12
2.39041	434.00	0	5.12
2.39502	449.00	0	5.12
2.40073	465.00	0	5.12
2.40546	467.00	0	5.12
2.41009	469.00	0	5.12
2.41584	470.00	0	5.12
2.42051	455.00	0	5.12
2.42517	428.00	1	5.12
2.43089	308.00	0	5.12
2.43547	260.00	0	5.12
2.44008	252.00	0	5.12
2.44576	248.00	0	5.12
2.45040	245.00	0	5.12
2.45507	241.00	0	5.12
2.46077	238.00	0	5.12
2.46543	247.00	0	5.12
2.47005	249.00	0	5.12
2.47574	273.00	0	5.12
2.48047	356.00	1	5.12
2.48524	432.00	0	5.12
2.49102	464.00	0	5.12
2.49581	469.00	0	5.12
2.50053	477.00	0	5.12
2.50533	472.00	0	5.12
2.51009	470.00	0	5.26
2.51601	464.00	0	5.26
2.52094	434.00	0	5.26
2.52526	365.00	1	5.26
2.53116	265.00	0	5.26
2.53580	247.00	0	5.26
2.54103	244.00	0	5.26
2.54574	237.00	0	5.26
2.55086	240.00	0	5.26
2.55556	239.00	0	5.26
2.56018	242.00	0	5.26
2.56615	251.00	0	5.26
2.57104	258.00	0	5.26
2.57510	313.00	1	5.26
2.58100	402.00	0	5.26
2.58594	433.00	0	5.26
2.59012	449.00	0	5.26
2.59598	458.00	0	5.26
2.60088	463.00	0	5.26
2.60518	463.00	0	5.26
2.61103	460.00	0	5.26
2.61589	446.00	0	5.26
2.62037	384.00	1	5.26
2.62503	289.00	0	5.26
2.63075	250.00	0	5.26
2.63553	248.00	0	5.26
2.64016	248.00	0	5.26
2.64590	239.00	0	5.26
2.65085	240.00	0	5.26
2.65549	240.00	0	5.26
2.66028	243.00	0	5.26
2.66515	252.00	0	5.26
2.67075	293.00	1	5.26
2.67553	404.00	0	5.26
2.68012	443.00	0	5.26
2.68534	466.00	0	5.26
2.69006	472.00	0	5.26
2.69580	470.00	0	5.26
2.70008	473.00	0	5.26
2.70597	465.00	0	5.26
2.71070	449.00	0	5.26
2.71587	399.00	1	5.26
2.72061	288.00	0	5.26
2.72517	257.00	0	5.26
2.73098	244.00	0	5.26
2.73564	239.00	0	5.26
2.74030	239.00	0	5.26
2.74607	239.00	0	5.26
2.75079	242.00	0	5.26
2.75508	244.00	0	5.26
2.76005	251.00	0	5.26
2.76586	278.00	0	5.25
2.77054	361.00	1	5.25
2.77526	416.00	0	5.25
2.78010	437.00	0	5.25
2.78588	458.00	0	5.25
2.79054	466.00	0	5.25
2.79549	465.00	0	5.25
2.80013	468.00	0	5.25
2.80522	459.00	0	5.25
2.81005	435.00	0	5.25
2.81579	328.00	0	5.25
2.82036	263.00	1	5.25
2.82607	250.00	0	5.25
2.83089	248.00	0	5.25
2.83547	242.00	0	5.25
2.84010	242.00	0	5.25
2.84602	238.00	0	5.25
2.85068	244.00	0	5.25
2.85525	248.00	0	5.25
2.86010	266.00	0	5.25
2.86600	377.00	0	5.25
2.87058	435.00	1	5.25
2.87550	463.00	0	5.25
2.88036	468.00	0	5.25
2.88607	473.00	0	5.25
2.89079	472.00	0	5.25
2.89538	466.00	0	5.25
2.90006	463.00	0	5.25
2.90588	419.00	1	5.25
2.91125	305.00	0	5.25
2.91593	261.00	0	5.25
2.92071	244.00	0	5.25
2.92548	242.00	0	5.25
2.93016	237.00	0	5.25
2.93605	237.00	0	5.25
2.94097	241.00	0	5.25
2.94580	243.00	0	5.25
2.95075	251.00	0	5.25
2.95544	265.00	0	5.25
2.96051	355.00	0	5.25
2.96514	413.00	1	5.25
2.97098	447.00	0	5.25
2.97575	460.00	0	5.25
2.98043	460.00	0	5.25
2.98533	466.00	0	5.25
2.99007	466.00	0	5.25
2.99611	455.00	0	5.25
3.00093	435.00	0	5.25
3.00598	343.00	0	5.25
3.01077	266.00	1	5.25
3.01542	251.00	0	5.25
3.02031	245.00	0	5.25
3.02501	245.00	0	5.25
3.03080	239.00	0	5.25
3.03541	238.00	0	5.25
3.04007	241.00	0	5.25
3.04579	245.00	0	5.25
3.05073	261.00	0	5.25
3.05556	331.00	1	5.25
3.06018	422.00	0	5.25
3.06580	459.00	0	5.25
3.07051	467.00	0	5.25
3.07507	474.00	0	5.25
3.08091	471.00	0	5.25
3.08559	467.00	0	5.25
3.09026	461.00	0	5.25
3.09506	439.00	0	5.25
3.10071	364.00	1	5.25
3.10540	270.00	0	5.25
3.11004	248.00	0	5.25
3.11578	242.00	0	5.25
3.12064	234.00	0	5.25
3.12548	237.00	0	5.25
3.13017	235.00	0	5.25
3.13606	239.00	0	5.25
3.14069	248.00	0	5.25
3.14553	253.00	0	5.25
3.15036	315.00	1	5.25
3.15608	404.00	0	5.25
3.16073	432.00	0	5.25
3.16535	450.00	0	5.25
3.17000	455.00	0	5.25
3.17586	462.00	0	5.25
3.18067	463.00	0	5.25
3.18571	458.00	0	5.25
3.19066	443.00	0	5.25
3.19606	380.00	1	5.25
3.20073	290.00	0	5.25
3.20528	252.00	0	5.25
3.21027	247.00	0	5.25
3.21506	247.00	0	5.25
3.22085	240.00	0	5.25
3.22557	240.00	0	5.25
3.23053	242.00	0	5.25
3.23522	246.00	0	5.25
3.24044	260.00	0	5.25
3.24517	302.00	1	5.25
3.25106	428.00	0	5.25
3.25567	457.00	0	5.25
3.26028	472.00	0	5.25
3.26507	479.00	0	5.27
3.27060	478.00	0	5.27
3.27548	481.00	0	5.27
3.28043	474.00	0	5.27
3.28572	462.00	0	5.27
3.29040	425.00	1	5.27
3.29601	302.00	0	5.27
3.30061	267.00	0	5.27
3.30518	251.00	0	5.27
3.31003	248.00	0	5.27
3.31569	248.00	0	5.27
3.32031	245.00	0	5.27
3.32603	251.00	0	5.27
3.33068	256.00	0	5.27
3.33526	262.00	0	5.27
3.34004	291.00	1	5.27
3.34576	393.00	0	5.27
3.35041	439.00	0	5.27
3.35513	455.00	0	5.27
3.36084	472.00	0	5.27
3.36574	476.00	0	5.27
3.37041	478.00	0	5.27
3.37508	480.00	0	5.27
3.38089	470.00	0	5.27
3.38564	437.00	1	5.27
3.39033	354.00	0	5.27
3.39509	276.00	0	5.27
3.40081	262.00	0	5.27
3.40559	259.00	0	5.27
3.41040	253.00	0	5.27
3.41509	252.00	0	5.27
3.42076	250.00	0	5.27
3.42552	256.00	0	5.27
3.43016	261.00	0	5.27
3.43597	294.00	1	5.27
3.44078	386.00	0	5.27
3.44543	448.00	0	5.27
3.45015	472.00	0	5.27
3.45594	485.00	0	5.27
3.46061	486.00	0	5.27
3.46522	494.00	0	5.27
3.47003	482.00	0	5.27
3.47586	481.00	0	5.27
3.48056	458.00	0	5.27
3.48533	390.00	1	5.27
3.49001	295.00	0	5.27
3.49564	258.00	0	5.27
3.50042	257.00	0	5.27
3.50523	251.00	0	5.27
3.51002	252.00	0	5.27
3.51578	255.00	0	5.13
3.52054	254.00	0	5.13
3.52534	265.00	0	5.13
3.53005	269.00	0	5.13
3.53574	340.00	1	5.13
3.54045	414.00	0	5.13
3.54509	446.00	0	5.13
3.55087	472.00	0	5.13
3.55567	477.00	0	5.13
3.56040	481.00	0	5.13
3.56510	484.00	0	5.13
3.57082	479.00	0	5.13
3.57549	475.00	0	5.13
3.58024	433.00	1	5.13
3.58503	337.00	0	5.13
3.59076	273.00	0	5.13
3.59555	262.00	0	5.13
3.60020	265.00	0	5.13
3.60606	255.00	0	5.13
3.61077	255.00	0	5.13
3.61566	257.00	0	5.13
3.62047	257.00	0	5.13
3.62522	268.00	0	5.13
3.63107	301.00	1	5.13
3.63579	395.00	0	5.13
3.64040	455.00	0	5.13
3.64509	475.00	0	5.13
3.65087	490.00	0	5.13
3.65557	492.00	0	5.13
3.66027	492.00	0	5.13
3.66600	490.00	0	5.13
3.67084	478.00	0	5.13
3.67554	455.00	0	5.13
3.68071	354.00	0	5.13
3.68539	281.00	1	5.13
3.69009	265.00	0	5.13
3.69589	254.00	0	5.13
3.70072	254.00	0	5.13
3.70551	252.00	0	5.13
3.71036	253.00	0	5.13
3.71511	260.00	0	5.13
3.72088	263.00	0	5.13
3.72555	278.00	0	5.13
3.73075	356.00	1	5.13
3.73557	420.00	0	5.13
3.74013	452.00	0	5.13
3.74603	471.00	0	5.13
3.75072	483.00	0	5.13
3.75565	485.00	0	5.13
3.76063	484.00	0	5.13
3.76566	484.00	0	5.13
3.77089	458.00	0	5.13
3.77604	389.00	1	5.13
3.78033	300.00	0	5.13
3.78527	265.00	0	5.13
3.79067	266.00	0	5.13
3.79533	257.00	0	5.13
3.80103	255.00	0	5.13
3.80575	254.00	0	5.13
3.81049	253.00	0	5.13
3.81518	261.00	0	5.13
3.82095	267.00	0	5.13
3.82564	311.00	1	5.13
3.83034	412.00	0	5.13
3.83519	460.00	0	5.13
3.84086	486.00	0	5.13
3.84584	488.00	0	5.13
3.85066	495.00	0	5.13
3.85533	489.00	0	5.13
3.86008	486.00	0	5.13
3.86588	478.00	0	5.13
3.87062	428.00	1	5.13
3.87533	331.00	0	5.13
3.88017	273.00	0	5.13
3.88588	257.00	0	5.13
3.89018	255.00	0	5.13
3.89546	251.00	0	5.13
3.90084	254.00	0	5.13
3.90516	253.00	0	5.13
3.91067	259.00	0	5.13
3.91605	268.00	0	5.13
3.92036	281.00	0	5.13
3.92584	375.00	0	5.13
3.93062	431.00	1	5.13
3.93591	458.00	0	5.13
3.94023	475.00	0	5.13
3.94591	479.00	0	5.13
3.95059	487.00	0	5.13
3.95503	485.00	0	5.13
3.96097	478.00	0	5.13
3.96539	457.00	0	5.13
3.97081	363.00	0	5.13
3.97558	286.00	1	5.13
3.98009	266.00	0	5.13
3.98577	263.00	0	5.13
3.99070	262.00	0	5.13
3.99552	253.00	0	5.13
4.00029	256.00	0	5.13
4.00515	255.00	0	5.13
4.01009	257.00	0	5.13
4.01511	270.00	0	5.13
4.02080	325.00	1	5.01
4.02572	433.00	0	5.01
4.03057	470.00	0	5.01
4.03519	487.00	0	5.01
4.04009	493.00	0	5.01
4.04500	493.00	0	5.01
4.05072	493.00	0	5.01
4.05508	485.00	0	5.01
4.06108	471.00	0	5.01
4.06609	413.00	1	5.01
4.07061	307.00	0	5.01
4.07542	273.00	0	5.01
4.08107	260.00	0	5.01
4.08603	252.00	0	5.01
4.09102	256.00	0	5.01
4.09575	252.00	0	5.01
4.10095	258.00	0	5.01
4.10564	261.00	0	5.01
4.11087	265.00	0	5.01
4.11550	288.00	0	5.01
4.12072	377.00	1	5.01
4.12540	434.00	0	5.01
4.13080	462.00	0	5.01
4.13564	631.00	0	5.01
4.14032	482.00	0	5.01
4.14508	484.00	0	5.01
4.15008	488.00	0	5.01
4.15614	476.00	0	5.01
4.16045	446.00	0	5.01
4.16573	358.00	1	5.01
4.17043	281.00	0	5.01
4.17502	268.00	0	5.01
4.18119	265.00	0	5.01
4.18606	257.00	0	5.01
4.19011	257.00	0	5.01
4.19597	250.00	0	5.01
4.20082	258.00	0	5.01
4.20548	261.00	0	5.01
4.21016	274.00	0	5.01
4.21527	337.00	1	5.01
4.22112	446.00	0	5.01
4.22583	477.00	0	5.01
4.23102	490.00	0	5.01
4.23581	491.00	0	5.01
4.24092	497.00	0	5.01
4.24564	489.00	0	5.01
4.25094	488.00	0	5.01
4.25574	466.00	0	5.01
4.26037	403.00	1	5.01
4.26567	302.00	0	5.01
4.27038	266.00	0	5.15
4.27509	263.00	0	5.15
4.28088	255.00	0	5.15
4.28580	252.00	0	5.15
4.29056	256.00	0	5.15
4.29551	255.00	0	5.15
4.30042	265.00	0	5.15
4.30581	271.00	0	5.15
4.31018	304.00	1	5.15
4.31599	413.00	0	5.15
4.32061	448.00	0	5.15
4.32521	472.00	0	5.15
4.33045	480.00	0	5.15
4.33573	484.00	0	5.15
4.34064	491.00	0	5.15
4.34600	486.00	0	5.15
4.35065	479.00	0	5.15
4.35531	430.00	1	5.15
4.36009	339.00	0	5.15
4.36576	275.00	0	5.15
4.37010	264.00	0	5.15
4.37551	265.00	0	5.15
4.38020	257.00	0	5.15
4.38514	254.00	0	5.15
4.39073	257.00	0	5.15
4.39568	257.00	0	5.15
4.40086	267.00	0	5.15
4.40555	292.00	0	5.15
4.41018	386.00	0	5.15
4.41593	464.00	1	5.15
4.42067	482.00	0	5.15
4.42537	496.00	0	5.15
4.43013	494.00	0	5.15
4.43592	492.00	0	5.15
4.44060	490.00	0	5.15
4.44526	479.00	0	5.15
4.45100	444.00	1	5.15
4.45571	354.00	0	5.15
4.46029	284.00	0	5.15
4.46503	266.00	0	5.15
4.47081	254.00	0	5.15
4.47550	254.00	0	5.15
4.48023	252.00	0	5.15
4.48606	253.00	0	5.15
4.49033	260.00	0	5.15
4.49527	263.00	0	5.15
4.50007	277.00	0	5.15
4.50512	346.00	1	5.15
4.51122	433.00	0	5.15
4.51526	457.00	0	5.15
4.52103	473.00	0	5.13
4.52507	484.00	0	5.13
4.53088	485.00	0	5.13
4.53574	485.00	0	5.13
4.54097	484.00	0	5.13
4.54511	464.00	0	5.13
4.55098	397.00	1	5.13
4.55567	300.00	0	5.13
4.56091	267.00	0	5.13
4.56563	267.00	0	5.13
4.57082	257.00	0	5.13
4.57605	257.00	0	5.13
4.58081	254.00	0	5.13
4.58553	254.00	0	5.13
4.59074	264.00	0	5.13
4.59549	271.00	0	5.13
4.60041	313.00	1	5.13
4.60518	423.00	0	5.13
4.61081	469.00	0	5.13
4.61598	490.00	0	5.13
4.62084	490.00	0	5.13
4.62550	496.00	0	5.13
4.63067	493.00	0	5.13
4.63553	488.00	0	5.13
4.64013	483.00	0	5.13
4.64503	451.00	1	5.13
4.65102	341.00	0	5.13
4.65564	280.00	0	5.13
4.66056	262.00	0	5.13
4.66542	260.00	0	5.13
4.67004	252.00	0	5.13
4.67605	255.00	0	5.13
4.68078	256.00	0	5.13
4.68552	261.00	0	5.13
4.69031	268.00	0	5.13
4.69605	285.00	0	5.13
4.70072	370.00	1	5.13
4.70567	432.00	0	5.13
4.71034	457.00	0	5.13
4.71501	475.00	0	5.13
4.72079	478.00	0	5.13
4.72551	487.00	0	5.13
4.73047	487.00	0	5.13
4.73510	486.00	0	5.13
4.74098	469.00	0	5.13
4.74594	403.00	1	5.13
4.75086	307.00	0	5.13
4.75548	270.00	0	5.13
4.76059	264.00	0	5.13
4.76531	264.00	0	5.13
4.77103	254.00	0	5.13
4.77568	256.00	0	5.13
4.78040	254.00	0	5.13
4.78523	260.00	0	5.13
4.79004	269.00	0	5.13
4.79593	314.00	1	5.13
4.80066	422.00	0	5.13
4.80540	463.00	0	5.13
4.81048	481.00	0	5.13
4.81554	493.00	0	5.13
4.82059	499.00	0	5.13
4.82558	494.00	0	5.13
4.83066	487.00	0	5.13
4.83551	482.00	0	5.13
4.84032	459.00	0	5.13
4.84523	358.00	0	5.13
4.85107	278.00	1	5.13
4.85583	263.00	0	5.13
4.86070	256.00	0	5.13
4.86582	255.00	0	5.13
4.87072	251.00	0	5.13
4.87552	255.00	0	5.13
4.88040	258.00	0	5.13
4.88523	265.00	0	5.13
4.89006	276.00	0	5.13
4.89580	355.00	1	5.13
4.90050	423.00	0	5.13
4.90528	453.00	0	5.13
4.91100	471.00	0	5.13
4.91572	482.00	0	5.13
4.92040	481.00	0	5.13
4.92513	489.00	0	5.13
4.93119	483.00	0	5.13
4.93602	466.00	0	5.13
4.94065	416.00	1	5.13
4.94537	310.00	0	5.13
4.95002	273.00	0	5.13
4.95577	264.00	0	5.13
4.96057	260.00	0	5.13
4.96522	256.00	0	5.13
4.97100	251.00	0	5.13
4.97564	256.00	0	5.13
4.98064	259.00	0	5.13
4.98535	265.00	0	5.13
4.99005	296.00	1	5.13
4.99501	390.00	0	5.13
5.00075	462.00	0	5.13
5.00567	479.00	0	5.13
5.01053	491.00	0	5.13
5.01516	492.00	0	5.13
5.02007	490.00	0	5.15
5.02592	489.00	0	5.15
5.03087	480.00	0	5.15
5.03550	451.00	1	5.15
5.04018	366.00	0	5.15
5.04595	275.00	0	5.15
5.05061	263.00	0	5.15
5.05528	256.00	0	5.15
5.06106	252.00	0	5.15
5.06596	256.00	0	5.15
5.07075	254.00	0	5.15
5.07556	261.00	0	5.15
5.08028	264.00	0	5.15
5.08599	277.00	0	5.15
5.09063	347.00	1	5.15
5.09542	415.00	0	5.15
5.10023	453.00	0	5.15
5.10591	472.00	0	5.15
5.11055	479.00	0	5.15
5.11511	484.00	0	5.15
5.12088	483.00	0	5.15
5.12587	486.00	0	5.15
5.13051	468.00	0	5.15
5.13540	418.00	1	5.15
5.14011	318.00	0	5.15
5.14590	266.00	0	5.15
5.15062	266.00	0	5.15
5.15526	260.00	0	5.15
5.16103	255.00	0	5.15
5.16589	257.00	0	5.15
5.17054	252.00	0	5.15
5.17554	261.00	0	5.15
5.18043	266.00	0	5.15
5.18514	291.00	1	5.15
5.19105	408.00	0	5.15
5.19566	457.00	0	5.15
5.20030	482.00	0	5.15
5.20605	496.00	0	5.15
5.21069	494.00	0	5.15
5.21532	494.00	0	5.15
5.22019	488.00	0	5.15
5.22505	485.00	0	5.15
5.23080	441.00	1	5.15
5.23570	331.00	0	5.15
5.24031	279.00	0	5.15
5.24599	258.00	0	5.15
5.25075	258.00	0	5.15
5.25546	254.00	0	5.15
5.26022	253.00	0	5.15
5.26592	258.00	0	5.15
5.27075	259.00	0	5.12
5.27537	267.00	0	5.12
5.28018	278.00	0	5.12
5.28588	369.00	0	5.12
5.29050	432.00	1	5.12
5.29544	454.00	0	5.12
5.30020	479.00	0	5.12
5.30602	479.00	0	5.12
5.31068	485.00	0	5.12
5.31534	489.00	0	5.12
5.32000	480.00	0	5.12
5.32575	460.00	0	5.12
5.33062	380.00	1	5.12
5.33525	291.00	0	5.12
5.34003	268.00	0	5.12
5.34579	263.00	0	5.12
5.35060	260.00	0	5.12
5.35570	254.00	0	5.12
5.36052	253.00	0	5.12
5.36514	257.00	0	5.12
5.37099	261.00	0	5.12
5.37504	275.00	0	5.12
5.38021	336.00	1	5.12
5.38533	443.00	0	5.12
5.39058	477.00	0	5.12
5.39538	488.00	0	5.12
5.40094	493.00	0	5.12
5.40582	494.00	0	5.12
5.41100	487.00	0	5.12
5.41589	484.00	0	5.12
5.42003	460.00	0	5.12
5.42600	359.00	0	5.12
5.43094	282.00	1	5.12
5.43507	265.00	0	5.12
5.44104	258.00	0	5.12
5.44516	251.00	0	5.12
5.45032	255.00	0	5.12
5.45520	254.00	0	5.12
5.46085	257.00	0	5.12
5.46578	267.00	0	5.12
5.47100	274.00	0	5.12
5.47508	324.00	1	5.12
5.48029	411.00	0	5.12
5.48515	451.00	0	5.12
5.49077	475.00	0	5.12
5.49566	480.00	0	5.12
5.50069	486.00	0	5.12
5.50579	487.00	0	5.12
5.51102	482.00	0	5.12
5.51602	465.00	0	5.12
5.52038	407.00	1	5.42
5.52554	297.00	0	5.42
5.53099	269.00	0	5.42
5.53582	262.00	0	5.42
5.54009	262.00	0	5.42
5.54607	253.00	0	5.42
5.55097	253.00	0	5.42
5.55514	253.00	0	5.42
5.56000	258.00	0	5.42
5.56517	266.00	0	5.42
5.57028	302.00	1	5.42
5.57530	418.00	0	5.42
5.58043	467.00	0	5.42
5.58565	488.00	0	5.42
5.59055	494.00	0	5.42
5.59528	493.00	0	5.42
5.60036	495.00	0	5.42
5.60511	486.00	0	5.42
5.61092	474.00	0	5.42
5.61558	434.00	1	5.42
5.62017	330.00	0	5.42
5.62587	273.00	0	5.42
5.63055	260.00	0	5.42
5.63514	255.00	0	5.42
5.64088	254.00	0	5.42
5.64560	251.00	0	5.42
5.65044	256.00	0	5.42
5.65536	258.00	0	5.42
5.66010	265.00	0	5.42
5.66607	282.00	0	5.42
5.67082	357.00	1	5.42
5.67551	428.00	0	5.42
5.68033	454.00	0	5.42
5.68517	474.00	0	5.42
5.69098	484.00	0	5.42
5.69572	483.00	0	5.42
5.70039	488.00	0	5.42
5.70510	481.00	0	5.42
5.71105	461.00	0	5.42
5.71574	410.00	1	5.42
5.72065	302.00	0	5.42
5.72528	273.00	0	5.42
5.73094	264.00	0	5.42
5.73602	257.00	0	5.42
5.74072	257.00	0	5.42
5.74608	252.00	0	5.42
5.75100	255.00	0	5.42
5.75568	258.00	0	5.42
5.76056	265.00	0	5.42
5.76545	298.00	1	5.42
5.77015	398.00	0	5.42
5.77596	465.00	0	5.12
5.78084	482.00	0	5.12
5.78558	490.00	0	5.12
5.79062	493.00	0	5.12
5.79551	490.00	0	5.12
5.80020	490.00	0	5.12
5.80517	481.00	0	5.12
5.81004	464.00	0	5.12
5.81586	378.00	1	5.12
5.82068	284.00	0	5.12
5.82531	266.00	0	5.12
5.83020	254.00	0	5.12
5.83519	250.00	0	5.12
5.84093	254.00	0	5.12
5.84529	251.00	0	5.12
5.85001	256.00	0	5.12
5.85573	262.00	0	5.12
5.86035	267.00	0	5.12
5.86502	314.00	1	5.12
5.87092	411.00	0	5.12
5.87554	450.00	0	5.12
5.88025	464.00	0	5.12
5.88606	477.00	0	5.12
5.89106	484.00	0	5.12
5.89500	481.00	0	5.12
5.90093	483.00	0	5.12
5.90582	468.00	0	5.12
5.91054	431.00	1	5.12
5.91520	344.00	0	5.12
5.92102	269.00	0	5.12
5.92587	263.00	0	5.12
5.93059	260.00	0	5.12
5.93535	253.00	0	5.12
5.94011	253.00	0	5.12
5.94600	248.00	0	5.12
5.95077	255.00	0	5.12
5.95552	258.00	0	5.12
5.96023	273.00	0	5.12
5.96601	368.00	0	5.12
5.97062	440.00	1	5.12
5.97525	472.00	0	5.12
5.98101	484.00	0	5.12
5.98575	490.00	0	5.12
5.99047	491.00	0	5.12
5.99516	486.00	0	5.12
6.00002	483.00	0	5.12
6.00605	467.00	0	5.12
6.01098	409.00	1	5.12
6.01546	325.00	0	5.12
6.02035	268.00	0	5.12
6.02562	258.00	0	5.13
6.03055	252.00	0	5.13
6.03552	248.00	0	5.13
6.04052	252.00	0	5.13
6.04554	250.00	0	5.13
6.05027	258.00	0	5.13
6.05606	266.00	0	5.13
6.06080	281.00	0	5.13
6.06556	370.00	1	5.13
6.07036	425.00	0	5.13
6.07501	455.00	0	5.13
6.08076	470.00	0	5.13
6.08558	476.00	0	5.13
6.09024	482.00	0	5.13
6.09603	479.00	0	5.13
6.10077	480.00	0	5.13
6.10553	464.00	0	5.13
6.11031	415.00	1	5.13
6.11503	319.00	0	5.13
6.12071	265.00	0	5.13
6.12545	261.00	0	5.13
6.13014	257.00	0	5.13
6.13589	251.00	0	5.13
6.14061	252.00	0	5.13
6.14539	249.00	0	5.13
6.15008	257.00	0	5.13
6.15588	264.00	0	5.13
6.16057	295.00	1	5.13
6.16522	395.00	0	5.13
6.17090	456.00	0	5.13
6.17567	477.00	0	5.13
6.18045	485.00	0	5.13
6.18516	490.00	0	5.13
6.19095	492.00	0	5.13
6.19585	484.00	0	5.13
6.20059	510.00	0	5.13
6.20549	463.00	0	5.13
6.21059	396.00	1	5.13
6.21563	294.00	0	5.13
6.22054	260.00	0	5.13
6.22526	257.00	0	5.13
6.23000	249.00	0	5.13
6.23602	248.00	0	5.13
6.24067	252.00	0	5.13
6.24530	251.00	0	5.13
6.25012	260.00	0	5.13
6.25515	263.00	0	5.13
6.26104	311.00	1	5.13
6.26591	397.00	0	5.13
6.27090	438.00	0	5.13
6.27556	459.00	0	5.12
6.28012	470.00	0	5.12
6.28600	477.00	0	5.12
6.29087	484.00	0	5.12
6.29588	479.00	0	5.12
6.30048	477.00	0	5.12
6.30523	455.00	0	5.12
6.31111	360.00	0	5.12
6.31579	284.00	1	5.12
6.32029	261.00	0	5.12
6.32620	261.00	0	5.12
6.33004	255.00	0	5.12
6.33588	250.00	0	5.12
6.34053	252.00	0	5.12
6.34606	253.00	0	5.12
6.35073	258.00	0	5.12
6.35590	269.00	0	5.12
6.36061	308.00	1	5.12
6.36568	416.00	0	5.12
6.37032	457.00	0	5.12
6.37518	478.00	0	5.12
6.38088	489.00	0	5.12
6.38577	489.00	0	5.12
6.39048	492.00	0	5.12
6.39511	483.00	0	5.12
6.40083	482.00	0	5.12
6.40553	451.00	1	5.12
6.41022	367.00	0	5.12
6.41600	277.00	0	5.12
6.42065	259.00	0	5.12
6.42530	256.00	0	5.12
6.43001	249.00	0	5.12
6.43593	250.00	0	5.12
6.44056	253.00	0	5.12
6.44527	253.00	0	5.12
6.45033	264.00	0	5.12
6.45541	266.00	0	5.12
6.46007	311.00	1	5.12
6.46538	402.00	0	5.12
6.47121	444.00	0	5.12
6.47529	462.00	0	5.12
6.48094	475.00	0	5.12
6.48562	477.00	0	5.12
6.49056	483.00	0	5.12
6.49523	479.00	0	5.12
6.50021	477.00	0	5.12
6.50506	445.00	0	5.12
6.51026	348.00	0	5.12
6.51616	275.00	1	5.12
6.52109	260.00	0	5.12
6.52588	260.00	0	4.99
6.53053	254.00	0	4.99
6.53512	252.00	0	4.99
6.54096	253.00	0	4.99
6.54586	253.00	0	4.99
6.55034	260.00	0	4.99
6.55537	270.00	0	4.99
6.56015	317.00	1	4.99
6.56591	436.00	0	4.99
6.57058	466.00	0	4.99
6.57531	485.00	0	4.99
6.58006	488.00	0	4.99
6.58588	490.00	0	4.99
6.59077	490.00	0	4.99
6.59549	481.00	0	4.99
6.60025	476.00	0	4.99
6.60504	428.00	1	4.99
6.61099	302.00	0	4.99
6.61568	270.00	0	4.99
6.62099	255.00	0	4.99
6.62573	254.00	0	4.99
6.63037	250.00	0	4.99
6.63538	251.00	0	4.99
6.64003	253.00	0	4.99
6.64511	256.00	0	4.99
6.65024	265.00	0	4.99
6.65503	275.00	0	4.99
6.66103	370.00	0	4.99
6.66563	973.00	0	4.99
6.67023	450.00	0	4.99
6.67601	473.00	0	4.99
6.68070	475.00	0	4.99
6.68555	481.00	0	4.99
6.69027	484.00	0	4.99
6.69604	476.00	0	4.99
6.70072	464.00	0	4.99
6.70539	407.00	0	4.99
6.71017	305.00	0	4.99
6.71585	269.00	0	4.99
6.72054	260.00	0	4.99
6.72524	261.00	0	4.99
6.73104	255.00	0	4.99
6.73581	253.00	0	4.99
6.74061	254.00	0	4.99
6.74531	253.00	0	4.99
6.75026	262.00	0	4.99
6.75587	286.00	0	4.99
6.76053	367.00	1	4.99
6.76519	446.00	0	4.99
6.77003	470.00	0	4.99
6.77579	487.00	0	3.33
6.78050	489.00	0	3.33
6.78519	491.00	0	3.33
6.79097	486.00	0	3.33
6.79596	479.00	0	3.33
6.80063	462.00	0	3.33
6.80532	389.00	1	3.33
6.81009	293.00	0	3.33
6.81576	264.00	0	3.33
6.82044	253.00	0	3.33
6.82517	253.00	0	3.33
6.83093	250.00	0	3.33
6.83564	249.00	0	3.33
6.84035	254.00	0	3.33
6.84502	254.00	0	3.33
6.85088	264.00	0	3.33
6.85580	283.00	0	3.33
6.86000	353.00	1	3.33
6.86597	429.00	0	3.33
6.87085	451.00	0	3.33
6.87579	472.00	0	3.33
6.88048	476.00	0	3.33
6.88516	481.00	0	3.33
6.89043	484.00	0	3.33
6.89551	477.00	0	3.33
6.90039	467.00	0	3.33
6.90557	408.00	1	3.33
6.91045	308.00	0	3.33
6.91521	271.00	0	3.33
6.92005	259.00	0	3.33
6.92589	259.00	0	3.33
6.93060	252.00	0	3.33
6.93538	251.00	0	3.33
6.94018	251.00	0	3.33
6.94539	252.00	0	3.33
6.95015	262.00	0	3.33
6.95504	273.00	0	3.33
6.96080	360.00	1	3.33
6.96553	446.00	0	3.33
6.97021	473.00	0	3.33
6.97594	489.00	0	3.33
6.98067	490.00	0	3.33
6.98536	491.00	0	3.33
6.99002	490.00	0	3.33
6.99519	481.00	0	3.33
7.00001	474.00	0	3.33
7.00577	414.00	1	3.33
7.01044	316.00	0	3.33
7.01506	273.00	0	3.33
7.02091	256.00	0	3.33
7.02566	254.00	0	4.99
7.03062	249.00	0	4.99
7.03534	249.00	0	4.99
7.04011	252.00	0	4.99
7.04602	254.00	0	4.99
7.05093	262.00	0	4.99
7.05561	271.00	0	4.99
7.06028	334.00	1	4.99
7.06602	423.00	0	4.99
7.07071	447.00	0	4.99
7.07574	469.00	0	4.99
7.08040	475.00	0	4.99
7.08606	479.00	0	4.99
7.09074	485.00	0	4.99
7.09541	478.00	0	4.99
7.10005	472.00	0	4.99
7.10584	385.00	1	4.99
7.11050	332.00	0	4.99
7.11533	274.00	0	4.99
7.12019	259.00	0	4.99
7.12589	259.00	0	4.99
7.13061	252.00	0	4.99
7.13527	250.00	0	4.99
7.14008	254.00	0	4.99
7.14592	251.00	0	4.99
7.15061	257.00	0	4.99
7.15552	265.00	0	4.99
7.16023	304.00	1	4.99
7.16627	431.00	0	4.99
7.17091	463.00	0	4.99
7.17556	481.00	0	4.99
7.18021	486.00	0	4.99
7.18508	488.00	0	4.99
7.19093	489.00	0	4.99
7.19566	480.00	0	4.99
7.20050	477.00	0	4.99
7.20534	442.00	1	4.99
7.21002	361.00	0	4.99
7.21596	276.00	0	4.99
7.22063	256.00	0	4.99
7.22549	253.00	0	4.99
7.23035	248.00	0	4.99
7.23504	249.00	0	4.99
7.24091	252.00	0	4.99
7.24560	250.00	0	4.99
7.25071	259.00	0	4.99
7.25541	263.00	0	4.99
7.26005	301.00	1	4.99
7.26592	407.00	0	4.99
7.27057	440.00	0	4.99
7.27531	461.00	0	5.01
7.28002	472.00	0	5.01
7.28576	476.00	0	5.01
7.29060	482.00	0	5.01
7.29533	476.00	0	5.01
7.30115	472.00	0	5.01
7.30597	448.00	0	5.01
7.31073	374.00	1	5.01
7.31542	292.00	0	5.01
7.32023	260.00	0	5.01
7.32611	576.00	0	5.01
7.33074	253.00	0	5.01
7.33536	250.00	0	5.01
7.34018	250.00	0	5.01
7.34550	247.00	0	5.01
7.35020	256.00	0	5.01
7.35551	260.00	0	5.01
7.36022	290.00	1	5.01
7.36551	399.00	0	5.01
7.37009	450.00	0	5.01
7.37530	477.00	0	5.01
7.38002	483.00	0	5.01
7.38541	492.00	0	5.01
7.39073	489.00	0	5.01
7.39543	482.00	0	5.01
7.40012	483.00	0	5.01
7.40591	463.00	0	5.01
7.41058	414.00	1	5.01
7.41528	313.00	0	5.01
7.42097	262.00	0	5.01
7.42565	256.00	0	5.01
7.43074	250.00	0	5.01
7.43555	248.00	0	5.01
7.44013	250.00	0	5.01
7.44595	249.00	0	5.01
7.45082	257.00	0	5.01
7.45548	260.00	0	5.01
7.46014	270.00	0	5.01
7.46581	350.00	1	5.01
7.47048	413.00	0	5.01
7.47534	451.00	0	5.01
7.48020	464.00	0	5.01
7.48540	473.00	0	5.01
7.49028	479.00	0	5.01
7.49544	479.00	0	5.01
7.50029	480.00	0	5.01
7.50555	469.00	0	5.01
7.51040	441.00	0	5.01
7.51558	348.00	0	5.01
7.52043	275.00	1	5.01
7.52543	262.00	0	4.77
7.53069	259.00	0	4.77
7.53554	253.00	0	4.77
7.54061	253.00	0	4.77
7.54567	247.00	0	4.77
7.55080	126.00	0	4.77
7.55588	258.00	0	4.77
7.56057	268.00	0	4.77
7.56526	314.00	1	4.77
7.57104	428.00	0	4.77
7.57567	627.00	0	4.77
7.58027	475.00	0	4.77
7.58588	486.00	0	4.77
7.59052	490.00	0	4.77
7.59516	485.00	0	4.77
7.60004	487.00	0	4.77
7.60503	59.00	0	4.77
7.61070	454.00	0	4.77
7.61530	389.00	1	4.77
7.62001	288.00	0	4.77
7.62569	262.00	0	4.77
7.63037	252.00	0	4.77
7.63606	249.00	0	4.77
7.64080	250.00	0	4.77
7.64560	247.00	0	4.77
7.65048	253.00	0	4.77
7.65537	257.00	0	4.77
7.66025	263.00	0	4.77
7.66505	289.00	0	4.77
7.67096	388.00	0	4.77
7.67560	432.00	1	4.77
7.68030	452.00	0	4.77
7.68605	469.00	0	4.77
7.69076	478.00	0	4.77
7.69550	476.00	0	4.77
7.70017	482.00	0	4.77
7.70594	476.00	0	4.77
7.71076	459.00	0	4.77
7.71538	414.00	1	4.77
7.72023	305.00	0	4.77
7.72593	264.00	0	4.77
7.73063	259.00	0	4.77
7.73542	257.00	0	4.77
7.74026	253.00	0	4.77
7.74595	249.00	0	4.77
7.75063	252.00	0	4.77
7.75564	254.00	0	4.77
7.76050	259.00	0	4.77
7.76533	279.00	0	4.77
7.77095	361.00	1	4.77
7.77583	443.00	0	4.86
7.78047	467.00	0	4.86
7.78562	483.00	0	4.86
7.79032	489.00	0	4.86
7.79511	488.00	0	4.86
7.80032	489.00	0	4.86
7.80515	482.00	0	4.86
7.81100	470.00	0	4.86
7.81582	434.00	1	4.86
7.82051	324.00	0	4.86
7.82514	276.00	0	4.86
7.83026	256.00	0	4.86
7.83606	250.00	0	4.86
7.84093	250.00	0	4.86
7.84572	248.00	0	4.86
7.85045	251.00	0	4.86
7.85512	252.00	0	4.86
7.86086	259.00	0	4.86
7.86554	271.00	0	4.86
7.87030	320.00	1	4.86
7.87602	412.00	0	4.86
7.88064	444.00	0	4.86
7.88534	461.00	0	4.86
7.89002	473.00	0	4.86
7.89569	474.00	0	4.86
7.90037	482.00	0	4.86
7.90503	477.00	0	4.86
7.91095	466.00	0	4.86
7.91585	437.00	1	4.86
7.92096	327.00	0	4.86
7.92563	274.00	0	4.86
7.93089	259.00	0	4.86
7.93558	256.00	0	4.86
7.94143	254.00	0	4.86
7.94540	249.00	0	4.86
7.95014	250.00	0	4.86
7.95628	254.00	0	4.86
7.96090	256.00	0	4.86
7.96593	271.00	0	4.86
7.97067	316.00	1	4.86
7.97535	419.00	0	4.86
7.98105	464.00	0	4.86
7.98584	479.00	0	4.86
7.99052	487.00	0	4.86
7.99520	486.00	0	4.86
8.00021	488.00	0	4.86
8.00593	481.00	0	4.86
8.01065	474.00	0	4.86
8.01537	442.00	1	4.86
8.02006	344.00	0	4.86
8.02570	272.00	0	4.86
8.03046	256.00	0	5.01
8.03511	252.00	0	5.01
8.04087	250.00	0	5.01
8.04566	247.00	0	5.01
8.05036	251.00	0	5.01
8.05525	252.00	0	5.01
8.06002	258.00	0	5.01
8.06589	269.00	0	5.01
8.07081	318.00	1	5.01
8.07564	402.00	0	5.01
8.08059	442.00	0	5.01
8.08547	460.00	0	5.01
8.09016	474.00	0	5.01
8.09596	473.00	0	5.01
8.10070	481.00	0	5.01
8.10557	477.00	0	5.01
8.11024	472.00	0	5.01
8.11591	443.00	0	5.01
8.12076	346.00	0	5.01
8.12531	280.00	1	5.01
8.13020	259.00	0	5.01
8.13595	256.00	0	5.01
8.14070	255.00	0	5.01
8.14544	247.00	0	5.01
8.15016	251.00	0	5.01
8.15508	248.00	0	5.01
8.16086	252.00	0	5.01
8.16556	263.00	0	5.01
8.17042	293.00	1	5.01
8.17510	395.00	0	5.01
8.18087	456.00	0	5.01
8.18579	475.00	0	5.01
8.19059	485.00	0	5.01
8.19538	485.00	0	5.01
8.20027	486.00	0	5.01
8.20528	479.00	0	5.01
8.21011	474.00	0	5.01
8.21584	441.00	1	5.01
8.22068	340.00	0	5.01
8.22532	278.00	0	5.01
8.23018	256.00	0	5.01
8.23593	249.00	0	5.01
8.24060	249.00	0	5.01
8.24523	245.00	0	5.01
8.25105	249.00	0	5.01
8.25578	255.00	0	5.01
8.26046	256.00	0	5.01
8.26546	263.00	0	5.01
8.27042	299.00	1	5.01
8.27515	391.00	0	5.01
8.28002	433.00	0	5.01
8.28594	457.00	0	5.01
8.29068	472.00	0	5.01
8.29541	473.00	0	5.01
8.30007	480.00	0	5.01
8.30511	475.00	0	5.01
8.31095	464.00	0	5.01
8.31562	434.00	1	5.01
8.32077	325.00	0	5.01
8.32538	274.00	0	5.01
8.33004	258.00	0	5.01
8.33518	257.00	0	5.01
8.34091	253.00	0	5.01
8.34592	247.00	0	5.01
8.35062	248.00	0	5.01
8.35525	249.00	0	5.01
8.36019	253.00	0	5.01
8.36596	273.00	0	5.01
8.37060	335.00	1	5.01
8.37558	440.00	0	5.01
8.38048	464.00	0	5.01
8.38516	477.00	0	5.01
8.39097	479.00	0	5.01
8.39564	483.00	0	5.01
8.40032	483.00	0	5.01
8.40502	473.00	0	5.01
8.41076	458.00	0	5.01
8.41601	395.00	1	5.01
8.42094	292.00	0	5.01
8.42570	262.00	0	5.01
8.43044	251.00	0	5.01
8.43509	247.00	0	5.01
8.44080	247.00	0	5.01
8.44587	244.00	0	5.01
8.45090	249.00	0	5.01
8.45557	253.00	0	5.01
8.46060	258.00	0	5.01
8.46566	281.00	0	5.01
8.47089	375.00	0	5.01
8.47577	431.00	1	5.01
8.48086	510.00	0	5.01
8.48561	467.00	0	5.01
8.49015	473.00	0	5.01
8.49611	474.00	0	5.01
8.50021	477.00	0	5.01
8.50603	469.00	0	5.01
8.51097	445.00	0	5.01
8.51511	393.00	1	5.01
8.52012	290.00	0	5.01
8.52586	259.00	0	5.01
8.53053	255.00	0	5.01
8.53582	250.00	0	5.01
8.54050	250.00	0	5.01
8.54519	242.00	0	5.01
8.55135	247.00	0	5.01
8.55522	250.00	0	5.01
8.56097	261.00	0	5.01
8.56517	290.00	1	5.01
8.57097	408.00	0	5.01
8.57571	457.00	0	5.01
8.58021	474.00	0	5.01
8.58593	480.00	0	5.01
8.59028	485.00	0	5.01
8.59602	478.00	0	5.01
8.60070	477.00	0	5.01
8.60597	471.00	0	5.01
8.61062	445.00	0	5.01
8.61542	373.00	1	5.01
8.62046	279.00	0	5.01
8.62509	260.00	0	5.01
8.63101	250.00	0	5.01
8.63503	247.00	0	5.01
8.64076	248.00	0	5.01
8.64544	244.00	0	5.01
8.65025	250.00	0	5.01
8.65611	257.00	0	5.01
8.66036	261.00	0	5.01
8.66521	298.00	1	5.01
8.67106	395.00	0	5.01
8.67570	440.00	0	5.01
8.68057	455.00	0	5.01
8.68541	470.00	0	5.01
8.69049	476.00	0	5.01
8.69548	475.00	0	5.01
8.70041	477.00	0	5.01
8.70520	465.00	0	5.01
8.71027	439.00	0	5.01
8.71606	342.00	0	5.01
8.72076	271.00	1	5.01
8.72560	258.00	0	5.01
8.73031	255.00	0	5.01
8.73550	250.00	0	5.01
8.74022	254.00	0	5.01
8.74598	246.00	0	5.01
8.75001	251.00	0	5.01
8.75579	255.00	0	5.01
8.76050	266.00	0	5.01
8.76531	315.00	1	5.01
8.77002	419.00	0	5.01
8.77565	464.00	0	5.01
8.78037	478.00	0	5.00
8.78604	482.00	0	5.00
8.79073	488.00	0	5.00
8.79545	483.00	0	5.00
8.80013	483.00	0	5.00
8.80594	470.00	0	5.00
8.81066	440.00	1	5.00
8.81534	352.00	0	5.00
8.82008	274.00	0	5.00
8.82586	257.00	0	5.00
8.83059	250.00	0	5.00
8.83531	247.00	0	5.00
8.84107	251.00	0	5.00
8.84594	247.00	0	5.00
8.85080	255.00	0	5.00
8.85555	258.00	0	5.00
8.86036	269.00	0	5.00
8.86606	352.00	1	5.00
8.87074	417.00	0	5.00
8.87545	448.00	0	5.00
8.88008	461.00	0	5.00
8.88598	472.00	0	5.00
8.89080	478.00	0	5.00
8.89544	476.00	0	5.00
8.90037	482.00	0	5.00
8.90534	466.00	0	5.00
8.91002	435.00	1	5.00
8.91578	326.00	0	5.00
8.92041	267.00	0	5.00
8.92515	260.00	0	5.00
8.93096	257.00	0	5.00
8.93569	250.00	0	5.00
8.94043	251.00	0	5.00
8.94518	246.00	0	5.00
8.95024	254.00	0	5.00
8.95605	260.00	0	5.00
8.96093	282.00	0	5.00
8.96575	366.00	1	5.00
8.97041	436.00	0	5.00
8.97513	466.00	0	5.00
8.98133	484.00	0	5.00
8.98550	487.00	0	5.00
8.99032	488.00	0	5.00
8.99520	484.00	0	5.00
9.00095	481.00	0	5.00
9.00565	469.00	0	5.00
9.01060	424.00	1	5.00
9.01528	326.00	0	5.00
9.02098	265.00	0	5.00
9.02573	257.00	0	5.00
9.03048	250.00	0	5.00
9.03543	249.00	0	5.00
9.04033	250.00	0	5.00
9.04606	248.00	0	5.00
9.05072	256.00	0	5.00
9.05577	259.00	0	5.00
9.06041	270.00	0	5.00
9.06506	338.00	1	5.00
9.07106	420.00	0	5.00
9.07594	450.00	0	5.00
9.08101	468.00	0	5.00
9.08588	472.00	0	5.00
9.09033	480.00	0	5.00
9.09558	478.00	0	5.00
9.10053	479.00	0	5.00
9.10556	466.00	0	5.00
9.11071	416.00	1	5.00
9.11569	315.00	0	5.00
9.12058	265.00	0	5.00
9.12552	261.00	0	5.00
9.13061	256.00	0	5.00
9.13552	250.00	0	5.00
9.14049	252.00	0	5.00
9.14541	247.00	0	5.00
9.15046	256.00	0	5.00
9.15538	259.00	0	5.00
9.16029	281.00	0	5.00
9.16518	363.00	1	5.00
9.17022	440.00	0	5.00
9.17519	472.00	0	5.00
9.18011	481.00	0	5.00
9.18508	486.00	0	5.00
9.19053	488.00	0	5.00
9.19597	482.00	0	5.00
9.20030	481.00	0	5.00
9.20580	462.00	0	5.00
9.21018	406.00	1	5.00
9.21552	294.00	0	5.00
9.22026	260.00	0	5.00
9.22566	256.00	0	5.00
9.23106	250.00	0	5.00
9.23537	250.00	0	5.00
9.24071	251.00	0	5.00
9.24608	252.00	0	5.00
9.25043	260.00	0	5.00
9.25573	265.00	0	5.00
9.26102	313.00	1	5.00
9.26534	394.00	0	5.00
9.27078	438.00	0	5.00
9.27501	458.00	0	5.00
9.28041	471.00	0	5.00
9.28586	475.00	0	5.10
9.29006	481.00	0	5.10
9.29581	476.00	0	5.10
9.30061	472.00	0	5.10
9.30546	437.00	1	5.10
9.31031	330.00	0	5.10
9.31572	273.00	0	5.10
9.32065	256.00	0	5.10
9.32596	257.00	0	5.10
9.33105	252.00	0	5.10
9.33559	250.00	0	5.10
9.34005	251.00	0	5.10
9.34567	251.00	0	5.10
9.35034	260.00	0	5.10
9.35583	276.00	0	5.10
9.36027	336.00	1	5.10
9.36584	441.00	0	5.10
9.37064	466.00	0	5.10
9.37612	485.00	0	5.10
9.38083	487.00	0	5.10
9.38560	488.00	0	5.10
9.39036	486.00	0	5.10
9.39532	480.00	0	5.10
9.40011	471.00	0	5.10
9.40589	408.00	1	5.10
9.41090	296.00	0	5.10
9.41583	267.00	0	5.10
9.42058	252.00	0	5.10
9.42539	251.00	0	5.10
9.43039	249.00	0	5.10
9.43526	249.00	0	5.10
9.44118	254.00	0	5.10
9.44575	257.00	0	5.10
9.45034	264.00	0	5.10
9.45540	283.00	0	5.10
9.46073	364.00	1	5.10
9.46540	425.00	0	5.10
9.47053	451.00	0	5.10
9.47518	468.00	0	5.10
9.48091	475.00	0	5.10
9.48583	479.00	0	5.10
9.49016	483.00	0	5.10
9.49553	474.00	0	5.10
9.50096	458.00	0	5.10
9.50532	404.00	1	5.10
9.51073	292.00	0	5.10
9.51553	265.00	0	5.10
9.52028	258.00	0	5.10
9.52592	256.00	0	5.10
9.53094	252.00	0	5.10
9.53579	248.00	0	5.00
9.54005	251.00	0	5.00
9.54520	252.00	0	5.00
9.55055	261.00	0	5.00
9.55548	282.00	0	5.00
9.56022	365.00	1	5.00
9.56560	454.00	0	5.00
9.57072	472.00	0	5.00
9.57579	485.00	0	5.00
9.58019	486.00	0	5.00
9.58505	488.00	0	5.00
9.59097	486.00	0	5.00
9.59509	477.00	0	5.00
9.60085	457.00	0	5.00
9.60564	376.00	1	5.00
9.61041	285.00	0	5.00
9.61503	264.00	0	5.00
9.62075	252.00	0	5.00
9.62549	252.00	0	5.00
9.63029	248.00	0	5.00
9.63502	251.00	0	5.00
9.64081	255.00	0	5.00
9.64570	256.00	0	5.00
9.65043	265.00	0	5.00
9.65555	288.00	0	5.00
9.66055	378.00	0	5.00
9.66518	432.00	1	5.00
9.67010	454.00	0	5.00
9.67615	475.00	0	5.00
9.68007	475.00	0	5.00
9.68502	483.00	0	5.00
9.69105	484.00	0	5.00
9.69602	474.00	0	5.00
9.70066	456.00	0	5.00
9.70575	363.00	0	5.00
9.71067	284.00	1	5.00
9.71538	265.00	0	5.00
9.72021	259.00	0	5.00
9.72519	259.00	0	5.00
9.73119	253.00	0	5.00
9.73514	249.00	0	5.00
9.74095	253.00	0	5.00
9.74571	248.00	0	5.00
9.75045	265.00	0	5.00
9.75520	291.00	0	5.00
9.76102	414.00	0	5.00
9.76561	460.00	1	5.00
9.77031	477.00	0	5.00
9.77503	489.00	0	5.00
9.78082	490.00	0	5.00
9.78576	485.00	0	4.87
9.79105	487.00	0	4.87
9.79595	467.00	0	4.87
9.80019	438.00	1	4.87
9.80509	329.00	0	4.87
9.81104	267.00	0	4.87
9.81606	259.00	0	4.87
9.82096	250.00	0	4.87
9.82607	250.00	0	4.87
9.83107	250.00	0	4.87
9.83596	249.00	0	4.87
9.84074	256.00	0	4.87
9.84555	259.00	0	4.87
9.85036	270.00	0	4.87
9.85516	324.00	1	4.87
9.86008	409.00	0	4.87
9.86518	447.00	0	4.87
9.87028	463.00	0	4.87
9.87522	477.00	0	4.87
9.88002	477.00	0	4.87
9.88602	479.00	0	4.87
9.89077	482.00	0	4.87
9.89551	463.00	0	4.87
9.90050	421.00	1	4.87
9.90520	316.00	0	4.87
9.91103	264.00	0	4.87
9.91580	262.00	0	4.87
9.92052	255.00	0	4.87
9.92534	254.00	0	4.87
9.93007	249.00	0	4.87
9.93509	248.00	0	4.87
9.94011	255.00	0	4.87
9.94587	260.00	0	4.87
9.95059	286.00	0	4.87
9.95524	373.00	1	4.87
9.96024	451.00	0	4.87
9.96598	481.00	0	4.87
9.97065	484.00	0	4.87
9.97526	490.00	0	4.87
9.98103	488.00	0	4.87
9.98572	481.00	0	4.87
9.99051	479.00	0	4.87
9.99516	454.00	0	4.87
10.00086	377.00	1	4.87
